0 0.36944444444444446 0.13055555555555556 0.1361111111111111 0.2611111111111111
0 0.25625 0.14444444444444443 0.16805555555555557 0.24305555555555555
0 0.11041666666666666 0.20694444444444443 0.22083333333333333 0.3388888888888889
0 0.3034722222222222 0.3729166666666667 0.24861111111111112 0.32916666666666666
0 0.2965277777777778 0.04027777777777778 0.2375 0.08055555555555556
0 0.6076388888888888 0.12222222222222222 0.3375 0.24444444444444444
0 0.45625 0.09722222222222222 0.034722222222222224 0.19444444444444445
0 0.8375 0.26875 0.32222222222222224 0.5375
0 0.5534722222222223 0.3680555555555556 0.22916666666666666 0.3388888888888889
0 0.8972222222222223 0.46319444444444446 0.20277777777777778 0.1486111111111111
0 0.17777777777777778 0.9451388888888889 0.19444444444444445 0.10694444444444444
0 0.2673611111111111 0.7263888888888889 0.3402777777777778 0.375
0 0.10069444444444445 0.7423611111111111 0.2013888888888889 0.40694444444444444
0 0.475 0.7965277777777777 0.07222222222222222 0.11527777777777778
0 0.8409722222222222 0.8034722222222223 0.09027777777777778 0.11805555555555555
0 0.5034722222222222 0.5888888888888889 0.059722222222222225 0.06527777777777778
0 0.49930555555555556 0.5548611111111111 0.10416666666666667 0.03194444444444444
0 0.8680555555555556 0.6541666666666667 0.1361111111111111 0.11458333333333333
0 0.9354166666666667 0.8090277777777778 0.11319444444444444 0.06736111111111111
0 0.5770833333333333 0.8555555555555555 0.07152777777777777 0.10416666666666667
0 0.5277777777777778 0.9645833333333333 0.17777777777777778 0.06805555555555555
0 0.7263888888888889 0.8868055555555555 0.28055555555555556 0.22361111111111112
0 0.9236111111111112 0.9756944444444444 0.10555555555555556 0.04583333333333333
0 0.8166666666666667 0.9736111111111111 0.06666666666666667 0.05
0 0.9333333333333333 0.5631944444444444 0.06944444444444445 0.04861111111111111
0 0.8256944444444444 0.5604166666666667 0.08194444444444444 0.043055555555555555
0 0.7722222222222223 0.6597222222222222 0.07916666666666666 0.08888888888888889
0 0.6701388888888888 0.8 0.11597222222222223 0.12291666666666666
0 0.6659722222222222 0.7520833333333333 0.08055555555555556 0.07083333333333333
0 0.6194444444444445 0.6868055555555556 0.05625 0.07847222222222222
0 0.5625 0.6979166666666666 0.06527777777777778 0.11180555555555556
0 0.9277777777777778 0.7409722222222223 0.125 0.09513888888888888
0 0.8222222222222222 0.7381944444444445 0.09930555555555555 0.1
0 0.6888888888888889 0.6020833333333333 0.1111111111111111 0.12638888888888888