0 0.5159722222222223 0.3611111111111111 0.20416666666666666 0.21388888888888888
0 0.36527777777777776 0.37916666666666665 0.18055555555555555 0.17777777777777778
0 0.20833333333333334 0.38680555555555557 0.2388888888888889 0.1625
0 0.17916666666666667 0.15902777777777777 0.26666666666666666 0.31805555555555554
0 0.4083333333333333 0.175 0.25277777777777777 0.35
0 0.5736111111111111 0.19166666666666668 0.08888888888888889 0.3527777777777778
0 0.7055555555555556 0.31319444444444444 0.17222222222222222 0.30972222222222223
0 0.7833333333333333 0.1625 0.26944444444444443 0.325
0 0.6888888888888889 0.21458333333333332 0.1388888888888889 0.3034722222222222
0 0.9055555555555556 0.30277777777777776 0.18611111111111112 0.225
0 0.07708333333333334 0.8118055555555556 0.15416666666666667 0.2625
0 0.2625 0.84375 0.23194444444444445 0.2875
0 0.12708333333333333 0.9444444444444444 0.25416666666666665 0.10833333333333334
0 0.38472222222222224 0.5375 0.2833333333333333 0.1361111111111111
0 0.2222222222222222 0.6284722222222222 0.27847222222222223 0.28125
0 0.4576388888888889 0.7763888888888889 0.23958333333333334 0.39791666666666664
0 0.775 0.65 0.3111111111111111 0.3611111111111111
0 0.6694444444444444 0.8604166666666667 0.1 0.2791666666666667
0 0.9541666666666667 0.5263888888888889 0.08888888888888889 0.11388888888888889
0 0.8472222222222222 0.8138888888888889 0.225 0.2743055555555556
0 0.8833333333333333 0.7729166666666667 0.23055555555555557 0.4513888888888889