0 0.4027777777777778 0.12152777777777778 0.2111111111111111 0.24305555555555555
0 0.25069444444444444 0.125 0.1763888888888889 0.25
0 0.10625 0.18680555555555556 0.2125 0.3541666666666667
0 0.45694444444444443 0.32013888888888886 0.10277777777777777 0.35694444444444445
0 0.29930555555555555 0.34375 0.25972222222222224 0.30972222222222223
0 0.5659722222222222 0.35347222222222224 0.1125 0.2902777777777778
0 0.8104166666666667 0.09930555555555555 0.24305555555555555 0.1986111111111111
0 0.6048611111111111 0.13402777777777777 0.19027777777777777 0.26805555555555555
0 0.8618055555555556 0.1951388888888889 0.1951388888888889 0.1875
0 0.7701388888888889 0.35694444444444445 0.25416666666666665 0.2833333333333333
0 0.25416666666666665 0.7986111111111112 0.5083333333333333 0.4
0 0.25416666666666665 0.7493055555555556 0.5083333333333333 0.4986111111111111
0 0.5722222222222222 0.8625 0.125 0.2722222222222222
0 0.6041666666666666 0.6361111111111111 0.18888888888888888 0.2722222222222222
0 0.6993055555555555 0.8270833333333333 0.20833333333333334 0.2152777777777778
0 0.6854166666666667 0.9590277777777778 0.34305555555555556 0.07916666666666666
0 0.7631944444444444 0.6201388888888889 0.23472222222222222 0.24027777777777778
0 0.8895833333333333 0.7854166666666667 0.21805555555555556 0.3902777777777778