0 0.25625 0.43819444444444444 0.17291666666666666 0.24444444444444444
0 0.44513888888888886 0.46875 0.21597222222222223 0.26805555555555555
0 0.10555555555555556 0.5638888888888889 0.16944444444444445 0.18888888888888888
0 0.3145833333333333 0.5847222222222223 0.24305555555555555 0.14722222222222223
0 0.46458333333333335 0.6090277777777777 0.1875 0.09861111111111111
0 0.30694444444444446 0.07569444444444444 0.20555555555555555 0.15138888888888888
0 0.16527777777777777 0.10208333333333333 0.2 0.20416666666666666
0 0.49236111111111114 0.12291666666666666 0.13194444444444445 0.24583333333333332
0 0.40694444444444444 0.26805555555555555 0.2590277777777778 0.2625
0 0.42569444444444443 0.011805555555555555 0.12361111111111112 0.02361111111111111
0 0.10694444444444444 0.3215277777777778 0.21388888888888888 0.24027777777777778
0 0.5361111111111111 0.40555555555555556 0.044444444444444446 0.37222222222222223
0 0.5881944444444445 0.20208333333333334 0.05694444444444444 0.0875
0 0.5743055555555555 0.5993055555555555 0.029166666666666667 0.11805555555555555
0 0.8881944444444444 0.5993055555555555 0.09027777777777778 0.11527777777777778
0 0.8625 0.10555555555555556 0.04236111111111111 0.03333333333333333
0 0.7534722222222222 0.13402777777777777 0.06319444444444444 0.10902777777777778
0 0.9354166666666667 0.38263888888888886 0.05486111111111111 0.05416666666666667
0 0.8569444444444444 0.46944444444444444 0.03888888888888889 0.07083333333333333
0 0.8486111111111111 0.15 0.06111111111111111 0.06319444444444444
0 0.59375 0.021527777777777778 0.06805555555555555 0.043055555555555555
0 0.6923611111111111 0.21805555555555556 0.043055555555555555 0.07430555555555556
0 0.6798611111111111 0.27708333333333335 0.034027777777777775 0.034722222222222224
0 0.6673611111111111 0.6402777777777777 0.0625 0.03611111111111111
0 0.8138888888888889 0.5868055555555556 0.08055555555555556 0.0763888888888889
0 0.6229166666666667 0.6145833333333334 0.07222222222222222 0.07430555555555556
0 0.5659722222222222 0.06736111111111111 0.0125 0.02361111111111111
0 0.9881944444444445 0.12152777777777778 0.020833333333333332 0.10138888888888889
0 0.8131944444444444 0.19722222222222222 0.09583333333333334 0.08888888888888889
0 0.9638888888888889 0.36875 0.027777777777777776 0.05138888888888889
0 0.5805555555555556 0.05486111111111111 0.041666666666666664 0.059722222222222225
0 0.2791666666666667 0.8291666666666667 0.5583333333333333 0.3388888888888889
0 0.7444444444444445 0.7736111111111111 0.06388888888888888 0.10555555555555556
0 0.7368055555555556 0.8673611111111111 0.07569444444444444 0.075
0 0.7847222222222222 0.7291666666666666 0.04513888888888889 0.06527777777777778
0 0.7923611111111111 0.7972222222222223 0.05347222222222222 0.06388888888888888
0 0.7361111111111112 0.6923611111111111 0.03611111111111111 0.06319444444444444
0 0.9597222222222223 0.9604166666666667 0.07777777777777778 0.0763888888888889
0 0.7701388888888889 0.9638888888888889 0.12083333333333333 0.06944444444444445
0 0.9840277777777777 0.8701388888888889 0.029166666666666667 0.09861111111111111
0 0.8618055555555556 0.94375 0.06111111111111111 0.10694444444444444
0 0.9229166666666667 0.9152777777777777 0.09444444444444444 0.11875
0 0.9013888888888889 0.8506944444444444 0.08472222222222223 0.05416666666666667
0 0.9659722222222222 0.7201388888888889 0.06527777777777778 0.07361111111111111
0 0.9576388888888889 0.6875 0.059722222222222225 0.05555555555555555
0 0.8791666666666667 0.7090277777777778 0.09791666666666667 0.09791666666666667
0 0.8159722222222222 0.9902777777777778 0.06527777777777778 0.016666666666666666
0 0.8555555555555555 0.775 0.05 0.05486111111111111
0 0.6333333333333333 0.7048611111111112 0.14722222222222223 0.09027777777777778