0 0.5423611111111111 0.46041666666666664 0.2625 0.11527777777777778
0 0.42777777777777776 0.08263888888888889 0.4888888888888889 0.16527777777777777
0 0.6888888888888889 0.13125 0.11944444444444445 0.2625
0 0.17152777777777778 0.14652777777777778 0.34305555555555556 0.29305555555555557
0 0.675 0.29930555555555555 0.14722222222222223 0.4375
0 0.1875 0.3388888888888889 0.375 0.35833333333333334
0 0.4201388888888889 0.2847222222222222 0.41805555555555557 0.4666666666666667
0 0.85 0.36736111111111114 0.2 0.3013888888888889
0 0.8743055555555556 0.22083333333333333 0.24861111111111112 0.44166666666666665
0 0.2923611111111111 0.5263888888888889 0.08194444444444444 0.013888888888888888
0 0.4083333333333333 0.55 0.15555555555555556 0.06111111111111111
0 0.6125 0.6743055555555556 0.12916666666666668 0.12222222222222222
0 0.008333333333333333 0.6270833333333333 0.016666666666666666 0.2152777777777778
0 0.34652777777777777 0.9798611111111111 0.12638888888888888 0.0375
0 0.5715277777777777 0.55 0.04861111111111111 0.06111111111111111
0 0.46805555555555556 0.6534722222222222 0.14027777777777778 0.15208333333333332
0 0.44305555555555554 0.8604166666666667 0.08541666666666667 0.1361111111111111
0 0.4576388888888889 0.7770833333333333 0.10902777777777778 0.12291666666666666
0 0.26666666666666666 0.61875 0.19444444444444445 0.1986111111111111
0 0.5152777777777777 0.9833333333333333 0.07777777777777778 0.030555555555555555
0 0.5548611111111111 0.78125 0.12083333333333333 0.1284722222222222
0 0.0798611111111111 0.5631944444444444 0.11527777777777778 0.0875
0 0.6680555555555555 0.5895833333333333 0.16111111111111112 0.14027777777777778
0 0.20069444444444445 0.8 0.4013888888888889 0.33611111111111114
0 0.6506944444444445 0.95 0.19583333333333333 0.09722222222222222
0 0.5201388888888889 0.5604166666666667 0.059722222222222225 0.08194444444444444
0 0.45208333333333334 0.9416666666666667 0.07222222222222222 0.09722222222222222
0 0.6215277777777778 0.8652777777777778 0.10138888888888889 0.12361111111111112
0 0.11388888888888889 0.60625 0.08263888888888889 0.0763888888888889
0 0.24930555555555556 0.9743055555555555 0.14027777777777778 0.04861111111111111
0 0.8743055555555556 0.7305555555555555 0.24861111111111112 0.4222222222222222
0 0.8743055555555556 0.7791666666666667 0.24861111111111112 0.4388888888888889