0 0.1875 0.3590277777777778 0.375 0.17916666666666667
0 0.29375 0.12222222222222222 0.3875 0.24444444444444444
0 0.15555555555555556 0.19305555555555556 0.3104166666666667 0.3076388888888889
0 0.425 0.27291666666666664 0.125 0.2763888888888889
0 0.43194444444444446 0.2902777777777778 0.1111111111111111 0.31666666666666665
0 0.6097222222222223 0.22430555555555556 0.24166666666666667 0.4486111111111111
0 0.7638888888888888 0.23055555555555557 0.46944444444444444 0.4361111111111111
0 0.1451388888888889 0.8159722222222222 0.1986111111111111 0.2326388888888889
0 0.33055555555555555 0.8555555555555555 0.3138888888888889 0.2861111111111111
0 0.1111111111111111 0.9430555555555555 0.175 0.1111111111111111
0 0.14305555555555555 0.5770833333333333 0.1111111111111111 0.25416666666666665
0 0.40208333333333335 0.6131944444444445 0.17083333333333334 0.3263888888888889
0 0.24166666666666667 0.5986111111111111 0.14444444444444443 0.2972222222222222
0 0.8111111111111111 0.5979166666666667 0.375 0.29583333333333334
0 0.6256944444444444 0.5652777777777778 0.2125 0.23055555555555557
0 0.74375 0.47708333333333336 0.18472222222222223 0.05416666666666667
0 0.7319444444444444 0.8145833333333333 0.4388888888888889 0.3680555555555556