0 0.22569444444444445 0.21666666666666667 0.36527777777777776 0.20277777777777778
0 0.09305555555555556 0.2548611111111111 0.18611111111111112 0.12638888888888888
0 0.22291666666666668 0.09583333333333334 0.30416666666666664 0.19166666666666668
0 0.04583333333333333 0.15902777777777777 0.09166666666666666 0.31805555555555554
0 0.7993055555555556 0.009027777777777777 0.04583333333333333 0.018055555555555554
0 0.7819444444444444 0.08819444444444445 0.029166666666666667 0.04583333333333333
0 0.7388888888888889 0.10069444444444445 0.02847222222222222 0.043055555555555555
0 0.7597222222222222 0.08125 0.03194444444444444 0.03611111111111111
0 0.7298611111111111 0.06527777777777778 0.03194444444444444 0.04027777777777778
0 0.5659722222222222 0.23472222222222222 0.3125 0.16666666666666666
0 0.7958333333333333 0.17569444444444443 0.275 0.2847222222222222
0 0.9444444444444444 0.26458333333333334 0.10833333333333334 0.10694444444444444
0 0.4618055555555556 0.18333333333333332 0.10416666666666667 0.17222222222222222
0 0.7 0.1125 0.0375 0.058333333333333334
0 0.7923611111111111 0.04027777777777778 0.09791666666666667 0.06736111111111111
0 0.6152777777777778 0.14027777777777778 0.1986111111111111 0.13541666666666666
0 0.7534722222222222 0.025694444444444443 0.0625 0.05138888888888889
0 0.44027777777777777 0.027083333333333334 0.06111111111111111 0.05416666666666667
0 0.8902777777777777 0.011805555555555555 0.075 0.02361111111111111
0 0.9770833333333333 0.19791666666666666 0.043055555555555555 0.14027777777777778
0 0.6208333333333333 0.04861111111111111 0.13333333333333333 0.09722222222222222
0 0.9388888888888889 0.1284722222222222 0.11944444444444445 0.1486111111111111
0 0.9826388888888888 0.07083333333333333 0.03194444444444444 0.09722222222222222
0 0.10833333333333334 0.8236111111111111 0.21666666666666667 0.26944444444444443
0 0.24930555555555556 0.6208333333333333 0.31805555555555554 0.6027777777777777
0 0.9625 0.5847222222222223 0.05486111111111111 0.04583333333333333
0 0.9638888888888889 0.55625 0.03958333333333333 0.035416666666666666
0 0.8270833333333333 0.5652777777777778 0.05416666666666667 0.07291666666666667
0 0.8597222222222223 0.5145833333333333 0.04236111111111111 0.04236111111111111
0 0.7902777777777777 0.6847222222222222 0.08263888888888889 0.05277777777777778
0 0.7555555555555555 0.6048611111111111 0.058333333333333334 0.0798611111111111
0 0.7569444444444444 0.5625 0.07291666666666667 0.06597222222222222
0 0.5784722222222223 0.9638888888888889 0.17083333333333334 0.06944444444444445
0 0.6708333333333333 0.6340277777777777 0.13680555555555557 0.07777777777777778
0 0.5722222222222222 0.7673611111111112 0.13819444444444445 0.08333333333333333
0 0.8506944444444444 0.9430555555555555 0.0763888888888889 0.08055555555555556
0 0.5520833333333334 0.8208333333333333 0.09652777777777778 0.07013888888888889
0 0.6395833333333333 0.8534722222222222 0.1375 0.08472222222222223
0 0.6395833333333333 0.8027777777777778 0.09375 0.058333333333333334
0 0.8298611111111112 0.9770833333333333 0.12916666666666668 0.043055555555555555
0 0.9611111111111111 0.8180555555555555 0.075 0.07777777777777778
0 0.4618055555555556 0.9513888888888888 0.10416666666666667 0.09444444444444444
0 0.9069444444444444 0.5604166666666667 0.07708333333333334 0.0875
0 0.5388888888888889 0.7305555555555555 0.05555555555555555 0.052083333333333336
0 0.7590277777777777 0.8541666666666666 0.075 0.09583333333333334
0 0.9104166666666667 0.9819444444444444 0.06805555555555555 0.03333333333333333
0 0.6347222222222222 0.7284722222222222 0.08541666666666667 0.09027777777777778
0 0.5548611111111111 0.6916666666666667 0.04583333333333333 0.04513888888888889
0 0.7159722222222222 0.66875 0.06388888888888888 0.059027777777777776
0 0.7631944444444444 0.7097222222222223 0.09861111111111111 0.0875
0 0.8673611111111111 0.6458333333333334 0.03125 0.04236111111111111
0 0.83125 0.5986111111111111 0.08611111111111111 0.06597222222222222
0 0.8569444444444444 0.5493055555555556 0.04652777777777778 0.05555555555555555
0 0.4284722222222222 0.8722222222222222 0.0375 0.06944444444444445
0 0.42083333333333334 0.8159722222222222 0.022222222222222223 0.0763888888888889
0 0.7472222222222222 0.9152777777777777 0.07291666666666667 0.05555555555555555
0 0.7305555555555555 0.93125 0.07708333333333334 0.07291666666666667
0 0.9145833333333333 0.7631944444444444 0.06527777777777778 0.07847222222222222
0 0.8590277777777777 0.6805555555555556 0.04791666666666667 0.049305555555555554
0 0.9618055555555556 0.6868055555555556 0.058333333333333334 0.06111111111111111
0 0.9493055555555555 0.7319444444444444 0.034027777777777775 0.05763888888888889
0 0.90625 0.7055555555555556 0.06458333333333334 0.06388888888888888
0 0.95 0.85 0.03958333333333333 0.043055555555555555
0 0.9041666666666667 0.6618055555555555 0.043055555555555555 0.06597222222222222
0 0.9666666666666667 0.8784722222222222 0.02847222222222222 0.04236111111111111
0 0.8465277777777778 0.7256944444444444 0.06388888888888888 0.0625
0 0.8583333333333333 0.7881944444444444 0.05416666666666667 0.06388888888888888
0 0.8722222222222222 0.8472222222222222 0.06805555555555555 0.0625
0 0.8618055555555556 0.9006944444444445 0.09305555555555556 0.06875
0 0.5319444444444444 0.6159722222222223 0.08680555555555555 0.09652777777777778
0 0.7020833333333333 0.5784722222222223 0.05555555555555555 0.03819444444444445
0 0.9451388888888889 0.6041666666666666 0.04236111111111111 0.03958333333333333
0 0.48194444444444445 0.5854166666666667 0.14444444444444443 0.1375