0 0.14375 0.31180555555555556 0.2875 0.4513888888888889
0 0.14375 0.26666666666666666 0.2875 0.5333333333333333
0 0.45902777777777776 0.08541666666666667 0.14027777777777778 0.17083333333333334
0 0.73125 0.2263888888888889 0.3611111111111111 0.3590277777777778
0 0.9444444444444444 0.23125 0.10833333333333334 0.2708333333333333
0 0.6972222222222222 0.3784722222222222 0.325 0.31805555555555554
0 0.9194444444444444 0.4486111111111111 0.15833333333333333 0.17777777777777778
0 0.8569444444444444 0.05486111111111111 0.2833333333333333 0.10972222222222222
0 0.575 0.06944444444444445 0.09722222222222222 0.1388888888888889
0 0.16944444444444445 0.7451388888888889 0.2125 0.1361111111111111
0 0.26805555555555555 0.56875 0.03888888888888889 0.059722222222222225
0 0.034027777777777775 0.7819444444444444 0.06805555555555555 0.08333333333333333
0 0.15138888888888888 0.8673611111111111 0.13194444444444445 0.13680555555555557
0 0.02847222222222222 0.6270833333333333 0.05694444444444444 0.059722222222222225
0 0.011111111111111112 0.5875 0.022222222222222223 0.05
0 0.05 0.5590277777777778 0.08055555555555556 0.04027777777777778
0 0.14305555555555555 0.6090277777777777 0.06041666666666667 0.07916666666666666
0 0.19166666666666668 0.5715277777777777 0.13333333333333333 0.06527777777777778
0 0.19652777777777777 0.96875 0.1736111111111111 0.059722222222222225
0 0.20555555555555555 0.6611111111111111 0.1638888888888889 0.11944444444444445
0 0.24861111111111112 0.8583333333333333 0.07777777777777778 0.10555555555555556
0 0.28541666666666665 0.9055555555555556 0.004166666666666667 0.1388888888888889
0 0.05138888888888889 0.9472222222222222 0.10277777777777777 0.10277777777777777
0 0.011111111111111112 0.6909722222222222 0.022222222222222223 0.10694444444444444
0 0.27847222222222223 0.7430555555555556 0.018055555555555554 0.13333333333333333
0 0.08888888888888889 0.5791666666666667 0.075 0.06875
0 0.044444444444444446 0.6805555555555556 0.059027777777777776 0.03680555555555556
0 0.09652777777777778 0.6590277777777778 0.05763888888888889 0.059027777777777776
0 0.09236111111111112 0.7263888888888889 0.07083333333333333 0.08541666666666667
0 0.9416666666666667 0.7152777777777778 0.11388888888888889 0.3527777777777778
0 0.3590277777777778 0.76875 0.14027777777777778 0.4597222222222222
0 0.5284722222222222 0.8895833333333333 0.23472222222222222 0.21805555555555556
0 0.7493055555555556 0.8805555555555555 0.23472222222222222 0.2361111111111111
0 0.6263888888888889 0.6222222222222222 0.22777777777777777 0.16666666666666666
0 0.8291666666666667 0.6854166666666667 0.275 0.29305555555555557
0 0.5638888888888889 0.6861111111111111 0.275 0.29444444444444445