0 0.47708333333333336 0.15555555555555556 0.12083333333333333 0.28055555555555556
0 0.13819444444444445 0.24930555555555556 0.2763888888888889 0.4986111111111111
0 0.44166666666666665 0.3701388888888889 0.19166666666666668 0.2569444444444444
0 0.76875 0.3958333333333333 0.4597222222222222 0.20555555555555555
0 0.7895833333333333 0.2048611111111111 0.41805555555555557 0.4097222222222222
0 0.4152777777777778 0.7604166666666666 0.24444444444444444 0.3819444444444444
0 0.10208333333333333 0.7493055555555556 0.20416666666666666 0.4986111111111111
0 0.2722222222222222 0.8159722222222222 0.2722222222222222 0.36527777777777776
0 0.4111111111111111 0.9715277777777778 0.23055555555555557 0.05416666666666667
0 0.32430555555555557 0.575 0.14305555555555555 0.08055555555555556
0 0.76875 0.7493055555555556 0.4597222222222222 0.4986111111111111
0 0.6763888888888889 0.6194444444444445 0.275 0.2388888888888889