0 0.20277777777777778 0.05416666666666667 0.40555555555555556 0.10833333333333334
0 0.23541666666666666 0.16875 0.3284722222222222 0.26458333333333334
0 0.48333333333333334 0.10555555555555556 0.10833333333333334 0.2111111111111111
0 0.3451388888888889 0.25416666666666665 0.38472222222222224 0.10833333333333334
0 0.6590277777777778 0.15 0.1 0.075
0 0.8423611111111111 0.08402777777777778 0.13402777777777777 0.11458333333333333
0 0.8465277777777778 0.03263888888888889 0.12638888888888888 0.06527777777777778
0 0.5979166666666667 0.05416666666666667 0.11805555555555555 0.10833333333333334
0 0.7340277777777777 0.05138888888888889 0.14305555555555555 0.10277777777777777
0 0.9736111111111111 0.13958333333333334 0.05 0.12083333333333333
0 0.9520833333333333 0.075 0.09305555555555556 0.07777777777777778
0 0.9388888888888889 0.03333333333333333 0.08611111111111111 0.06666666666666667
0 0.7041666666666667 0.2569444444444444 0.05277777777777778 0.04722222222222222
0 0.5951388888888889 0.25069444444444444 0.04722222222222222 0.04097222222222222
0 0.5569444444444445 0.22916666666666666 0.03611111111111111 0.044444444444444446
0 0.5451388888888888 0.2701388888888889 0.0125 0.05416666666666667
0 0.8361111111111111 0.2513888888888889 0.325 0.11388888888888889
0 0.89375 0.14375 0.20833333333333334 0.14444444444444443
0 0.8659722222222223 0.18819444444444444 0.1798611111111111 0.09791666666666667
0 0.14375 0.6909722222222222 0.09236111111111112 0.06388888888888888
0 0.10555555555555556 0.6222222222222222 0.10208333333333333 0.08611111111111111
0 0.29444444444444445 0.4013888888888889 0.09166666666666666 0.0875
0 0.050694444444444445 0.9569444444444445 0.10138888888888889 0.08333333333333333
0 0.058333333333333334 0.5951388888888889 0.06805555555555555 0.052083333333333336
0 0.009722222222222222 0.6104166666666667 0.019444444444444445 0.04027777777777778
0 0.33611111111111114 0.32916666666666666 0.04722222222222222 0.03888888888888889
0 0.26180555555555557 0.7305555555555555 0.06388888888888888 0.08055555555555556
0 0.20347222222222222 0.4048611111111111 0.04583333333333333 0.03611111111111111
0 0.09583333333333334 0.4597222222222222 0.03125 0.034722222222222224
0 0.024305555555555556 0.5048611111111111 0.043055555555555555 0.030555555555555555
0 0.20347222222222222 0.49236111111111114 0.04027777777777778 0.030555555555555555
0 0.3236111111111111 0.6548611111111111 0.05694444444444444 0.05694444444444444
0 0.31805555555555554 0.7256944444444444 0.06597222222222222 0.07222222222222222
0 0.1388888888888889 0.8263888888888888 0.04097222222222222 0.059027777777777776
0 0.22291666666666668 0.8798611111111111 0.04583333333333333 0.05277777777777778
0 0.1736111111111111 0.8923611111111112 0.04652777777777778 0.04861111111111111
0 0.20347222222222222 0.5395833333333333 0.04027777777777778 0.07569444444444444
0 0.18680555555555556 0.7583333333333333 0.10138888888888889 0.10347222222222222
0 0.08472222222222223 0.7520833333333333 0.0763888888888889 0.10208333333333333
0 0.3659722222222222 0.8548611111111111 0.0375 0.04791666666666667
0 0.23472222222222222 0.6 0.075 0.08541666666666667
0 0.41597222222222224 0.3548611111111111 0.11805555555555555 0.09027777777777778
0 0.39652777777777776 0.9270833333333334 0.1 0.09166666666666666
0 0.03888888888888889 0.6979166666666666 0.07777777777777778 0.04027777777777778
0 0.3715277777777778 0.37430555555555556 0.07430555555555556 0.06388888888888888
0 0.025694444444444443 0.7375 0.05138888888888889 0.05277777777777778
0 0.4951388888888889 0.8923611111111112 0.044444444444444446 0.050694444444444445
0 0.23958333333333334 0.70625 0.06458333333333334 0.09027777777777778
0 0.4263888888888889 0.8875 0.05486111111111111 0.03680555555555556
0 0.15486111111111112 0.6375 0.07152777777777777 0.0798611111111111
0 0.4465277777777778 0.7194444444444444 0.06180555555555556 0.041666666666666664
0 0.24513888888888888 0.8111111111111111 0.050694444444444445 0.05277777777777778
0 0.44722222222222224 0.9284722222222223 0.04097222222222222 0.03958333333333333
0 0.42083333333333334 0.9909722222222223 0.06666666666666667 0.015277777777777777
0 0.3090277777777778 0.47847222222222224 0.1361111111111111 0.075
0 0.17777777777777778 0.5229166666666667 0.03125 0.03125
0 0.10833333333333334 0.78125 0.058333333333333334 0.049305555555555554
0 0.3138888888888889 0.8152777777777778 0.09513888888888888 0.08472222222222223
0 0.013194444444444444 0.6402777777777777 0.02638888888888889 0.044444444444444446
0 0.48125 0.7673611111111112 0.049305555555555554 0.07083333333333333
0 0.09444444444444444 0.9069444444444444 0.10277777777777777 0.09513888888888888
0 0.4777777777777778 0.9534722222222223 0.11944444444444445 0.09027777777777778
0 0.10625 0.4986111111111111 0.034722222222222224 0.03819444444444445
0 0.9458333333333333 0.4326388888888889 0.10555555555555556 0.24583333333333332
0 0.9597222222222223 0.825 0.07777777777777778 0.3472222222222222
0 0.6166666666666667 0.4027777777777778 0.15555555555555556 0.18611111111111112
0 0.8298611111111112 0.36319444444444443 0.32083333333333336 0.10694444444444444
0 0.6506944444444445 0.9576388888888889 0.22361111111111112 0.08194444444444444
0 0.7847222222222222 0.6944444444444444 0.3236111111111111 0.45416666666666666
0 0.5916666666666667 0.6541666666666667 0.10555555555555556 0.6888888888888889
0 0.8791666666666667 0.90625 0.2388888888888889 0.18472222222222223