0 0.2951388888888889 0.06736111111111111 0.3958333333333333 0.13472222222222222
0 0.3333333333333333 0.19305555555555556 0.31180555555555556 0.2513888888888889
0 0.14722222222222223 0.4625 0.29444444444444445 0.33055555555555555
0 0.3909722222222222 0.42569444444444443 0.27361111111111114 0.4041666666666667
0 0.6180555555555556 0.22430555555555556 0.17777777777777778 0.27361111111111114
0 0.6888888888888889 0.3770833333333333 0.07777777777777778 0.1125
0 0.8569444444444444 0.3854166666666667 0.2833333333333333 0.2625
0 0.65 0.5138888888888888 0.20277777777777778 0.225
0 0.8770833333333333 0.5534722222222223 0.24305555555555555 0.1486111111111111
0 0.6965277777777777 0.14097222222222222 0.20972222222222223 0.28194444444444444
0 0.8965277777777778 0.1423611111111111 0.20416666666666666 0.2847222222222222
0 0.32708333333333334 0.9576388888888889 0.4013888888888889 0.08194444444444444
0 0.4013888888888889 0.8027777777777778 0.25277777777777777 0.3472222222222222
0 0.18611111111111112 0.9041666666666667 0.2777777777777778 0.18888888888888888
0 0.6236111111111111 0.8 0.18888888888888888 0.3416666666666667
0 0.8555555555555555 0.8604166666666667 0.2861111111111111 0.2763888888888889
0 0.7493055555555556 0.6770833333333334 0.44027777777777777 0.09583333333333334