0 0.79375 0.22916666666666666 0.4097222222222222 0.4583333333333333
0 0.45208333333333334 0.6576388888888889 0.13194444444444445 0.2625
0 0.059027777777777776 0.6986111111111111 0.11805555555555555 0.4027777777777778
0 0.14097222222222222 0.7583333333333333 0.11180555555555556 0.17708333333333334
0 0.22361111111111112 0.8256944444444444 0.28888888888888886 0.3458333333333333
0 0.05694444444444444 0.90625 0.11388888888888889 0.18472222222222223
0 0.4 0.8743055555555556 0.2361111111111111 0.24861111111111112
0 0.3284722222222222 0.4979166666666667 0.19583333333333333 0.0763888888888889
0 0.21319444444444444 0.5722222222222222 0.3263888888888889 0.19236111111111112
0 0.8083333333333333 0.5013888888888889 0.3333333333333333 0.08333333333333333
0 0.7840277777777778 0.75625 0.42916666666666664 0.4847222222222222
0 0.6201388888888889 0.5888888888888889 0.2013888888888889 0.25833333333333336
0 0.5361111111111111 0.8027777777777778 0.03333333333333333 0.19444444444444445