0 0.4708333333333333 0.12361111111111112 0.10208333333333333 0.10277777777777777
0 0.6694444444444444 0.15416666666666667 0.2388888888888889 0.30833333333333335
0 0.8222222222222222 0.34097222222222223 0.17777777777777778 0.3541666666666667
0 0.6736111111111112 0.37083333333333335 0.24722222222222223 0.29444444444444445
0 0.78125 0.9819444444444444 0.08194444444444444 0.03333333333333333
0 0.5993055555555555 0.6979166666666666 0.09861111111111111 0.12083333333333333
0 0.93125 0.9576388888888889 0.0875 0.08194444444444444
0 0.9763888888888889 0.875 0.04652777777777778 0.04861111111111111
0 0.9923611111111111 0.9076388888888889 0.0125 0.04027777777777778
0 0.9861111111111112 0.7097222222222223 0.025 0.04722222222222222
0 0.9854166666666667 0.7270833333333333 0.02638888888888889 0.034722222222222224
0 0.9645833333333333 0.7861111111111111 0.0375 0.03263888888888889
0 0.8791666666666667 0.7875 0.03888888888888889 0.034027777777777775
0 0.5993055555555555 0.9145833333333333 0.09861111111111111 0.16805555555555557
0 0.9493055555555555 0.9152777777777777 0.09861111111111111 0.10555555555555556
0 0.56875 0.5923611111111111 0.0375 0.1125
0 0.5868055555555556 0.76875 0.07361111111111111 0.07361111111111111
0 0.86875 0.9027777777777778 0.07013888888888889 0.10347222222222222
0 0.6625 0.6840277777777778 0.0625 0.09305555555555556
0 0.7263888888888889 0.8215277777777777 0.043055555555555555 0.06041666666666667
0 0.9493055555555555 0.8270833333333333 0.05625 0.06180555555555556