0 0.2659722222222222 0.15486111111111112 0.34305555555555556 0.2875
0 0.3548611111111111 0.20277777777777778 0.20694444444444443 0.19166666666666668
0 0.12708333333333333 0.18055555555555555 0.25416666666666665 0.2361111111111111
0 0.22916666666666666 0.04652777777777778 0.4583333333333333 0.09305555555555556
0 0.8819444444444444 0.14583333333333334 0.23333333333333334 0.2916666666666667
0 0.22916666666666666 0.6493055555555556 0.4583333333333333 0.6986111111111111
0 0.4736111111111111 0.3284722222222222 0.027777777777777776 0.05694444444444444
0 0.9638888888888889 0.3388888888888889 0.06944444444444445 0.07777777777777778
0 0.8611111111111112 0.3277777777777778 0.04236111111111111 0.052083333333333336
0 0.8222222222222222 0.4513888888888889 0.059722222222222225 0.050694444444444445
0 0.9493055555555555 0.5354166666666667 0.06180555555555556 0.10347222222222222
0 0.68125 0.3506944444444444 0.035416666666666666 0.06111111111111111
0 0.7875 0.3902777777777778 0.05347222222222222 0.05694444444444444
0 0.7368055555555556 0.4097222222222222 0.050694444444444445 0.04583333333333333
0 0.8173611111111111 0.3159722222222222 0.04583333333333333 0.03194444444444444
0 0.7104166666666667 0.3472222222222222 0.04722222222222222 0.06388888888888888
0 0.7236111111111111 0.36527777777777776 0.034027777777777775 0.04722222222222222
0 0.8763888888888889 0.3736111111111111 0.050694444444444445 0.03680555555555556
0 0.8152777777777778 0.34444444444444444 0.058333333333333334 0.05416666666666667
0 0.98125 0.6645833333333333 0.034722222222222224 0.06805555555555555
0 0.9652777777777778 0.6020833333333333 0.05763888888888889 0.0763888888888889
0 0.85625 0.7798611111111111 0.2847222222222222 0.2625
0 0.8083333333333333 0.9361111111111111 0.25277777777777777 0.125
0 0.6041666666666666 0.50625 0.04097222222222222 0.06805555555555555
0 0.4895833333333333 0.5958333333333333 0.059722222222222225 0.05555555555555555
0 0.5465277777777777 0.3638888888888889 0.10138888888888889 0.0763888888888889
0 0.5194444444444445 0.8861111111111111 0.11944444444444445 0.225
0 0.7611111111111111 0.33194444444444443 0.04513888888888889 0.05555555555555555
0 0.9625 0.38958333333333334 0.03819444444444445 0.03194444444444444
0 0.5875 0.6347222222222222 0.20416666666666666 0.12430555555555556
0 0.7395833333333334 0.6715277777777777 0.12152777777777778 0.09930555555555555
0 0.7104166666666667 0.48819444444444443 0.09513888888888888 0.07152777777777777
0 0.9715277777777778 0.8840277777777777 0.05416666666666667 0.19027777777777777
0 0.6333333333333333 0.48125 0.05694444444444444 0.07708333333333334
0 0.6291666666666667 0.61875 0.06388888888888888 0.05694444444444444
0 0.6833333333333333 0.5979166666666667 0.15902777777777777 0.15069444444444444
0 0.5993055555555555 0.9395833333333333 0.24027777777777778 0.11805555555555555
0 0.6548611111111111 0.7958333333333333 0.15208333333333332 0.19722222222222222
0 0.6215277777777778 0.42430555555555555 0.10347222222222222 0.08888888888888889
0 0.5375 0.7090277777777778 0.1451388888888889 0.15694444444444444
0 0.7902777777777777 0.4791666666666667 0.07361111111111111 0.07569444444444444