0 0.29930555555555555 0.05625 0.10694444444444444 0.1125
0 0.06041666666666667 0.10277777777777777 0.12083333333333333 0.20555555555555555
0 0.8041666666666667 0.2638888888888889 0.26875 0.38680555555555557
0 0.5284722222222222 0.35625 0.05694444444444444 0.26805555555555555
0 0.6 0.48819444444444443 0.2 0.37916666666666665
0 0.8145833333333333 0.5673611111111111 0.3680555555555556 0.22083333333333333
0 0.6319444444444444 0.04722222222222222 0.2638888888888889 0.09444444444444444
0 0.8611111111111112 0.09027777777777778 0.275 0.18055555555555555
0 0.5895833333333333 0.18055555555555555 0.17916666666666667 0.25
0 0.24930555555555556 0.8388888888888889 0.4986111111111111 0.3194444444444444
0 0.8270833333333333 0.8104166666666667 0.30972222222222223 0.2625
0 0.6381944444444444 0.8388888888888889 0.2763888888888889 0.3194444444444444
0 0.9826388888888888 0.9270833333333334 0.03194444444444444 0.0763888888888889
0 0.7083333333333334 0.9270833333333334 0.3972222222222222 0.14305555555555555
0 0.93125 0.9708333333333333 0.13472222222222222 0.05555555555555555