0 0.17916666666666667 0.18680555555555556 0.35833333333333334 0.12361111111111112
0 0.2847222222222222 0.12430555555555556 0.3277777777777778 0.24861111111111112
0 0.6006944444444444 0.16597222222222222 0.3013888888888889 0.16527777777777777
0 0.8201388888888889 0.1111111111111111 0.35694444444444445 0.2222222222222222
0 0.8409722222222222 0.12430555555555556 0.31527777777777777 0.24861111111111112
0 0.11527777777777778 0.7395833333333334 0.23055555555555557 0.3263888888888889
0 0.32916666666666666 0.7659722222222223 0.2388888888888889 0.4652777777777778
0 0.059722222222222225 0.8791666666666667 0.11944444444444445 0.2388888888888889
0 0.13680555555555557 0.9472222222222222 0.14305555555555555 0.10277777777777777
0 0.38125 0.41597222222222224 0.13472222222222222 0.33194444444444443
0 0.17152777777777778 0.46041666666666664 0.34305555555555556 0.42083333333333334
0 0.7659722222222223 0.30694444444444446 0.09861111111111111 0.11388888888888889
0 0.5236111111111111 0.34930555555555554 0.14722222222222223 0.1986111111111111