0 0.23402777777777778 0.11527777777777778 0.46805555555555556 0.23055555555555557
0 0.36736111111111114 0.12708333333333333 0.2013888888888889 0.20416666666666666
0 0.9583333333333334 0.09652777777777778 0.08055555555555556 0.1625
0 0.8319444444444445 0.14583333333333334 0.2222222222222222 0.21666666666666667
0 0.68125 0.30069444444444443 0.3236111111111111 0.3958333333333333
0 0.9229166666666667 0.3125 0.15138888888888888 0.37222222222222223
0 0.7798611111111111 0.4618055555555556 0.3458333333333333 0.07361111111111111
0 0.7777777777777778 0.06666666666666667 0.4111111111111111 0.13333333333333333
0 0.5854166666666667 0.1284722222222222 0.23194444444444445 0.2569444444444444
0 0.14375 0.875 0.07916666666666666 0.049305555555555554
0 0.31875 0.9472222222222222 0.06527777777777778 0.058333333333333334
0 0.37083333333333335 0.6319444444444444 0.06180555555555556 0.06875
0 0.3034722222222222 0.7041666666666667 0.03194444444444444 0.04652777777777778
0 0.19166666666666668 0.6597222222222222 0.04791666666666667 0.05763888888888889
0 0.025 0.8569444444444444 0.04861111111111111 0.05694444444444444
0 0.21319444444444444 0.8 0.07916666666666666 0.08333333333333333
0 0.15416666666666667 0.7576388888888889 0.041666666666666664 0.04097222222222222
0 0.3951388888888889 0.8756944444444444 0.0375 0.05277777777777778
0 0.38819444444444445 0.8451388888888889 0.03680555555555556 0.03680555555555556
0 0.01597222222222222 0.81875 0.03194444444444444 0.04861111111111111
0 0.0763888888888889 0.5965277777777778 0.041666666666666664 0.04236111111111111
0 0.2763888888888889 0.7673611111111112 0.049305555555555554 0.03611111111111111
0 0.3701388888888889 0.8944444444444445 0.059027777777777776 0.08333333333333333
0 0.059027777777777776 0.6631944444444444 0.0625 0.04791666666666667
0 0.15625 0.9590277777777778 0.12083333333333333 0.07916666666666666
0 0.34305555555555556 0.8340277777777778 0.03888888888888889 0.08402777777777778
0 0.43125 0.9333333333333333 0.03819444444444445 0.03611111111111111
0 0.22013888888888888 0.6951388888888889 0.058333333333333334 0.06597222222222222
0 0.12083333333333333 0.71875 0.0763888888888889 0.05347222222222222
0 0.10277777777777777 0.9861111111111112 0.1361111111111111 0.025
0 0.059027777777777776 0.9020833333333333 0.08125 0.08055555555555556
0 0.006944444444444444 0.8583333333333333 0.013888888888888888 0.03611111111111111
0 0.2513888888888889 0.9763888888888889 0.11944444444444445 0.044444444444444446
0 0.014583333333333334 0.9083333333333333 0.029166666666666667 0.06666666666666667
0 0.09861111111111111 0.8430555555555556 0.08125 0.06875
0 0.12083333333333333 0.8125 0.09097222222222222 0.07222222222222222
0 0.26944444444444443 0.6604166666666667 0.05763888888888889 0.07569444444444444
0 0.2513888888888889 0.6034722222222222 0.10069444444444445 0.07291666666666667
0 0.2861111111111111 0.8069444444444445 0.0625 0.05555555555555555
0 0.45625 0.9 0.02361111111111111 0.06111111111111111
0 0.15694444444444444 0.9138888888888889 0.12777777777777777 0.06180555555555556
0 0.37569444444444444 0.9527777777777777 0.07569444444444444 0.05416666666666667
0 0.2659722222222222 0.9173611111111111 0.07083333333333333 0.08055555555555556
0 0.22708333333333333 0.85625 0.05486111111111111 0.08125
0 0.024305555555555556 0.7263888888888889 0.04861111111111111 0.06944444444444445
0 0.3375 0.7826388888888889 0.05555555555555555 0.06944444444444445
0 0.3819444444444444 0.6979166666666666 0.04722222222222222 0.05
0 0.14097222222222222 0.6493055555555556 0.05347222222222222 0.04722222222222222
0 0.8944444444444445 0.8652777777777778 0.20833333333333334 0.26666666666666666
0 0.6611111111111111 0.9 0.3333333333333333 0.19722222222222222
0 0.8284722222222223 0.6513888888888889 0.3402777777777778 0.30277777777777776
0 0.5625 0.6513888888888889 0.18611111111111112 0.30277777777777776
0 0.6111111111111112 0.7291666666666666 0.1486111111111111 0.3
0 0.9555555555555556 0.7305555555555555 0.08611111111111111 0.40555555555555556