0 0.14027777777777778 0.2375 0.28055555555555556 0.22777777777777777
0 0.28402777777777777 0.10347222222222222 0.20972222222222223 0.20694444444444443
0 0.2590277777777778 0.40625 0.5180555555555556 0.1625
0 0.8111111111111111 0.23333333333333334 0.22430555555555556 0.3680555555555556
0 0.56875 0.30972222222222223 0.09861111111111111 0.35555555555555557
0 0.9097222222222222 0.3055555555555556 0.17777777777777778 0.3638888888888889
0 0.6965277777777777 0.40069444444444446 0.1986111111111111 0.1736111111111111
0 0.6993055555555555 0.030555555555555555 0.20694444444444443 0.06111111111111111
0 0.8979166666666667 0.07777777777777778 0.2013888888888889 0.15555555555555556
0 0.6083333333333333 0.11458333333333333 0.17777777777777778 0.22916666666666666
0 0.6305555555555555 0.20555555555555555 0.17777777777777778 0.3611111111111111
0 0.05625 0.7652777777777777 0.1125 0.2388888888888889
0 0.2326388888888889 0.6215277777777778 0.2652777777777778 0.2652777777777778
0 0.38333333333333336 0.7159722222222222 0.26944444444444443 0.45416666666666666
0 0.08263888888888889 0.5597222222222222 0.16527777777777777 0.14166666666666666
0 0.7840277777777778 0.5638888888888889 0.42916666666666664 0.15
0 0.63125 0.6638888888888889 0.22361111111111112 0.28055555555555556
0 0.7777777777777778 0.9069444444444444 0.44166666666666665 0.18333333333333332
0 0.5680555555555555 0.8819444444444444 0.09722222222222222 0.23333333333333334
0 0.8354166666666667 0.7256944444444444 0.32708333333333334 0.2375