0 0.23402777777777778 0.13402777777777777 0.09722222222222222 0.12708333333333333
0 0.034027777777777775 0.1625 0.06805555555555555 0.2388888888888889
0 0.9715277777777778 0.3486111111111111 0.05416666666666667 0.08611111111111111
0 0.7861111111111111 0.3840277777777778 0.15555555555555556 0.09583333333333334
0 0.88125 0.3659722222222222 0.05 0.0763888888888889
0 0.9743055555555555 0.125 0.04722222222222222 0.05763888888888889
0 0.9388888888888889 0.20347222222222222 0.11944444444444445 0.09305555555555556
0 0.9569444444444445 0.28541666666666665 0.08333333333333333 0.12638888888888888
0 0.8944444444444445 0.4527777777777778 0.08958333333333333 0.125
0 0.9173611111111111 0.5076388888888889 0.08194444444444444 0.059722222222222225
0 0.6458333333333334 0.4236111111111111 0.08333333333333333 0.15347222222222223
0 0.7569444444444444 0.5055555555555555 0.23333333333333334 0.06388888888888888
0 0.9354166666666667 0.38125 0.058333333333333334 0.03680555555555556
0 0.8416666666666667 0.225 0.04861111111111111 0.052083333333333336
0 0.8111111111111111 0.2659722222222222 0.029166666666666667 0.041666666666666664
0 0.7930555555555555 0.24444444444444444 0.04722222222222222 0.05416666666666667
0 0.9076388888888889 0.2569444444444444 0.06180555555555556 0.06111111111111111
0 0.5194444444444445 0.3020833333333333 0.07847222222222222 0.08055555555555556
0 0.4513888888888889 0.38680555555555557 0.07291666666666667 0.07013888888888889
0 0.5805555555555556 0.4888888888888889 0.1361111111111111 0.09722222222222222
0 0.9631944444444445 0.41875 0.05277777777777778 0.06041666666666667
0 0.8215277777777777 0.33819444444444446 0.07083333333333333 0.05625
0 0.8770833333333333 0.3104166666666667 0.049305555555555554 0.05277777777777778
0 0.66875 0.3423611111111111 0.09305555555555556 0.11597222222222223
0 0.58125 0.4326388888888889 0.12083333333333333 0.20972222222222223
0 0.5888888888888889 0.475 0.075 0.125
0 0.4652777777777778 0.5215277777777778 0.08888888888888889 0.03194444444444444
0 0.09444444444444444 0.7861111111111111 0.12083333333333333 0.09722222222222222
0 0.2520833333333333 0.7041666666666667 0.1125 0.08125
0 0.18680555555555556 0.5597222222222222 0.24583333333333332 0.041666666666666664
0 0.35625 0.70625 0.10416666666666667 0.18472222222222223
0 0.15486111111111112 0.8819444444444444 0.175 0.1625
0 0.76875 0.7951388888888888 0.09305555555555556 0.06388888888888888
0 0.7833333333333333 0.8243055555555555 0.12430555555555556 0.07361111111111111
0 0.8291666666666667 0.7888888888888889 0.029861111111111113 0.03263888888888889
0 0.8215277777777777 0.9909722222222223 0.0625 0.015277777777777777
0 0.7854166666666667 0.9770833333333333 0.059722222222222225 0.043055555555555555
0 0.5923611111111111 0.8576388888888888 0.03611111111111111 0.05625
0 0.4479166666666667 0.8743055555555556 0.04652777777777778 0.06944444444444445
0 0.42083333333333334 0.8888888888888888 0.019444444444444445 0.02638888888888889
0 0.44305555555555554 0.7402777777777778 0.06666666666666667 0.09166666666666666
0 0.475 0.975 0.03263888888888889 0.03263888888888889
0 0.48333333333333334 0.9493055555555555 0.02847222222222222 0.022222222222222223
0 0.4951388888888889 0.9201388888888888 0.034722222222222224 0.0375
0 0.9118055555555555 0.8944444444444445 0.027777777777777776 0.05416666666666667
0 0.45694444444444443 0.9930555555555556 0.05277777777777778 0.011111111111111112
0 0.41805555555555557 0.9590277777777778 0.016666666666666666 0.07361111111111111
0 0.9444444444444444 0.8798611111111111 0.025694444444444443 0.043055555555555555
0 0.4875 0.6840277777777778 0.043055555555555555 0.04027777777777778
0 0.45694444444444443 0.7222222222222222 0.09444444444444444 0.08888888888888889
0 0.6430555555555556 0.5638888888888889 0.08333333333333333 0.05
0 0.5694444444444444 0.5527777777777778 0.058333333333333334 0.027777777777777776
0 0.63125 0.9756944444444444 0.09027777777777778 0.04583333333333333
0 0.7284722222222222 0.9090277777777778 0.052083333333333336 0.058333333333333334
0 0.7506944444444444 0.5826388888888889 0.04236111111111111 0.05277777777777778
0 0.9923611111111111 0.9284722222222223 0.0125 0.05416666666666667
0 0.6888888888888889 0.9041666666666667 0.02638888888888889 0.03263888888888889
0 0.46111111111111114 0.6715277777777777 0.041666666666666664 0.041666666666666664
0 0.50625 0.9881944444444445 0.07916666666666666 0.020833333333333332
0 0.5493055555555556 0.9381944444444444 0.07708333333333334 0.06666666666666667
0 0.5361111111111111 0.9180555555555555 0.06111111111111111 0.0625
0 0.43125 0.6701388888888888 0.043055555555555555 0.05138888888888889
0 0.5736111111111111 0.9951388888888889 0.03333333333333333 0.006944444444444444
0 0.5854166666666667 0.9784722222222222 0.05277777777777778 0.03888888888888889
0 0.61875 0.9159722222222222 0.03819444444444445 0.04236111111111111
0 0.5680555555555555 0.8923611111111112 0.06944444444444445 0.05
0 0.43472222222222223 0.8111111111111111 0.04375 0.05555555555555555
0 0.6173611111111111 0.8305555555555556 0.03333333333333333 0.04791666666666667
0 0.6625 0.9076388888888889 0.027083333333333334 0.022916666666666665
0 0.6854166666666667 0.8541666666666666 0.04097222222222222 0.027777777777777776
0 0.8534722222222222 0.8263888888888888 0.027777777777777776 0.030555555555555555
0 0.6451388888888889 0.9333333333333333 0.021527777777777778 0.03888888888888889
0 0.7590277777777777 0.8854166666666666 0.02847222222222222 0.04513888888888889
0 0.8444444444444444 0.7569444444444444 0.027083333333333334 0.03125
0 0.6631944444444444 0.88125 0.02638888888888889 0.03333333333333333