0 0.38472222222222224 0.29375 0.5861111111111111 0.22916666666666666
0 0.3458333333333333 0.20416666666666666 0.6638888888888889 0.4083333333333333
0 0.09583333333333334 0.09166666666666666 0.19166666666666668 0.18333333333333332
0 0.9173611111111111 0.3770833333333333 0.1625 0.0625
0 0.7868055555555555 0.21319444444444444 0.08472222222222223 0.11736111111111111
0 0.9076388888888889 0.2 0.15486111111111112 0.18194444444444444
0 0.9125 0.30486111111111114 0.04236111111111111 0.04375
0 0.8013888888888889 0.0375 0.10555555555555556 0.075
0 0.8145833333333333 0.1326388888888889 0.10277777777777777 0.10277777777777777
0 0.7756944444444445 0.3090277777777778 0.19305555555555556 0.1986111111111111
0 0.7201388888888889 0.07013888888888889 0.08194444444444444 0.14027777777777778
0 0.10625 0.9125 0.19305555555555556 0.17222222222222222
0 0.1451388888888889 0.6895833333333333 0.2548611111111111 0.375
0 0.2743055555555556 0.9083333333333333 0.23194444444444445 0.18055555555555555
0 0.34444444444444444 0.6833333333333333 0.2569444444444444 0.31527777777777777
0 0.5208333333333334 0.8375 0.3138888888888889 0.32222222222222224
0 0.475 0.5138888888888888 0.20833333333333334 0.20833333333333334
0 0.6055555555555555 0.5284722222222222 0.10694444444444444 0.18125
0 0.1909722222222222 0.46458333333333335 0.3819444444444444 0.10972222222222222
0 0.9375 0.8013888888888889 0.12222222222222222 0.39444444444444443
0 0.775 0.8979166666666667 0.11388888888888889 0.2013888888888889
0 0.7333333333333333 0.9277777777777778 0.10833333333333334 0.14166666666666666
0 0.8423611111111111 0.6006944444444444 0.3125 0.3819444444444444
0 0.7083333333333334 0.6479166666666667 0.058333333333333334 0.45416666666666666