0 0.7208333333333333 0.38125 0.21388888888888888 0.3125
0 0.9 0.41041666666666665 0.19722222222222222 0.47638888888888886
0 0.5673611111111111 0.4708333333333333 0.3347222222222222 0.35555555555555557
0 0.88125 0.5597222222222222 0.18194444444444444 0.17777777777777778
0 0.6576388888888889 0.6138888888888889 0.37083333333333335 0.06944444444444445
0 0.8159722222222222 0.12361111111111112 0.36527777777777776 0.24722222222222223
0 0.5729166666666666 0.14097222222222222 0.3458333333333333 0.28194444444444444
0 0.2833333333333333 0.8847222222222222 0.23055555555555557 0.22777777777777777
0 0.09652777777777778 0.8486111111111111 0.19305555555555556 0.3
0 0.24791666666666667 0.7326388888888888 0.3013888888888889 0.16527777777777777
0 0.94375 0.8722222222222222 0.10972222222222222 0.25277777777777777
0 0.7006944444444444 0.7409722222222223 0.47638888888888886 0.18194444444444444
0 0.6451388888888889 0.9222222222222223 0.49027777777777776 0.1527777777777778