0 0.18055555555555555 0.33402777777777776 0.2777777777777778 0.4875
0 0.2375 0.3375 0.2 0.48055555555555557
0 0.07708333333333334 0.3090277777777778 0.15416666666666667 0.5375
0 0.16875 0.1284722222222222 0.3375 0.2569444444444444
0 0.5277777777777778 0.3861111111111111 0.1486111111111111 0.2638888888888889
0 0.8472222222222222 0.02638888888888889 0.15555555555555556 0.05277777777777778
0 0.16875 0.9472222222222222 0.3375 0.10277777777777777
0 0.21944444444444444 0.7423611111111111 0.2361111111111111 0.3263888888888889
0 0.16875 0.7763888888888889 0.3375 0.39444444444444443
0 0.425 0.8416666666666667 0.09027777777777778 0.07361111111111111
0 0.6395833333333333 0.9604166666666667 0.10416666666666667 0.0763888888888889
0 0.7430555555555556 0.5854166666666667 0.025 0.0125
0 0.8881944444444444 0.8166666666666667 0.06944444444444445 0.08402777777777778
0 0.9305555555555556 0.7465277777777778 0.034722222222222224 0.030555555555555555
0 0.95625 0.7743055555555556 0.06597222222222222 0.05694444444444444
0 0.9111111111111111 0.9694444444444444 0.175 0.058333333333333334
0 0.9659722222222222 0.8916666666666667 0.06527777777777778 0.06388888888888888
0 0.9604166666666667 0.8236111111111111 0.03611111111111111 0.05
0 0.9729166666666667 0.93125 0.05138888888888889 0.043055555555555555
0 0.9722222222222222 0.7347222222222223 0.05277777777777778 0.058333333333333334
0 0.8361111111111111 0.6055555555555555 0.043055555555555555 0.05
0 0.6708333333333333 0.6006944444444444 0.05 0.043055555555555555
0 0.5958333333333333 0.7902777777777777 0.041666666666666664 0.05763888888888889
0 0.6868055555555556 0.8048611111111111 0.052083333333333336 0.06041666666666667
0 0.5305555555555556 0.8375 0.04513888888888889 0.041666666666666664
0 0.35694444444444445 0.8979166666666667 0.03611111111111111 0.05694444444444444
0 0.37916666666666665 0.95 0.02361111111111111 0.027083333333333334
0 0.7305555555555555 0.9458333333333333 0.09375 0.09722222222222222
0 0.5986111111111111 0.8465277777777778 0.03680555555555556 0.07291666666666667
0 0.5 0.7152777777777778 0.05138888888888889 0.06458333333333334
0 0.7138888888888889 0.9666666666666667 0.06666666666666667 0.05625
0 0.8388888888888889 0.975 0.10833333333333334 0.04722222222222222
0 0.9069444444444444 0.7027777777777777 0.08263888888888889 0.07430555555555556
0 0.9645833333333333 0.6152777777777778 0.06805555555555555 0.07222222222222222
0 0.8319444444444445 0.7479166666666667 0.06805555555555555 0.09236111111111112
0 0.7368055555555556 0.8958333333333334 0.034027777777777775 0.034722222222222224
0 0.46805555555555556 0.8666666666666667 0.10069444444444445 0.08125
0 0.4041666666666667 0.7951388888888888 0.06319444444444444 0.0375
0 0.51875 0.9506944444444444 0.03611111111111111 0.03611111111111111
0 0.5006944444444444 0.8819444444444444 0.04097222222222222 0.029166666666666667
0 0.6923611111111111 0.7611111111111111 0.03125 0.034027777777777775
0 0.6881944444444444 0.7291666666666666 0.030555555555555555 0.03194444444444444
0 0.6326388888888889 0.7395833333333334 0.050694444444444445 0.04375
0 0.42430555555555555 0.7451388888888889 0.07083333333333333 0.06458333333333334