0 0.19652777777777777 0.17152777777777778 0.39305555555555555 0.34305555555555556
0 0.24930555555555556 0.3701388888888889 0.4986111111111111 0.31527777777777777
0 0.8368055555555556 0.3229166666666667 0.3236111111111111 0.4097222222222222
0 0.8513888888888889 0.059722222222222225 0.21944444444444444 0.11944444444444445
0 0.6854166666666667 0.2326388888888889 0.37083333333333335 0.4652777777777778
0 0.29305555555555557 0.6430555555555556 0.06527777777777778 0.052083333333333336
0 0.28194444444444444 0.5972222222222222 0.05763888888888889 0.05555555555555555
0 0.28541666666666665 0.5354166666666667 0.043055555555555555 0.0125
0 0.04583333333333333 0.7604166666666666 0.059027777777777776 0.050694444444444445
0 0.06597222222222222 0.73125 0.043055555555555555 0.043055555555555555
0 0.4708333333333333 0.5986111111111111 0.022222222222222223 0.025
0 0.42291666666666666 0.59375 0.04583333333333333 0.049305555555555554
0 0.3861111111111111 0.5909722222222222 0.034722222222222224 0.059027777777777776
0 0.33194444444444443 0.6708333333333333 0.041666666666666664 0.04236111111111111
0 0.475 0.6715277777777777 0.025694444444444443 0.04236111111111111
0 0.4861111111111111 0.7041666666666667 0.025 0.025
0 0.14166666666666666 0.5416666666666666 0.06944444444444445 0.025
0 0.08263888888888889 0.6715277777777777 0.07291666666666667 0.05555555555555555
0 0.43819444444444444 0.75625 0.05416666666666667 0.075
0 0.3388888888888889 0.5631944444444444 0.07777777777777778 0.06805555555555555
0 0.04513888888888889 0.9104166666666667 0.09027777777777778 0.1763888888888889
0 0.47430555555555554 0.7479166666666667 0.04861111111111111 0.08194444444444444
0 0.4888888888888889 0.5472222222222223 0.019444444444444445 0.03611111111111111
0 0.20416666666666666 0.8305555555555556 0.12916666666666668 0.23125
0 0.44583333333333336 0.8604166666666667 0.10555555555555556 0.11805555555555555
0 0.3013888888888889 0.8423611111111111 0.11388888888888889 0.14652777777777778
0 0.02638888888888889 0.5784722222222223 0.05277777777777778 0.09305555555555556
0 0.025694444444444443 0.6333333333333333 0.05138888888888889 0.11388888888888889
0 0.021527777777777778 0.7229166666666667 0.043055555555555555 0.10972222222222222
0 0.3736111111111111 0.7569444444444444 0.05763888888888889 0.05277777777777778
0 0.36666666666666664 0.8090277777777778 0.06111111111111111 0.05625
0 0.4152777777777778 0.7916666666666666 0.03819444444444445 0.03680555555555556
0 0.3597222222222222 0.9354166666666667 0.2777777777777778 0.12638888888888888
0 0.5847222222222223 0.95625 0.16944444444444445 0.08472222222222223
0 0.6 0.7902777777777777 0.2 0.2638888888888889
0 0.7048611111111112 0.9548611111111112 0.13194444444444445 0.0875
0 0.8631944444444445 0.5895833333333333 0.0625 0.08611111111111111
0 0.7159722222222222 0.6041666666666666 0.22361111111111112 0.15
0 0.5736111111111111 0.5916666666666667 0.14722222222222223 0.125
0 0.7979166666666667 0.8041666666666667 0.4013888888888889 0.3888888888888889