0 0.3819444444444444 0.375 0.17222222222222222 0.26666666666666666
0 0.13125 0.25416666666666665 0.2625 0.5083333333333333
0 0.3236111111111111 0.14097222222222222 0.28888888888888886 0.28194444444444444
0 0.8479166666666667 0.13125 0.3013888888888889 0.2625
0 0.7 0.3576388888888889 0.28055555555555556 0.3013888888888889
0 0.9201388888888888 0.34930555555555554 0.15694444444444444 0.31805555555555554
0 0.2548611111111111 0.7541666666666667 0.4263888888888889 0.4888888888888889
0 0.16666666666666666 0.7777777777777778 0.3333333333333333 0.44166666666666665
0 0.5222222222222223 0.8527777777777777 0.10555555555555556 0.15833333333333333
0 0.8833333333333333 0.8798611111111111 0.21805555555555556 0.1763888888888889
0 0.7625 0.8666666666666667 0.05763888888888889 0.05277777777777778
0 0.7493055555555556 0.9340277777777778 0.04513888888888889 0.06736111111111111
0 0.6986111111111111 0.8541666666666666 0.03194444444444444 0.04722222222222222
0 0.8791666666666667 0.6020833333333333 0.04513888888888889 0.05
0 0.9416666666666667 0.5958333333333333 0.07708333333333334 0.06388888888888888
0 0.9340277777777778 0.6680555555555555 0.1076388888888889 0.12361111111111112
0 0.8590277777777777 0.6819444444444445 0.034027777777777775 0.049305555555555554
0 0.7375 0.5958333333333333 0.05625 0.08194444444444444
0 0.625 0.6375 0.09027777777777778 0.05277777777777778
0 0.5736111111111111 0.8819444444444444 0.06319444444444444 0.05416666666666667
0 0.9888888888888889 0.9 0.019444444444444445 0.15555555555555556
0 0.8173611111111111 0.7236111111111111 0.08125 0.09652777777777778
0 0.9798611111111111 0.6486111111111111 0.0375 0.05277777777777778
0 0.9006944444444445 0.7083333333333334 0.04027777777777778 0.0625
0 0.6930555555555555 0.7222222222222222 0.059027777777777776 0.0763888888888889
0 0.7375 0.7479166666666667 0.08263888888888889 0.07361111111111111
0 0.5381944444444444 0.6986111111111111 0.1375 0.10555555555555556
0 0.5340277777777778 0.9868055555555556 0.1125 0.02361111111111111
0 0.5305555555555556 0.9291666666666667 0.05763888888888889 0.07361111111111111
0 0.6708333333333333 0.9118055555555555 0.10486111111111111 0.06875
0 0.5993055555555555 0.9284722222222223 0.08888888888888889 0.07430555555555556
0 0.6541666666666667 0.875 0.05763888888888889 0.03888888888888889
0 0.63125 0.8027777777777778 0.07916666666666666 0.10625
0 0.6770833333333334 0.9527777777777777 0.13194444444444445 0.09166666666666666
0 0.7118055555555556 0.9847222222222223 0.2152777777777778 0.027777777777777776
0 0.8180555555555555 0.6458333333333334 0.05138888888888889 0.04513888888888889
0 0.7402777777777778 0.6743055555555556 0.0763888888888889 0.07569444444444444
0 0.6368055555555555 0.6756944444444445 0.03611111111111111 0.052083333333333336
0 0.6923611111111111 0.64375 0.05 0.05277777777777778
0 0.8729166666666667 0.7333333333333333 0.03125 0.05138888888888889
0 0.8895833333333333 0.9743055555555555 0.05277777777777778 0.035416666666666666
0 0.8375 0.9770833333333333 0.08402777777777778 0.043055555555555555
0 0.9513888888888888 0.96875 0.09444444444444444 0.059722222222222225