0 0.1951388888888889 0.21180555555555555 0.3902777777777778 0.3736111111111111
0 0.5333333333333333 0.2152777777777778 0.14722222222222223 0.31666666666666665
0 0.66875 0.3625 0.3263888888888889 0.07222222222222222
0 0.5423611111111111 0.034027777777777775 0.16527777777777777 0.06805555555555555
0 0.89375 0.18125 0.20972222222222223 0.3625
0 0.6777777777777778 0.15902777777777777 0.18333333333333332 0.31805555555555554
0 0.08055555555555556 0.8854166666666666 0.16111111111111112 0.2263888888888889
0 0.3375 0.9569444444444445 0.21944444444444444 0.08333333333333333
0 0.36180555555555555 0.8041666666666667 0.10347222222222222 0.10555555555555556
0 0.31180555555555556 0.7763888888888889 0.08611111111111111 0.09722222222222222
0 0.28055555555555556 0.6111111111111112 0.10138888888888889 0.18263888888888888
0 0.18541666666666667 0.8048611111111111 0.20416666666666666 0.16319444444444445
0 0.425 0.7201388888888889 0.06666666666666667 0.22916666666666666
0 0.049305555555555554 0.7138888888888889 0.09861111111111111 0.3527777777777778
0 0.38055555555555554 0.9 0.11458333333333333 0.10069444444444445
0 0.35208333333333336 0.4583333333333333 0.05416666666666667 0.0875
0 0.13680555555555557 0.6493055555555556 0.06597222222222222 0.09166666666666666
0 0.42916666666666664 0.5597222222222222 0.058333333333333334 0.06666666666666667
0 0.7888888888888889 0.81875 0.41944444444444445 0.3597222222222222
0 0.9388888888888889 0.5402777777777777 0.11944444444444445 0.28055555555555556
0 0.6611111111111111 0.6993055555555555 0.4027777777777778 0.5986111111111111
0 0.8479166666666667 0.5256944444444445 0.15138888888888888 0.2513888888888889
0 0.9625 0.4361111111111111 0.07222222222222222 0.07222222222222222