0 0.3090277777777778 0.20416666666666666 0.2791666666666667 0.4083333333333333
0 0.36666666666666664 0.20416666666666666 0.20277777777777778 0.4083333333333333
0 0.14097222222222222 0.20416666666666666 0.28194444444444444 0.4083333333333333
0 0.23402777777777778 0.0798611111111111 0.46805555555555556 0.1597222222222222
0 0.5361111111111111 0.28055555555555556 0.13333333333333333 0.25555555555555554
0 0.6611111111111111 0.2923611111111111 0.175 0.23194444444444445
0 0.9756944444444444 0.3173611111111111 0.04583333333333333 0.18194444444444444
0 0.6826388888888889 0.04861111111111111 0.3458333333333333 0.09722222222222222
0 0.5131944444444444 0.13055555555555556 0.0875 0.2611111111111111
0 0.6166666666666667 0.09097222222222222 0.15555555555555556 0.18194444444444444
0 0.8569444444444444 0.1875 0.2833333333333333 0.375
0 0.07083333333333333 0.6659722222222222 0.14166666666666666 0.3402777777777778
0 0.4326388888888889 0.6756944444444445 0.07083333333333333 0.29583333333333334
0 0.3020833333333333 0.79375 0.33194444444444443 0.4097222222222222
0 0.11041666666666666 0.9166666666666666 0.22083333333333333 0.1638888888888889
0 0.35625 0.5118055555555555 0.22361111111111112 0.20416666666666666
0 0.1951388888888889 0.5013888888888889 0.3902777777777778 0.18333333333333332
0 0.6465277777777778 0.7930555555555555 0.1451388888888889 0.09722222222222222
0 0.6423611111111112 0.6361111111111111 0.1076388888888889 0.09861111111111111
0 0.68125 0.5875 0.16944444444444445 0.11736111111111111
0 0.5979166666666667 0.8826388888888889 0.09027777777777778 0.11458333333333333
0 0.5076388888888889 0.7319444444444444 0.0763888888888889 0.10833333333333334
0 0.9125 0.5486111111111112 0.059722222222222225 0.0625
0 0.8020833333333334 0.5791666666666667 0.10416666666666667 0.07916666666666666
0 0.8055555555555556 0.6361111111111111 0.04027777777777778 0.050694444444444445
0 0.8673611111111111 0.5326388888888889 0.07083333333333333 0.049305555555555554
0 0.9576388888888889 0.90625 0.08194444444444444 0.14583333333333334
0 0.7069444444444445 0.6819444444444445 0.11597222222222223 0.0798611111111111
0 0.5569444444444445 0.49583333333333335 0.06875 0.07777777777777778
0 0.5083333333333333 0.4284722222222222 0.07777777777777778 0.0375
0 0.5701388888888889 0.8222222222222222 0.09583333333333334 0.1111111111111111
0 0.48194444444444445 0.6659722222222222 0.025 0.05694444444444444
0 0.8930555555555556 0.5951388888888889 0.08541666666666667 0.07152777777777777
0 0.9701388888888889 0.6361111111111111 0.058333333333333334 0.09583333333333334
0 0.7458333333333333 0.7256944444444444 0.20416666666666666 0.06666666666666667
0 0.8798611111111111 0.6375 0.1326388888888889 0.09236111111111112
0 0.5875 0.7180555555555556 0.12222222222222222 0.12222222222222222
0 0.8645833333333334 0.9479166666666666 0.07569444444444444 0.10208333333333333
0 0.94375 0.8770833333333333 0.10972222222222222 0.18472222222222223
0 0.8111111111111111 0.4354166666666667 0.09166666666666666 0.05138888888888889
0 0.9673611111111111 0.7715277777777778 0.0625 0.07361111111111111
0 0.9034722222222222 0.7326388888888888 0.09930555555555555 0.09375
0 0.5256944444444445 0.6611111111111111 0.07083333333333333 0.08958333333333333
0 0.8347222222222223 0.6631944444444444 0.0763888888888889 0.10138888888888889
0 0.9576388888888889 0.5541666666666667 0.06319444444444444 0.09375
0 0.7805555555555556 0.4965277777777778 0.05486111111111111 0.05138888888888889
0 0.9576388888888889 0.45625 0.05138888888888889 0.0625
0 0.8777777777777778 0.42430555555555555 0.05277777777777778 0.029166666666666667
0 0.6375 0.47291666666666665 0.10625 0.09444444444444444
0 0.6923611111111111 0.4527777777777778 0.0625 0.08611111111111111
0 0.49444444444444446 0.6097222222222223 0.05 0.06944444444444445
0 0.7298611111111111 0.9048611111111111 0.23194444444444445 0.1875
0 0.4895833333333333 0.49166666666666664 0.04027777777777778 0.1
0 0.5159722222222223 0.9034722222222222 0.09305555555555556 0.19027777777777777
0 0.6277777777777778 0.43819444444444444 0.09444444444444444 0.05694444444444444
0 0.6270833333333333 0.9625 0.13472222222222222 0.07222222222222222
0 0.8048611111111111 0.8166666666666667 0.20069444444444445 0.16666666666666666
0 0.7006944444444444 0.4222222222222222 0.059722222222222225 0.025
0 0.7631944444444444 0.45069444444444445 0.0875 0.08194444444444444
0 0.4930555555555556 0.8125 0.04722222222222222 0.08611111111111111
0 0.7395833333333334 0.98125 0.09027777777777778 0.034722222222222224