0 0.11180555555555556 0.14930555555555555 0.22361111111111112 0.2986111111111111
0 0.2611111111111111 0.14791666666666667 0.23333333333333334 0.29583333333333334
0 0.45 0.19166666666666668 0.14166666666666666 0.21388888888888888
0 0.5923611111111111 0.2791666666666667 0.15416666666666667 0.03888888888888889
0 0.64375 0.1361111111111111 0.06527777777777778 0.06388888888888888
0 0.5597222222222222 0.2152777777777778 0.07291666666666667 0.06875
0 0.5486111111111112 0.13472222222222222 0.11875 0.10625
0 0.6784722222222223 0.10208333333333333 0.09305555555555556 0.09513888888888888
0 0.6277777777777778 0.24305555555555555 0.05416666666666667 0.04027777777777778
0 0.6291666666666667 0.19305555555555556 0.11180555555555556 0.07847222222222222
0 0.65 0.05555555555555555 0.08055555555555556 0.09652777777777778
0 0.5013888888888889 0.04236111111111111 0.18333333333333332 0.08472222222222223
0 0.39305555555555555 0.021527777777777778 0.027777777777777776 0.043055555555555555
0 0.9840277777777777 0.2298611111111111 0.029166666666666667 0.1375
0 0.7368055555555556 0.027083333333333334 0.09861111111111111 0.05416666666666667
0 0.8354166666666667 0.14027777777777778 0.04583333333333333 0.05625
0 0.9840277777777777 0.15763888888888888 0.029166666666666667 0.07361111111111111
0 0.9263888888888889 0.11736111111111111 0.14444444444444443 0.15416666666666667
0 0.9493055555555555 0.034722222222222224 0.09861111111111111 0.06944444444444445
0 0.9104166666666667 0.03680555555555556 0.06527777777777778 0.07361111111111111
0 0.9152777777777777 0.23819444444444443 0.16666666666666666 0.12083333333333333
0 0.6333333333333333 0.009722222222222222 0.08333333333333333 0.019444444444444445
0 0.8291666666666667 0.07152777777777777 0.04027777777777778 0.027083333333333334
0 0.2833333333333333 0.6006944444444444 0.18888888888888888 0.44027777777777777
0 0.1388888888888889 0.8041666666666667 0.21388888888888888 0.3888888888888889
0 0.11180555555555556 0.43125 0.22361111111111112 0.2625
0 0.04375 0.575 0.0875 0.26666666666666666
0 0.6645833333333333 0.9576388888888889 0.14722222222222223 0.08333333333333333
0 0.5597222222222222 0.9333333333333333 0.059027777777777776 0.0625
0 0.5569444444444445 0.7951388888888888 0.07430555555555556 0.1076388888888889
0 0.7680555555555556 0.8618055555555556 0.08819444444444445 0.06180555555555556
0 0.7708333333333334 0.5013888888888889 0.0375 0.03194444444444444
0 0.9625 0.5048611111111111 0.07222222222222222 0.07083333333333333
0 0.8506944444444444 0.5159722222222223 0.1326388888888889 0.11597222222222223
0 0.9486111111111111 0.8916666666666667 0.043055555555555555 0.08541666666666667
0 0.975 0.45625 0.04722222222222222 0.0625
0 0.9875 0.3972222222222222 0.022222222222222223 0.08888888888888889
0 0.9097222222222222 0.4013888888888889 0.1451388888888889 0.14097222222222222
0 0.6833333333333333 0.5493055555555556 0.0375 0.08472222222222223
0 0.7763888888888889 0.4791666666666667 0.04513888888888889 0.02638888888888889
0 0.8173611111111111 0.5743055555555555 0.04722222222222222 0.05
0 0.9104166666666667 0.8145833333333333 0.08263888888888889 0.07361111111111111
0 0.8201388888888889 0.8159722222222222 0.06388888888888888 0.043055555555555555
0 0.9756944444444444 0.9423611111111111 0.04583333333333333 0.1125
0 0.7638888888888888 0.91875 0.07361111111111111 0.05416666666666667
0 0.8020833333333334 0.6694444444444444 0.07083333333333333 0.06805555555555555
0 0.7208333333333333 0.6069444444444444 0.0375 0.05277777777777778
0 0.42777777777777776 0.48125 0.058333333333333334 0.07083333333333333
0 0.9729166666666667 0.7701388888888889 0.05138888888888889 0.13194444444444445
0 0.8631944444444445 0.8736111111111111 0.1326388888888889 0.1625
0 0.8354166666666667 0.7416666666666667 0.10069444444444445 0.10625
0 0.6798611111111111 0.7784722222222222 0.07847222222222222 0.0875
0 0.6215277777777778 0.7486111111111111 0.06180555555555556 0.07777777777777778
0 0.6236111111111111 0.6993055555555555 0.041666666666666664 0.049305555555555554
0 0.6881944444444444 0.7222222222222222 0.07152777777777777 0.05
0 0.6395833333333333 0.8173611111111111 0.07013888888888889 0.06388888888888888
0 0.6854166666666667 0.8520833333333333 0.08263888888888889 0.075
0 0.6541666666666667 0.375 0.025 0.05555555555555555
0 0.74375 0.4486111111111111 0.05486111111111111 0.06527777777777778
0 0.41875 0.5569444444444445 0.07916666666666666 0.10277777777777777
0 0.6861111111111111 0.6666666666666666 0.05486111111111111 0.05555555555555555
0 0.9083333333333333 0.6388888888888888 0.18055555555555555 0.25