0 0.0625 0.28194444444444444 0.125 0.5333333333333333
0 0.22430555555555556 0.2423611111111111 0.3680555555555556 0.4847222222222222
0 0.48055555555555557 0.3458333333333333 0.14166666666666666 0.2777777777777778
0 0.8715277777777778 0.3145833333333333 0.25416666666666665 0.46805555555555556
0 0.9805555555555555 0.15833333333333333 0.03611111111111111 0.08333333333333333
0 0.5604166666666667 0.04027777777777778 0.15694444444444444 0.08055555555555556
0 0.7361111111111112 0.5291666666666667 0.10277777777777777 0.03888888888888889
0 0.5819444444444445 0.2611111111111111 0.09583333333333334 0.06597222222222222
0 0.46597222222222223 0.043055555555555555 0.030555555555555555 0.043055555555555555
0 0.4798611111111111 0.016666666666666666 0.034722222222222224 0.03333333333333333
0 0.5847222222222223 0.325 0.08819444444444445 0.11597222222222223
0 0.5513888888888889 0.08541666666666667 0.1 0.13125
0 0.45902777777777776 0.13194444444444445 0.09861111111111111 0.07361111111111111
0 0.9506944444444444 0.04236111111111111 0.09583333333333334 0.08472222222222223
0 0.6076388888888888 0.4534722222222222 0.11388888888888889 0.12361111111111112
0 0.7 0.46458333333333335 0.09861111111111111 0.06041666666666667
0 0.65 0.08472222222222223 0.10138888888888889 0.11388888888888889
0 0.6965277777777777 0.1673611111111111 0.14583333333333334 0.1638888888888889
0 0.6319444444444444 0.013888888888888888 0.1111111111111111 0.027777777777777776
0 0.6368055555555555 0.36319444444444443 0.05555555555555555 0.09166666666666666
0 0.7423611111111111 0.02361111111111111 0.03888888888888889 0.034027777777777775
0 0.5965277777777778 0.18194444444444444 0.07916666666666666 0.09722222222222222
0 0.6756944444444445 0.27361111111111114 0.11944444444444445 0.10138888888888889
0 0.46458333333333335 0.011805555555555555 0.06527777777777778 0.02361111111111111
0 0.9666666666666667 0.18888888888888888 0.06388888888888888 0.08611111111111111
0 0.28958333333333336 0.5930555555555556 0.2375 0.08611111111111111
0 0.11875 0.7743055555555556 0.2375 0.4486111111111111
0 0.24305555555555555 0.8583333333333333 0.33055555555555555 0.28055555555555556
0 0.6729166666666667 0.7902777777777777 0.21458333333333332 0.2861111111111111
0 0.8326388888888889 0.7784722222222222 0.33194444444444443 0.44027777777777777
0 0.5965277777777778 0.9166666666666666 0.1986111111111111 0.1638888888888889
0 0.525 0.6875 0.23055555555555557 0.275