0 0.17777777777777778 0.4534722222222222 0.35555555555555557 0.1486111111111111
0 0.035416666666666666 0.25625 0.07083333333333333 0.17083333333333334
0 0.3416666666666667 0.16944444444444445 0.2916666666666667 0.3388888888888889
0 0.13402777777777777 0.14444444444444443 0.26805555555555555 0.28888888888888886
0 0.7576388888888889 0.3229166666666667 0.2986111111111111 0.3576388888888889
0 0.6180555555555556 0.41388888888888886 0.2 0.22777777777777777
0 0.5680555555555555 0.11666666666666667 0.14027777777777778 0.20416666666666666
0 0.7770833333333333 0.13958333333333334 0.3263888888888889 0.2791666666666667
0 0.0763888888888889 0.9006944444444445 0.1527777777777778 0.19583333333333333
0 0.3076388888888889 0.9229166666666667 0.3597222222222222 0.15138888888888888
0 0.175 0.5590277777777778 0.35 0.059722222222222225
0 0.07083333333333333 0.7041666666666667 0.14166666666666666 0.2388888888888889
0 0.32430555555555557 0.7583333333333333 0.3263888888888889 0.4583333333333333
0 0.6208333333333333 0.6166666666666667 0.2638888888888889 0.175
0 0.8638888888888889 0.625 0.26944444444444443 0.19166666666666668
0 0.875 0.8368055555555556 0.24722222222222223 0.3236111111111111
0 0.6444444444444445 0.8104166666666667 0.3111111111111111 0.3763888888888889