0 0.48333333333333334 0.44583333333333336 0.06944444444444445 0.34444444444444444
0 0.3902777777777778 0.2326388888888889 0.25555555555555554 0.2625
0 0.20625 0.6819444444444445 0.4125 0.1527777777777778
0 0.06458333333333334 0.3645833333333333 0.12916666666666668 0.7291666666666666
0 0.35694444444444445 0.5361111111111111 0.32222222222222224 0.4444444444444444
0 0.6847222222222222 0.4326388888888889 0.33055555555555555 0.3013888888888889
0 0.6840277777777778 0.6180555555555556 0.32916666666666666 0.28055555555555556
0 0.8527777777777777 0.21458333333333332 0.2916666666666667 0.42916666666666664
0 0.8979166666666667 0.5131944444444444 0.2013888888888889 0.49027777777777776
0 0.19375 0.8791666666666667 0.3875 0.2388888888888889
0 0.058333333333333334 0.8791666666666667 0.11666666666666667 0.2388888888888889
0 0.5777777777777777 0.8791666666666667 0.11666666666666667 0.2388888888888889
0 0.7777777777777778 0.8791666666666667 0.44166666666666665 0.2388888888888889