0 0.23541666666666666 0.29097222222222224 0.29305555555555557 0.2152777777777778
0 0.4305555555555556 0.33194444444444443 0.41388888888888886 0.13333333333333333
0 0.11319444444444444 0.31319444444444444 0.2263888888888889 0.17083333333333334
0 0.45 0.1361111111111111 0.375 0.2722222222222222
0 0.21597222222222223 0.12638888888888888 0.43194444444444446 0.25277777777777777
0 0.9777777777777777 0.3284722222222222 0.041666666666666664 0.05138888888888889
0 0.8611111111111112 0.3819444444444444 0.044444444444444446 0.03333333333333333
0 0.7097222222222223 0.3263888888888889 0.14166666666666666 0.14444444444444443
0 0.8486111111111111 0.18055555555555555 0.10902777777777778 0.12013888888888889
0 0.8451388888888889 0.13819444444444445 0.05694444444444444 0.05
0 0.9569444444444445 0.014583333333333334 0.08333333333333333 0.029166666666666667
0 0.9333333333333333 0.37569444444444444 0.07777777777777778 0.04583333333333333
0 0.7458333333333333 0.011805555555555555 0.11944444444444445 0.02361111111111111
0 0.8201388888888889 0.07430555555555556 0.12083333333333333 0.1486111111111111
0 0.8930555555555556 0.009722222222222222 0.06111111111111111 0.019444444444444445
0 0.9375 0.28402777777777777 0.12291666666666666 0.10138888888888889
0 0.9034722222222222 0.3423611111111111 0.0763888888888889 0.04097222222222222
0 0.725 0.1736111111111111 0.17222222222222222 0.34444444444444444
0 0.43680555555555556 0.8652777777777778 0.26805555555555555 0.26666666666666666
0 0.27708333333333335 0.9701388888888889 0.04583333333333333 0.05694444444444444
0 0.12777777777777777 0.9194444444444444 0.25555555555555554 0.15833333333333333
0 0.22430555555555556 0.4909722222222222 0.1736111111111111 0.18194444444444444
0 0.06736111111111111 0.5326388888888889 0.13472222222222222 0.2652777777777778
0 0.4361111111111111 0.5847222222222223 0.2972222222222222 0.36944444444444446
0 0.14375 0.4152777777777778 0.07916666666666666 0.030555555555555555
0 0.09861111111111111 0.7180555555555556 0.19722222222222222 0.3111111111111111
0 0.2388888888888889 0.7340277777777777 0.16319444444444445 0.3236111111111111
0 0.8694444444444445 0.8701388888888889 0.25833333333333336 0.2569444444444444
0 0.81875 0.6993055555555555 0.3597222222222222 0.5986111111111111
0 0.9215277777777777 0.45416666666666666 0.15416666666666667 0.10833333333333334
0 0.9625 0.6243055555555556 0.07222222222222222 0.2569444444444444