0 0.9555555555555556 0.14722222222222223 0.08611111111111111 0.19166666666666668
0 0.7270833333333333 0.19375 0.47638888888888886 0.3875
0 0.9201388888888888 0.25763888888888886 0.08472222222222223 0.0875
0 0.8680555555555556 0.2826388888888889 0.08125 0.10416666666666667
0 0.7777777777777778 0.34097222222222223 0.044444444444444446 0.09305555555555556
0 0.8819444444444444 0.33819444444444446 0.23333333333333334 0.09861111111111111
0 0.3277777777777778 0.60625 0.3194444444444444 0.43472222222222223
0 0.03263888888888889 0.46944444444444444 0.06527777777777778 0.16111111111111112
0 0.23680555555555555 0.9256944444444445 0.175 0.11736111111111111
0 0.16041666666666668 0.4756944444444444 0.2013888888888889 0.1736111111111111
0 0.3194444444444444 0.9451388888888889 0.2638888888888889 0.10694444444444444
0 0.10902777777777778 0.7034722222222223 0.21805555555555556 0.2569444444444444
0 0.4 0.8486111111111111 0.175 0.1361111111111111
0 0.5402777777777777 0.8652777777777778 0.10277777777777777 0.23055555555555557
0 0.7972222222222223 0.8590277777777777 0.07847222222222222 0.09305555555555556
0 0.7763888888888889 0.7777777777777778 0.16666666666666666 0.10694444444444444
0 0.9708333333333333 0.8277777777777777 0.05555555555555555 0.06388888888888888
0 0.875 0.6965277777777777 0.06527777777777778 0.07013888888888889
0 0.6625 0.9236111111111112 0.07916666666666666 0.10208333333333333
0 0.9319444444444445 0.7513888888888889 0.10902777777777778 0.12638888888888888
0 0.5277777777777778 0.7263888888888889 0.06875 0.08055555555555556
0 0.8590277777777777 0.61875 0.06666666666666667 0.043055555555555555
0 0.6020833333333333 0.7916666666666666 0.05347222222222222 0.06597222222222222
0 0.7423611111111111 0.8930555555555556 0.06180555555555556 0.08541666666666667
0 0.9569444444444445 0.4479166666666667 0.05555555555555555 0.08611111111111111
0 0.9395833333333333 0.9270833333333334 0.11805555555555555 0.14305555555555555
0 0.7131944444444445 0.8076388888888889 0.09930555555555555 0.08541666666666667
0 0.6666666666666666 0.7138888888888889 0.11944444444444445 0.08125
0 0.8340277777777778 0.5506944444444445 0.10625 0.11736111111111111
0 0.6958333333333333 0.9868055555555556 0.19166666666666668 0.02361111111111111
0 0.725 0.6923611111111111 0.059722222222222225 0.06875
0 0.8013888888888889 0.6652777777777777 0.034027777777777775 0.06180555555555556
0 0.9631944444444445 0.6236111111111111 0.05486111111111111 0.05
0 0.8625 0.8229166666666666 0.05486111111111111 0.11458333333333333
0 0.8798611111111111 0.43680555555555556 0.07361111111111111 0.08263888888888889
0 0.5784722222222223 0.6791666666666667 0.07083333333333333 0.05347222222222222
0 0.5090277777777777 0.7055555555555556 0.04027777777777778 0.041666666666666664
0 0.8180555555555555 0.9472222222222222 0.125 0.10277777777777777