0 0.3034722222222222 0.19375 0.19027777777777777 0.3875
0 0.15902777777777777 0.2951388888888889 0.31805555555555554 0.18472222222222223
0 0.18055555555555555 0.09097222222222222 0.3611111111111111 0.18194444444444444
0 0.9097222222222222 0.35 0.175 0.075
0 0.5534722222222223 0.1125 0.06319444444444444 0.08680555555555555
0 0.4583333333333333 0.10069444444444445 0.11666666666666667 0.2013888888888889
0 0.5256944444444445 0.058333333333333334 0.2513888888888889 0.11666666666666667
0 0.8076388888888889 0.18263888888888888 0.37916666666666665 0.36527777777777776
0 0.6104166666666667 0.2604166666666667 0.42083333333333334 0.25416666666666665
0 0.08263888888888889 0.8069444444444445 0.16527777777777777 0.38333333333333336
0 0.11875 0.5451388888888888 0.2375 0.3125
0 0.3055555555555556 0.5527777777777778 0.18611111111111112 0.3277777777777778
0 0.2708333333333333 0.7951388888888888 0.25555555555555554 0.3819444444444444
0 0.42083333333333334 0.9055555555555556 0.041666666666666664 0.11388888888888889
0 0.6222222222222222 0.4548611111111111 0.06666666666666667 0.08958333333333333
0 0.6902777777777778 0.43472222222222223 0.0763888888888889 0.075
0 0.66875 0.4986111111111111 0.0625 0.07430555555555556
0 0.7479166666666667 0.6076388888888888 0.052083333333333336 0.04861111111111111
0 0.74375 0.5590277777777778 0.02361111111111111 0.050694444444444445
0 0.775 0.5583333333333333 0.034027777777777775 0.07708333333333334
0 0.8215277777777777 0.6159722222222223 0.09236111111111112 0.13194444444444445
0 0.8444444444444444 0.5423611111111111 0.05694444444444444 0.06527777777777778
0 0.8034722222222223 0.4861111111111111 0.09513888888888888 0.05138888888888889
0 0.6361111111111111 0.6944444444444444 0.2326388888888889 0.2222222222222222
0 0.41875 0.49444444444444446 0.0375 0.058333333333333334
0 0.4527777777777778 0.4583333333333333 0.10555555555555556 0.12777777777777777
0 0.5 0.4423611111111111 0.052083333333333336 0.05
0 0.45694444444444443 0.40208333333333335 0.08333333333333333 0.02638888888888889
0 0.7444444444444445 0.9659722222222222 0.07777777777777778 0.06527777777777778
0 0.5097222222222222 0.6145833333333334 0.09652777777777778 0.07916666666666666
0 0.5631944444444444 0.9486111111111111 0.044444444444444446 0.059722222222222225
0 0.5576388888888889 0.8736111111111111 0.043055555555555555 0.03263888888888889
0 0.45416666666666666 0.6854166666666667 0.10833333333333334 0.1736111111111111
0 0.5298611111111111 0.69375 0.0763888888888889 0.15625
0 0.7180555555555556 0.8083333333333333 0.1527777777777778 0.10555555555555556
0 0.9069444444444444 0.69375 0.18333333333333332 0.6097222222222223
0 0.7972222222222223 0.9909722222222223 0.16666666666666666 0.015277777777777777
0 0.6638888888888889 0.9215277777777777 0.16666666666666666 0.15416666666666667
0 0.4673611111111111 0.7916666666666666 0.12291666666666666 0.11666666666666667
0 0.6013888888888889 0.5763888888888888 0.06805555555555555 0.06875
0 0.6847222222222222 0.5597222222222222 0.06597222222222222 0.06736111111111111