0 0.2972222222222222 0.23333333333333334 0.3611111111111111 0.33055555555555555
0 0.3 0.034722222222222224 0.22777777777777777 0.06944444444444445
0 0.1597222222222222 0.19930555555555557 0.3194444444444444 0.39861111111111114
0 0.5243055555555556 0.3638888888888889 0.09027777777777778 0.06944444444444445
0 0.7097222222222223 0.16875 0.07291666666666667 0.059027777777777776
0 0.5027777777777778 0.31875 0.04722222222222222 0.08194444444444444
0 0.8722222222222222 0.025694444444444443 0.08333333333333333 0.05138888888888889
0 0.5111111111111111 0.11319444444444444 0.06388888888888888 0.04861111111111111
0 0.6180555555555556 0.18263888888888888 0.06041666666666667 0.06458333333333334
0 0.9736111111111111 0.08541666666666667 0.05 0.09305555555555556
0 0.5694444444444444 0.15763888888888888 0.14652777777777778 0.14305555555555555
0 0.8277777777777777 0.09305555555555556 0.08472222222222223 0.075
0 0.7375 0.12083333333333333 0.06041666666666667 0.050694444444444445
0 0.74375 0.22430555555555556 0.09861111111111111 0.05416666666666667
0 0.8381944444444445 0.15555555555555556 0.07777777777777778 0.06527777777777778
0 0.8284722222222223 0.36666666666666664 0.11805555555555555 0.06388888888888888
0 0.775 0.3486111111111111 0.08055555555555556 0.09722222222222222
0 0.7451388888888889 0.37916666666666665 0.08472222222222223 0.03888888888888889
0 0.9527777777777777 0.325 0.09166666666666666 0.06666666666666667
0 0.9729166666666667 0.3763888888888889 0.05138888888888889 0.044444444444444446
0 0.5944444444444444 0.3701388888888889 0.09722222222222222 0.05694444444444444
0 0.30694444444444446 0.7840277777777778 0.07152777777777777 0.08888888888888889
0 0.3819444444444444 0.7381944444444445 0.10694444444444444 0.08541666666666667
0 0.41041666666666665 0.6423611111111112 0.09027777777777778 0.08611111111111111
0 0.13125 0.9868055555555556 0.10138888888888889 0.02361111111111111
0 0.2361111111111111 0.6284722222222222 0.059027777777777776 0.06388888888888888
0 0.06180555555555556 0.74375 0.06458333333333334 0.05138888888888889
0 0.05277777777777778 0.5673611111111111 0.02638888888888889 0.03888888888888889
0 0.21597222222222223 0.9180555555555555 0.08680555555555555 0.075
0 0.09444444444444444 0.9152777777777777 0.0375 0.05486111111111111
0 0.07361111111111111 0.9763888888888889 0.03611111111111111 0.044444444444444446
0 0.3902777777777778 0.9430555555555555 0.11388888888888889 0.1111111111111111
0 0.3548611111111111 0.8659722222222223 0.027777777777777776 0.030555555555555555
0 0.39305555555555555 0.8076388888888889 0.06875 0.05416666666666667
0 0.4534722222222222 0.7381944444444445 0.04861111111111111 0.06805555555555555
0 0.40347222222222223 0.4986111111111111 0.05763888888888889 0.04027777777777778
0 0.34444444444444444 0.6027777777777777 0.05277777777777778 0.05416666666666667
0 0.1361111111111111 0.5409722222222222 0.0375 0.027083333333333334
0 0.21875 0.5701388888888889 0.035416666666666666 0.06041666666666667
0 0.12916666666666668 0.6118055555555556 0.027083333333333334 0.0375
0 0.19375 0.6069444444444444 0.04513888888888889 0.059722222222222225
0 0.07152777777777777 0.6513888888888889 0.03958333333333333 0.03333333333333333
0 0.24166666666666667 0.6625 0.03611111111111111 0.03125
0 0.22847222222222222 0.7041666666666667 0.06180555555555556 0.058333333333333334
0 0.11388888888888889 0.7409722222222223 0.03680555555555556 0.029861111111111113
0 0.25069444444444444 0.7993055555555556 0.025 0.05
0 0.4236111111111111 0.7875 0.03680555555555556 0.044444444444444446
0 0.45694444444444443 0.7736111111111111 0.041666666666666664 0.05555555555555555
0 0.28888888888888886 0.7472222222222222 0.06736111111111111 0.1111111111111111
0 0.020833333333333332 0.875 0.041666666666666664 0.06388888888888888
0 0.27569444444444446 0.9736111111111111 0.12083333333333333 0.05
0 0.07361111111111111 0.8520833333333333 0.03680555555555556 0.030555555555555555
0 0.4513888888888889 0.8180555555555555 0.05277777777777778 0.058333333333333334
0 0.3138888888888889 0.8548611111111111 0.05555555555555555 0.06180555555555556
0 0.29097222222222224 0.5465277777777777 0.0798611111111111 0.059027777777777776
0 0.4041666666666667 0.8631944444444445 0.07222222222222222 0.09097222222222222
0 0.10833333333333334 0.7902777777777777 0.06388888888888888 0.04583333333333333
0 0.018055555555555554 0.7534722222222222 0.03611111111111111 0.04583333333333333
0 0.014583333333333334 0.7986111111111112 0.029166666666666667 0.044444444444444446
0 0.009722222222222222 0.9875 0.019444444444444445 0.022222222222222223
0 0.12083333333333333 0.8395833333333333 0.05694444444444444 0.07152777777777777
0 0.28125 0.9125 0.050694444444444445 0.0798611111111111
0 0.24513888888888888 0.9493055555555555 0.05138888888888889 0.04097222222222222
0 0.20277777777777778 0.9722222222222222 0.03888888888888889 0.05277777777777778
0 0.46597222222222223 0.8722222222222222 0.02361111111111111 0.05555555555555555
0 0.4618055555555556 0.9625 0.03194444444444444 0.058333333333333334
0 0.1638888888888889 0.9784722222222222 0.03958333333333333 0.04097222222222222
0 0.2569444444444444 0.8770833333333333 0.043055555555555555 0.03194444444444444
0 0.28194444444444444 0.8451388888888889 0.01875 0.04513888888888889
0 0.34444444444444444 0.8409722222222222 0.04027777777777778 0.04027777777777778
0 0.5118055555555555 0.5375 0.06527777777777778 0.13055555555555556
0 0.8243055555555555 0.6944444444444444 0.3486111111111111 0.5888888888888889
0 0.5541666666666667 0.7847222222222222 0.15 0.33055555555555555
0 0.7541666666666667 0.8715277777777778 0.3638888888888889 0.25416666666666665
0 0.5451388888888888 0.42777777777777776 0.13194444444444445 0.05555555555555555
0 0.6743055555555556 0.4409722222222222 0.11805555555555555 0.08194444444444444
0 0.6166666666666667 0.5055555555555555 0.15 0.2076388888888889