0 0.11736111111111111 0.13958333333333334 0.23472222222222222 0.2791666666666667
0 0.24930555555555556 0.19652777777777777 0.4986111111111111 0.3625
0 0.7416666666666667 0.28888888888888886 0.48333333333333334 0.17777777777777778
0 0.7590277777777777 0.17291666666666666 0.4791666666666667 0.3458333333333333
0 0.43472222222222223 0.5840277777777778 0.12777777777777777 0.10694444444444444
0 0.22916666666666666 0.9180555555555555 0.25277777777777777 0.16111111111111112
0 0.3020833333333333 0.6270833333333333 0.09097222222222222 0.16875
0 0.39791666666666664 0.7756944444444445 0.2013888888888889 0.19027777777777777
0 0.43194444444444446 0.9743055555555555 0.08611111111111111 0.04861111111111111
0 0.48055555555555557 0.9583333333333334 0.03611111111111111 0.08055555555555556
0 0.11388888888888889 0.8208333333333333 0.07152777777777777 0.059027777777777776
0 0.4826388888888889 0.45416666666666666 0.03194444444444444 0.04513888888888889
0 0.4638888888888889 0.4305555555555556 0.05138888888888889 0.059722222222222225
0 0.1638888888888889 0.49444444444444446 0.08541666666666667 0.08819444444444445
0 0.08958333333333333 0.5861111111111111 0.0798611111111111 0.0763888888888889
0 0.23125 0.7256944444444444 0.14652777777777778 0.16041666666666668
0 0.47708333333333336 0.5333333333333333 0.043055555555555555 0.06388888888888888
0 0.32708333333333334 0.5381944444444444 0.10208333333333333 0.12708333333333333
0 0.23125 0.6381944444444444 0.13055555555555556 0.23125
0 0.23958333333333334 0.6847222222222222 0.0798611111111111 0.13819444444444445
0 0.03680555555555556 0.9125 0.07361111111111111 0.17222222222222222
0 0.08472222222222223 0.9451388888888889 0.04583333333333333 0.05694444444444444
0 0.08680555555555555 0.9868055555555556 0.09583333333333334 0.02361111111111111
0 0.03194444444444444 0.7416666666666667 0.06388888888888888 0.08055555555555556
0 0.10416666666666667 0.75625 0.09513888888888888 0.07777777777777778
0 0.7493055555555556 0.4527777777777778 0.4986111111111111 0.14722222222222223
0 0.9104166666666667 0.8798611111111111 0.1763888888888889 0.2375
0 0.7375 0.7111111111111111 0.475 0.575