0 0.11875 0.375 0.23680555555555555 0.375
0 0.22013888888888888 0.5319444444444444 0.1125 0.07222222222222222
0 0.06666666666666667 0.14791666666666667 0.13333333333333333 0.29583333333333334
0 0.20833333333333334 0.1625 0.20833333333333334 0.325
0 0.7395833333333334 0.25069444444444444 0.31319444444444444 0.32916666666666666
0 0.9416666666666667 0.28402777777777777 0.11388888888888889 0.5680555555555555
0 0.5222222222222223 0.3701388888888889 0.16666666666666666 0.2625
0 0.8020833333333334 0.4548611111111111 0.2847222222222222 0.2263888888888889
0 0.61875 0.4638888888888889 0.2986111111111111 0.20833333333333334
0 0.5659722222222222 0.11944444444444445 0.25416666666666665 0.2388888888888889
0 0.8291666666666667 0.10902777777777778 0.3388888888888889 0.21805555555555556
0 0.11597222222222223 0.6875 0.23194444444444445 0.2361111111111111
0 0.30277777777777776 0.6694444444444444 0.26944444444444443 0.2
0 0.32083333333333336 0.8340277777777778 0.06944444444444445 0.14375
0 0.12152777777777778 0.8583333333333333 0.24305555555555555 0.28055555555555556
0 0.3277777777777778 0.9444444444444444 0.21944444444444444 0.10833333333333334
0 0.08888888888888889 0.9513888888888888 0.17777777777777778 0.09444444444444444
0 0.71875 0.8256944444444444 0.5597222222222222 0.3458333333333333
0 0.7083333333333334 0.6986111111111111 0.2972222222222222 0.20625
0 0.49930555555555556 0.8263888888888888 0.12083333333333333 0.34444444444444444