0 0.5027777777777778 0.1125 0.2111111111111111 0.225
0 0.06875 0.23333333333333334 0.1375 0.25833333333333336
0 0.25069444444444444 0.22569444444444445 0.2569444444444444 0.2847222222222222
0 0.4826388888888889 0.24375 0.2513888888888889 0.24861111111111112
0 0.33611111111111114 0.07916666666666666 0.3 0.15833333333333333
0 0.09930555555555555 0.08055555555555556 0.1986111111111111 0.16111111111111112
0 0.7819444444444444 0.10208333333333333 0.14166666666666666 0.13055555555555556
0 0.9291666666666667 0.1701388888888889 0.08125 0.11944444444444445
0 0.8597222222222223 0.31180555555555556 0.23055555555555557 0.1125
0 0.9840277777777777 0.10694444444444444 0.029166666666666667 0.14166666666666666
0 0.9715277777777778 0.011805555555555555 0.05416666666666667 0.02361111111111111
0 0.9131944444444444 0.027777777777777776 0.0763888888888889 0.05555555555555555
0 0.6666666666666666 0.19652777777777777 0.11388888888888889 0.17916666666666667
0 0.48680555555555555 0.6458333333333334 0.12152777777777778 0.16041666666666668
0 0.25833333333333336 0.9666666666666667 0.044444444444444446 0.06388888888888888
0 0.30416666666666664 0.8791666666666667 0.06944444444444445 0.10625
0 0.4979166666666667 0.5472222222222223 0.07083333333333333 0.05138888888888889
0 0.5833333333333334 0.5284722222222222 0.05 0.13472222222222222
0 0.5208333333333334 0.9541666666666667 0.06944444444444445 0.08888888888888889
0 0.19236111111111112 0.9625 0.07083333333333333 0.07222222222222222
0 0.1638888888888889 0.6319444444444444 0.04097222222222222 0.05277777777777778
0 0.1111111111111111 0.6229166666666667 0.05625 0.04722222222222222
0 0.2 0.5631944444444444 0.07152777777777777 0.08472222222222223
0 0.36319444444444443 0.5979166666666667 0.03611111111111111 0.0375
0 0.30833333333333335 0.6215277777777778 0.04583333333333333 0.043055555555555555
0 0.3215277777777778 0.9666666666666667 0.1597222222222222 0.06388888888888888
0 0.020833333333333332 0.6701388888888888 0.041666666666666664 0.05416666666666667
0 0.5625 0.6208333333333333 0.03333333333333333 0.07222222222222222
0 0.020833333333333332 0.9784722222222222 0.041666666666666664 0.04027777777777778
0 0.044444444444444446 0.7145833333333333 0.08472222222222223 0.04583333333333333
0 0.3055555555555556 0.5777777777777777 0.09513888888888888 0.06875
0 0.2423611111111111 0.6680555555555555 0.11597222222222223 0.10833333333333334
0 0.19305555555555556 0.8270833333333333 0.08958333333333333 0.14305555555555555
0 0.11527777777777778 0.9090277777777778 0.07777777777777778 0.07222222222222222
0 0.013888888888888888 0.8291666666666667 0.027777777777777776 0.11388888888888889
0 0.2263888888888889 0.7125 0.05763888888888889 0.05625
0 0.05277777777777778 0.6159722222222223 0.06666666666666667 0.06527777777777778
0 0.3375 0.6652777777777777 0.07083333333333333 0.0625
0 0.6534722222222222 0.9736111111111111 0.07083333333333333 0.05
0 0.8520833333333333 0.9694444444444444 0.04236111111111111 0.03819444444444445
0 0.9118055555555555 0.9833333333333333 0.0625 0.030555555555555555
0 0.9631944444444445 0.9763888888888889 0.04097222222222222 0.02847222222222222
0 0.63125 0.8493055555555555 0.043055555555555555 0.04861111111111111
0 0.9763888888888889 0.44722222222222224 0.044444444444444446 0.1388888888888889
0 0.9722222222222222 0.9256944444444445 0.05277777777777778 0.04583333333333333
0 0.9916666666666667 0.7652777777777777 0.013888888888888888 0.06388888888888888
0 0.8388888888888889 0.7965277777777777 0.05763888888888889 0.04375
0 0.6354166666666666 0.95625 0.05138888888888889 0.07361111111111111
0 0.6618055555555555 0.8118055555555556 0.04236111111111111 0.03958333333333333
0 0.8180555555555555 0.9291666666666667 0.059027777777777776 0.04722222222222222
0 0.6534722222222222 0.7298611111111111 0.043055555555555555 0.03680555555555556
0 0.6138888888888889 0.6604166666666667 0.008333333333333333 0.04861111111111111