0 0.13958333333333334 0.14444444444444443 0.2791666666666667 0.28888888888888886
0 0.26666666666666666 0.2833333333333333 0.21944444444444444 0.15
0 0.6381944444444444 0.06666666666666667 0.1597222222222222 0.13333333333333333
0 0.8527777777777777 0.11736111111111111 0.2916666666666667 0.23472222222222222
0 0.5902777777777778 0.20972222222222223 0.18055555555555555 0.28055555555555556
0 0.7152777777777778 0.2125 0.4305555555555556 0.2916666666666667
0 0.17708333333333334 0.7118055555555556 0.3541666666666667 0.5736111111111111
0 0.10416666666666667 0.4152777777777778 0.20833333333333334 0.1111111111111111
0 0.9256944444444445 0.8236111111111111 0.09097222222222222 0.11597222222222223
0 0.9805555555555555 0.8472222222222222 0.03611111111111111 0.12777777777777777
0 0.8638888888888889 0.8638888888888889 0.225 0.19583333333333333
0 0.5576388888888889 0.9034722222222222 0.11527777777777778 0.19027777777777777
0 0.8402777777777778 0.9222222222222223 0.31666666666666665 0.1527777777777778
0 0.725 0.6625 0.45 0.6055555555555555
0 0.5479166666666667 0.6555555555555556 0.09583333333333334 0.4166666666666667
0 0.9159722222222222 0.7208333333333333 0.08194444444444444 0.22013888888888888