0 0.041666666666666664 0.38819444444444445 0.08333333333333333 0.22916666666666666
0 0.18680555555555556 0.4131944444444444 0.2652777777777778 0.30972222222222223
0 0.39305555555555555 0.3958333333333333 0.16944444444444445 0.34444444444444444
0 0.06180555555555556 0.5256944444444445 0.12361111111111112 0.08472222222222223
0 0.3326388888888889 0.0875 0.2902777777777778 0.175
0 0.1111111111111111 0.13819444444444445 0.2222222222222222 0.2763888888888889
0 0.2673611111111111 0.18888888888888888 0.19375 0.26458333333333334
0 0.89375 0.49166666666666664 0.20694444444444443 0.1527777777777778
0 0.15138888888888888 0.7756944444444445 0.30277777777777776 0.3013888888888889
0 0.3423611111111111 0.8486111111111111 0.19444444444444445 0.26666666666666666
0 0.18055555555555555 0.9506944444444444 0.13333333333333333 0.09583333333333334
0 0.12708333333333333 0.9611111111111111 0.25416666666666665 0.075
0 0.36319444444444443 0.9659722222222222 0.22916666666666666 0.06527777777777778
0 0.32916666666666666 0.61875 0.2972222222222222 0.09861111111111111
0 0.8763888888888889 0.7840277777777778 0.24444444444444444 0.42916666666666664
0 0.6166666666666667 0.98125 0.03888888888888889 0.034722222222222224
0 0.5215277777777778 0.7979166666666667 0.08472222222222223 0.4013888888888889
0 0.6534722222222222 0.6819444444444445 0.3486111111111111 0.225
0 0.7034722222222223 0.9027777777777778 0.19027777777777777 0.19166666666666668
0 0.8631944444444445 0.975 0.09861111111111111 0.04722222222222222
0 0.8069444444444445 0.8819444444444444 0.07222222222222222 0.1361111111111111