0 0.5034722222222222 0.15763888888888888 0.20972222222222223 0.31527777777777777
0 0.08611111111111111 0.3229166666666667 0.17222222222222222 0.2263888888888889
0 0.2701388888888889 0.3548611111111111 0.22361111111111112 0.3263888888888889
0 0.4861111111111111 0.3701388888888889 0.24444444444444444 0.29583333333333334
0 0.13333333333333333 0.4673611111111111 0.16944444444444445 0.10138888888888889
0 0.1527777777777778 0.06875 0.21666666666666667 0.1375
0 0.34652777777777777 0.12916666666666668 0.2625 0.25833333333333336
0 0.1125 0.12986111111111112 0.225 0.25972222222222224
0 0.7770833333333333 0.20416666666666666 0.3347222222222222 0.4083333333333333
0 0.09097222222222222 0.8631944444444445 0.03194444444444444 0.06875
0 0.4576388888888889 0.9347222222222222 0.04236111111111111 0.025694444444444443
0 0.4625 0.9604166666666667 0.03888888888888889 0.03611111111111111
0 0.4340277777777778 0.9743055555555555 0.03125 0.0375
0 0.30625 0.9923611111111111 0.04583333333333333 0.0125
0 0.24027777777777778 0.9555555555555556 0.034722222222222224 0.024305555555555556
0 0.27361111111111114 0.9881944444444445 0.025 0.020833333333333332
0 0.10902777777777778 0.9201388888888888 0.05763888888888889 0.03611111111111111
0 0.04791666666666667 0.9027777777777778 0.07430555555555556 0.08125
0 0.06111111111111111 0.9555555555555556 0.09166666666666666 0.08611111111111111
0 0.15625 0.8916666666666667 0.021527777777777778 0.030555555555555555
0 0.034722222222222224 0.8402777777777778 0.04861111111111111 0.05555555555555555
0 0.12569444444444444 0.8756944444444444 0.04097222222222222 0.05763888888888889
0 0.07152777777777777 0.9423611111111111 0.041666666666666664 0.035416666666666666
0 0.20694444444444443 0.9798611111111111 0.10555555555555556 0.0375
0 0.5604166666666667 0.9895833333333334 0.05138888888888889 0.018055555555555554
0 0.8791666666666667 0.9388888888888889 0.09513888888888888 0.09305555555555556
0 0.8375 0.6125 0.32222222222222224 0.18611111111111112
0 0.8930555555555556 0.9826388888888888 0.06111111111111111 0.03194444444444444
0 0.8701388888888889 0.7472222222222222 0.20208333333333334 0.20208333333333334
0 0.6597222222222222 0.5736111111111111 0.1 0.10833333333333334