0 0.41875 0.4048611111111111 0.2513888888888889 0.2875
0 0.17777777777777778 0.4354166666666667 0.2972222222222222 0.2263888888888889
0 0.4979166666666667 0.059722222222222225 0.17916666666666667 0.11944444444444445
0 0.10347222222222222 0.0375 0.19305555555555556 0.075
0 0.21388888888888888 0.013888888888888888 0.06111111111111111 0.027777777777777776
0 0.3458333333333333 0.1625 0.3416666666666667 0.325
0 0.08680555555555555 0.16319444444444445 0.1736111111111111 0.3236111111111111
0 0.13333333333333333 0.25972222222222224 0.1326388888888889 0.2673611111111111
0 0.49444444444444446 0.2611111111111111 0.18611111111111112 0.3611111111111111
0 0.8729166666666667 0.1451388888888889 0.030555555555555555 0.04236111111111111
0 0.6069444444444444 0.24513888888888888 0.03611111111111111 0.12361111111111112
0 0.9694444444444444 0.25069444444444444 0.058333333333333334 0.44027777777777777
0 0.7902777777777777 0.28402777777777777 0.3402777777777778 0.33402777777777776
0 0.6777777777777778 0.37430555555555556 0.15347222222222223 0.13819444444444445
0 0.7173611111111111 0.48541666666666666 0.2569444444444444 0.12638888888888888
0 0.875 0.5041666666666667 0.24722222222222223 0.08888888888888889
0 0.8784722222222222 0.05625 0.24027777777777778 0.1125
0 0.6854166666666667 0.09166666666666666 0.19305555555555556 0.18333333333333332
0 0.23958333333333334 0.7951388888888888 0.46805555555555556 0.40694444444444444
0 0.4777777777777778 0.9152777777777777 0.21944444444444444 0.16666666666666666
0 0.26319444444444445 0.6 0.42916666666666664 0.1
0 0.49375 0.7215277777777778 0.1875 0.34305555555555556
0 0.6833333333333333 0.7548611111111111 0.12708333333333333 0.3055555555555556
0 0.7277777777777777 0.6145833333333334 0.26944444444444443 0.12916666666666668
0 0.8666666666666667 0.6888888888888889 0.2638888888888889 0.2777777777777778
0 0.9583333333333334 0.8791666666666667 0.08055555555555556 0.2388888888888889
0 0.7916666666666666 0.8951388888888889 0.3194444444444444 0.20694444444444443