0 0.21666666666666667 0.18680555555555556 0.24166666666666667 0.3736111111111111
0 0.19652777777777777 0.3458333333333333 0.28194444444444444 0.1638888888888889
0 0.09444444444444444 0.1527777777777778 0.18888888888888888 0.3055555555555556
0 0.35208333333333336 0.14444444444444443 0.02638888888888889 0.125
0 0.9631944444444445 0.38125 0.07083333333333333 0.09305555555555556
0 0.6263888888888889 0.1736111111111111 0.07916666666666666 0.08819444444444445
0 0.5645833333333333 0.15069444444444444 0.05277777777777778 0.05555555555555555
0 0.5576388888888889 0.20208333333333334 0.0625 0.05763888888888889
0 0.49583333333333335 0.21180555555555555 0.0625 0.0875
0 0.38819444444444445 0.3784722222222222 0.049305555555555554 0.07083333333333333
0 0.4076388888888889 0.3111111111111111 0.06944444444444445 0.09583333333333334
0 0.4548611111111111 0.36875 0.0763888888888889 0.06319444444444444
0 0.9520833333333333 0.40347222222222223 0.09305555555555556 0.04861111111111111
0 0.9111111111111111 0.27708333333333335 0.07152777777777777 0.08888888888888889
0 0.6805555555555556 0.23958333333333334 0.08125 0.08263888888888889
0 0.6298611111111111 0.2916666666666667 0.07013888888888889 0.11388888888888889
0 0.36666666666666664 0.3125 0.05555555555555555 0.06944444444444445
0 0.7631944444444444 0.31666666666666665 0.05694444444444444 0.04583333333333333
0 0.5354166666666667 0.39375 0.16527777777777777 0.06805555555555555
0 0.6576388888888889 0.40555555555555556 0.08472222222222223 0.044444444444444446
0 0.7333333333333333 0.40902777777777777 0.08611111111111111 0.0375
0 0.7722222222222223 0.3770833333333333 0.07013888888888889 0.0798611111111111
0 0.8298611111111112 0.41597222222222224 0.10138888888888889 0.02361111111111111
0 0.35347222222222224 0.3819444444444444 0.029166666666666667 0.09166666666666666
0 0.9548611111111112 0.1763888888888889 0.04861111111111111 0.06041666666666667
0 0.7673611111111112 0.10902777777777778 0.1909722222222222 0.16805555555555557
0 0.74375 0.19166666666666668 0.06111111111111111 0.07013888888888889
0 0.16875 0.7138888888888889 0.3375 0.5694444444444444
0 0.31666666666666665 0.7145833333333333 0.041666666666666664 0.12083333333333333
0 0.23958333333333334 0.8069444444444445 0.05 0.15902777777777777
0 0.28125 0.8597222222222223 0.1125 0.2777777777777778
0 0.1763888888888889 0.9763888888888889 0.09722222222222222 0.044444444444444446
0 0.15138888888888888 0.9513888888888888 0.30277777777777776 0.09444444444444444
0 0.6868055555555556 0.6590277777777778 0.09791666666666667 0.14583333333333334
0 0.5625 0.94375 0.11944444444444445 0.10972222222222222
0 0.8638888888888889 0.6152777777777778 0.08194444444444444 0.08888888888888889
0 0.825 0.6284722222222222 0.06527777777777778 0.07569444444444444
0 0.5777777777777777 0.44166666666666665 0.07777777777777778 0.025
0 0.5680555555555555 0.4527777777777778 0.06111111111111111 0.04722222222222222
0 0.36875 0.6368055555555555 0.05277777777777778 0.06319444444444444
0 0.5722222222222222 0.7201388888888889 0.08263888888888889 0.07222222222222222
0 0.7777777777777778 0.5083333333333333 0.1361111111111111 0.15833333333333333
0 0.8722222222222222 0.5527777777777778 0.10833333333333334 0.09375
0 0.9222222222222223 0.6402777777777777 0.06805555555555555 0.09375
0 0.9388888888888889 0.49930555555555556 0.11944444444444445 0.14027777777777778
0 0.725 0.7513888888888889 0.10972222222222222 0.11944444444444445
0 0.725 0.7520833333333333 0.1125 0.12013888888888889
0 0.9784722222222222 0.8326388888888889 0.04027777777777778 0.33194444444444443
0 0.9763888888888889 0.6270833333333333 0.044444444444444446 0.15138888888888888
0 0.8597222222222223 0.4701388888888889 0.09166666666666666 0.08194444444444444
0 0.9291666666666667 0.8333333333333334 0.1388888888888889 0.17777777777777778
0 0.6708333333333333 0.4736111111111111 0.08055555555555556 0.08888888888888889