0 0.46319444444444446 0.36736111111111114 0.10972222222222222 0.19583333333333333
0 0.03611111111111111 0.36180555555555555 0.07222222222222222 0.27361111111111114
0 0.37430555555555556 0.4131944444444444 0.2902777777777778 0.17083333333333334
0 0.13680555555555557 0.4444444444444444 0.18194444444444444 0.10833333333333334
0 0.3972222222222222 0.17777777777777778 0.24166666666666667 0.35555555555555557
0 0.21041666666666667 0.23333333333333334 0.3625 0.4666666666666667
0 0.7138888888888889 0.08125 0.05763888888888889 0.0375
0 0.5708333333333333 0.4409722222222222 0.09722222222222222 0.04861111111111111
0 0.8326388888888889 0.41041666666666665 0.06180555555555556 0.059027777777777776
0 0.9944444444444445 0.39861111111111114 0.008333333333333333 0.03611111111111111
0 0.8069444444444445 0.29305555555555557 0.050694444444444445 0.04097222222222222
0 0.88125 0.4888888888888889 0.0625 0.019444444444444445
0 0.6381944444444444 0.0375 0.029861111111111113 0.03333333333333333
0 0.7298611111111111 0.008333333333333333 0.04861111111111111 0.016666666666666666
0 0.7395833333333334 0.02361111111111111 0.04722222222222222 0.03263888888888889
0 0.8 0.46041666666666664 0.08055555555555556 0.0763888888888889
0 0.6763888888888889 0.47708333333333336 0.06944444444444445 0.043055555555555555
0 0.7048611111111112 0.45208333333333334 0.11041666666666666 0.07569444444444444
0 0.7402777777777778 0.3798611111111111 0.06666666666666667 0.07152777777777777
0 0.6138888888888889 0.4326388888888889 0.04652777777777778 0.04097222222222222
0 0.9847222222222223 0.2465277777777778 0.027777777777777776 0.04027777777777778
0 0.7034722222222223 0.2569444444444444 0.07152777777777777 0.04652777777777778
0 0.7465277777777778 0.2923611111111111 0.06388888888888888 0.04583333333333333
0 0.7993055555555556 0.3875 0.08194444444444444 0.06458333333333334
0 0.6215277777777778 0.29375 0.04583333333333333 0.07361111111111111
0 0.5763888888888888 0.3368055555555556 0.035416666666666666 0.03888888888888889
0 0.8402777777777778 0.25972222222222224 0.0375 0.034722222222222224
0 0.6340277777777777 0.3784722222222222 0.06180555555555556 0.04791666666666667
0 0.6909722222222222 0.35208333333333336 0.03194444444444444 0.05416666666666667
0 0.975 0.36319444444444443 0.04722222222222222 0.043055555555555555
0 0.5277777777777778 0.4513888888888889 0.016666666666666666 0.03611111111111111
0 0.53125 0.04097222222222222 0.02361111111111111 0.034722222222222224
0 0.8333333333333334 0.1875 0.03819444444444445 0.03263888888888889
0 0.7840277777777778 0.12569444444444444 0.03333333333333333 0.04236111111111111
0 0.7520833333333333 0.1375 0.02847222222222222 0.03125
0 0.7381944444444445 0.22708333333333333 0.06319444444444444 0.04791666666666667
0 0.5395833333333333 0.19166666666666668 0.04027777777777778 0.06388888888888888
0 0.10069444444444445 0.74375 0.12916666666666668 0.11388888888888889
0 0.12152777777777778 0.7923611111111111 0.05694444444444444 0.07708333333333334
0 0.19305555555555556 0.725 0.06319444444444444 0.06388888888888888
0 0.05138888888888889 0.8680555555555556 0.06805555555555555 0.05347222222222222
0 0.1527777777777778 0.9159722222222222 0.10277777777777777 0.09305555555555556
0 0.04861111111111111 0.9145833333333333 0.09722222222222222 0.10416666666666667
0 0.14652777777777778 0.9770833333333333 0.0625 0.043055555555555555
0 0.018055555555555554 0.6611111111111111 0.03611111111111111 0.075
0 0.4861111111111111 0.8993055555555556 0.06388888888888888 0.1986111111111111
0 0.37083333333333335 0.7840277777777778 0.29444444444444445 0.3013888888888889
0 0.10833333333333334 0.6076388888888888 0.09444444444444444 0.09791666666666667
0 0.20069444444444445 0.7777777777777778 0.12291666666666666 0.12430555555555556
0 0.15208333333333332 0.8611111111111112 0.14583333333333334 0.10416666666666667
0 0.48819444444444443 0.8104166666666667 0.059722222222222225 0.12916666666666668
0 0.23402777777777778 0.6569444444444444 0.09166666666666666 0.11805555555555555
0 0.3527777777777778 0.5805555555555556 0.15 0.16111111111111112
0 0.2673611111111111 0.5222222222222223 0.03194444444444444 0.03263888888888889
0 0.052083333333333336 0.6847222222222222 0.10416666666666667 0.09722222222222222
0 0.23819444444444443 0.9618055555555556 0.14305555555555555 0.07361111111111111
0 0.21875 0.5784722222222223 0.05416666666666667 0.05763888888888889
0 0.9513888888888888 0.5479166666666667 0.05625 0.04652777777777778
0 0.9534722222222223 0.5194444444444445 0.04027777777777778 0.03611111111111111
0 0.8138888888888889 0.5333333333333333 0.05555555555555555 0.06666666666666667
0 0.7763888888888889 0.65 0.08402777777777778 0.05347222222222222
0 0.7416666666666667 0.56875 0.059722222222222225 0.08055555555555556
0 0.7430555555555556 0.5298611111111111 0.075 0.059722222222222225
0 0.5840277777777778 0.9486111111111111 0.12916666666666668 0.1
0 0.6555555555555556 0.5986111111111111 0.1388888888888889 0.07916666666666666
0 0.5729166666666666 0.7347222222222223 0.10694444444444444 0.08611111111111111
0 0.8381944444444445 0.9125 0.07708333333333334 0.08194444444444444
0 0.5520833333333334 0.7881944444444444 0.06527777777777778 0.07361111111111111
0 0.6236111111111111 0.8215277777777777 0.13958333333333334 0.08541666666666667
0 0.6236111111111111 0.7694444444444445 0.09513888888888888 0.059722222222222225
0 0.8173611111111111 0.9618055555555556 0.13194444444444445 0.07361111111111111
0 0.9520833333333333 0.7854166666666667 0.07847222222222222 0.07708333333333334
0 0.8951388888888889 0.5340277777777778 0.07916666666666666 0.06805555555555555
0 0.5347222222222222 0.6965277777777777 0.030555555555555555 0.05416666666666667
0 0.7451388888888889 0.8215277777777777 0.0763888888888889 0.09722222222222222
0 0.8979166666666667 0.9638888888888889 0.06805555555555555 0.059027777777777776
0 0.61875 0.69375 0.08611111111111111 0.09166666666666666
0 0.5409722222222222 0.6569444444444444 0.043055555555555555 0.04722222222222222
0 0.7013888888888888 0.6333333333333333 0.06458333333333334 0.059722222222222225
0 0.7486111111111111 0.6756944444444445 0.1 0.08888888888888889
0 0.8548611111111111 0.6097222222222223 0.03194444444444444 0.043055555555555555
0 0.81875 0.5618055555555556 0.0875 0.06666666666666667
0 0.8451388888888889 0.5208333333333334 0.04861111111111111 0.041666666666666664
0 0.7326388888888888 0.8840277777777777 0.07361111111111111 0.05625
0 0.7159722222222222 0.9 0.07777777777777778 0.07361111111111111
0 0.9027777777777778 0.7291666666666666 0.06666666666666667 0.07916666666666666
0 0.8465277777777778 0.6451388888888889 0.04861111111111111 0.05
0 0.9506944444444444 0.6520833333333333 0.059027777777777776 0.0625
0 0.9381944444444444 0.6979166666666666 0.034722222222222224 0.058333333333333334
0 0.8944444444444445 0.6708333333333333 0.06527777777777778 0.06458333333333334
0 0.9388888888888889 0.8173611111111111 0.04027777777777778 0.04375
0 0.8923611111111112 0.6263888888888889 0.04375 0.06666666666666667
0 0.95625 0.8465277777777778 0.02847222222222222 0.04236111111111111
0 0.8340277777777778 0.6916666666666667 0.06458333333333334 0.06388888888888888
0 0.8458333333333333 0.7541666666666667 0.05486111111111111 0.06458333333333334
0 0.8597222222222223 0.8145833333333333 0.06944444444444445 0.06319444444444444
0 0.8493055555555555 0.86875 0.09444444444444444 0.06944444444444445
0 0.5395833333333333 0.5798611111111112 0.04027777777777778 0.09861111111111111
0 0.6875 0.5423611111111111 0.05625 0.03888888888888889
0 0.9340277777777778 0.5680555555555555 0.043055555555555555 0.04027777777777778