0 0.1986111111111111 0.22013888888888888 0.33055555555555555 0.13472222222222222
0 0.4395833333333333 0.16944444444444445 0.1763888888888889 0.2361111111111111
0 0.075 0.14375 0.15 0.2875
0 0.29791666666666666 0.14375 0.36527777777777776 0.2875
0 0.7638888888888888 0.14375 0.46944444444444444 0.2875
0 0.05555555555555555 0.5173611111111112 0.034722222222222224 0.075
0 0.4548611111111111 0.5951388888888889 0.04583333333333333 0.027777777777777776
0 0.4597222222222222 0.6229166666666667 0.04236111111111111 0.03888888888888889
0 0.4284722222222222 0.6381944444444444 0.034027777777777775 0.04027777777777778
0 0.28958333333333336 0.6715277777777777 0.04861111111111111 0.03958333333333333
0 0.14722222222222223 0.9784722222222222 0.10555555555555556 0.04027777777777778
0 0.07916666666666666 0.8902777777777777 0.04375 0.07777777777777778
0 0.21875 0.6180555555555556 0.03819444444444445 0.027083333333333334
0 0.01597222222222222 0.7909722222222222 0.03194444444444444 0.059722222222222225
0 0.03680555555555556 0.7506944444444444 0.04722222222222222 0.05
0 0.020833333333333332 0.9625 0.03888888888888889 0.05486111111111111
0 0.25416666666666665 0.65625 0.025694444444444443 0.027777777777777776
0 0.22291666666666668 0.9125 0.06666666666666667 0.06875
0 0.07569444444444444 0.5791666666666667 0.0625 0.03888888888888889
0 0.025 0.5604166666666667 0.05 0.09027777777777778
0 0.26805555555555555 0.8708333333333333 0.06180555555555556 0.0625
0 0.09375 0.7152777777777778 0.022222222222222223 0.03194444444444444
0 0.425 0.8152777777777778 0.06041666666666667 0.07083333333333333
0 0.40347222222222223 0.8597222222222223 0.07291666666666667 0.06388888888888888
0 0.45 0.8763888888888889 0.06597222222222222 0.059027777777777776
0 0.45069444444444445 0.7854166666666667 0.03819444444444445 0.04722222222222222
0 0.5027777777777778 0.8888888888888888 0.05 0.05277777777777778
0 0.02638888888888889 0.9069444444444444 0.05277777777777778 0.06111111111111111
0 0.2076388888888889 0.8569444444444444 0.09375 0.09166666666666666
0 0.2972222222222222 0.9388888888888889 0.052083333333333336 0.04236111111111111
0 0.38958333333333334 0.9236111111111112 0.13958333333333334 0.10069444444444445
0 0.27291666666666664 0.8013888888888889 0.07152777777777777 0.08541666666666667
0 0.03680555555555556 0.6194444444444445 0.07361111111111111 0.09722222222222222
0 0.0763888888888889 0.9777777777777777 0.075 0.041666666666666664
0 0.25 0.9715277777777778 0.07222222222222222 0.05416666666666667
0 0.12708333333333333 0.5486111111111112 0.02361111111111111 0.03263888888888889
0 0.011111111111111112 0.49236111111111114 0.022222222222222223 0.0625
0 0.09375 0.53125 0.044444444444444446 0.0625
0 0.034722222222222224 0.6034722222222222 0.04513888888888889 0.03888888888888889
0 0.5006944444444444 0.8305555555555556 0.05416666666666667 0.09166666666666666
0 0.16180555555555556 0.7395833333333334 0.03958333333333333 0.04583333333333333
0 0.18194444444444444 0.6666666666666666 0.11319444444444444 0.08333333333333333
0 0.11944444444444445 0.8895833333333333 0.09791666666666667 0.09722222222222222
0 0.1986111111111111 0.8048611111111111 0.04236111111111111 0.04027777777777778
0 0.018055555555555554 0.8618055555555556 0.03611111111111111 0.05138888888888889
0 0.2326388888888889 0.8097222222222222 0.027777777777777776 0.029166666666666667
0 0.07083333333333333 0.8013888888888889 0.05 0.03125
0 0.30069444444444443 0.8652777777777778 0.052083333333333336 0.06041666666666667
0 0.1423611111111111 0.9534722222222223 0.06041666666666667 0.04375
0 0.4708333333333333 0.8375 0.043055555555555555 0.05555555555555555
0 0.38680555555555557 0.7666666666666667 0.03819444444444445 0.07152777777777777
0 0.1701388888888889 0.7923611111111111 0.03125 0.04722222222222222
0 0.9097222222222222 0.5583333333333333 0.15486111111111112 0.15833333333333333
0 0.5513888888888889 0.3145833333333333 0.044444444444444446 0.05138888888888889
0 0.8923611111111112 0.45694444444444443 0.10555555555555556 0.07569444444444444
0 0.8979166666666667 0.39861111111111114 0.08958333333333333 0.05694444444444444
0 0.6055555555555555 0.30486111111111114 0.08333333333333333 0.03194444444444444
0 0.6104166666666667 0.8680555555555556 0.1625 0.2611111111111111
0 0.83125 0.8194444444444444 0.18541666666666667 0.15902777777777777
0 0.9701388888888889 0.35347222222222224 0.05694444444444444 0.12916666666666668
0 0.825 0.30277777777777776 0.05 0.027777777777777776
0 0.9159722222222222 0.31319444444444444 0.11527777777777778 0.04861111111111111
0 0.9270833333333334 0.3597222222222222 0.06805555555555555 0.0625
0 0.93125 0.7458333333333333 0.13055555555555556 0.09583333333333334
0 0.5986111111111111 0.6548611111111111 0.11666666666666667 0.1597222222222222
0 0.9736111111111111 0.4305555555555556 0.05 0.08055555555555556
0 0.6291666666666667 0.40208333333333335 0.2 0.19305555555555556
0 0.7756944444444445 0.3541666666666667 0.0875 0.09444444444444444
0 0.7277777777777777 0.5986111111111111 0.13125 0.14027777777777778
0 0.8222222222222222 0.6916666666666667 0.1388888888888889 0.18958333333333333
0 0.7375 0.9472222222222222 0.08611111111111111 0.09444444444444444
0 0.8277777777777777 0.9458333333333333 0.08680555555555555 0.09097222222222222
0 0.8076388888888889 0.42430555555555555 0.10277777777777777 0.11805555555555555
0 0.69375 0.7541666666666667 0.22152777777777777 0.16666666666666666
0 0.9430555555555555 0.64375 0.1111111111111111 0.14583333333333334
0 0.9243055555555556 0.8958333333333334 0.1486111111111111 0.20555555555555555
0 0.6034722222222222 0.5458333333333333 0.1486111111111111 0.13055555555555556
0 0.7381944444444445 0.5270833333333333 0.11875 0.09305555555555556