0 0.33194444444444443 0.0875 0.20416666666666666 0.15763888888888888
0 0.14444444444444443 0.13541666666666666 0.21666666666666667 0.2111111111111111
0 0.07777777777777778 0.29305555555555557 0.15555555555555556 0.4
0 0.3138888888888889 0.3173611111111111 0.30833333333333335 0.4013888888888889
0 0.13194444444444445 0.4625 0.2638888888888889 0.1111111111111111
0 0.8 0.41041666666666665 0.325 0.2152777777777778
0 0.64375 0.2590277777777778 0.3486111111111111 0.5180555555555556
0 0.8979166666666667 0.17083333333333334 0.2013888888888889 0.3416666666666667
0 0.1701388888888889 0.5645833333333333 0.06527777777777778 0.052083333333333336
0 0.15902777777777777 0.5333333333333333 0.059722222222222225 0.027777777777777776
0 0.27847222222222223 0.9673611111111111 0.2569444444444444 0.0625
0 0.43472222222222223 0.7326388888888888 0.06666666666666667 0.06805555555555555
0 0.4513888888888889 0.7763888888888889 0.03333333333333333 0.08888888888888889
0 0.34791666666666665 0.5263888888888889 0.02361111111111111 0.013888888888888888
0 0.3 0.5298611111111111 0.04722222222222222 0.020833333333333332
0 0.2638888888888889 0.53125 0.03611111111111111 0.02361111111111111
0 0.20902777777777778 0.5923611111111111 0.041666666666666664 0.04236111111111111
0 0.3527777777777778 0.5930555555555556 0.025694444444444443 0.04236111111111111
0 0.36736111111111114 0.625 0.03263888888888889 0.02361111111111111
0 0.4534722222222222 0.6652777777777777 0.020833333333333332 0.03819444444444445
0 0.40555555555555556 0.6444444444444445 0.05486111111111111 0.06388888888888888
0 0.31527777777777777 0.6777777777777778 0.05416666666666667 0.075
0 0.45069444444444445 0.9013888888888889 0.034722222222222224 0.10555555555555556
0 0.42569444444444443 0.9673611111111111 0.07083333333333333 0.0625
0 0.3625 0.6701388888888888 0.06944444444444445 0.08055555555555556
0 0.08125 0.7520833333333333 0.12916666666666668 0.23125
0 0.41944444444444445 0.5361111111111111 0.09722222222222222 0.03333333333333333
0 0.3472222222222222 0.78125 0.1527777777777778 0.11666666666666667
0 0.42777777777777776 0.8548611111111111 0.08055555555555556 0.08472222222222223
0 0.17916666666666667 0.7638888888888888 0.11388888888888889 0.14652777777777778
0 0.25069444444444444 0.6784722222222223 0.05763888888888889 0.05277777777777778
0 0.24375 0.7305555555555555 0.06111111111111111 0.05625
0 0.2923611111111111 0.7131944444444445 0.03819444444444445 0.03680555555555556
0 0.23680555555555555 0.8645833333333334 0.27708333333333335 0.13958333333333334
0 0.4513888888888889 0.6090277777777777 0.03333333333333333 0.07083333333333333
0 0.66875 0.6027777777777777 0.39861111111111114 0.16666666666666666
0 0.7055555555555556 0.8381944444444445 0.4722222222222222 0.32083333333333336