0 0.14097222222222222 0.2986111111111111 0.28194444444444444 0.35833333333333334
0 0.32916666666666666 0.35138888888888886 0.15833333333333333 0.25277777777777777
0 0.06805555555555555 0.11527777777777778 0.1361111111111111 0.23055555555555557
0 0.22152777777777777 0.12083333333333333 0.22083333333333333 0.24166666666666667
0 0.9208333333333333 0.05486111111111111 0.15555555555555556 0.10972222222222222
0 0.6597222222222222 0.2388888888888889 0.5 0.4777777777777778
0 0.875 0.3333333333333333 0.24722222222222223 0.28888888888888886
0 0.4548611111111111 0.17777777777777778 0.09027777777777778 0.35555555555555557
0 0.27569444444444446 0.9756944444444444 0.14027777777777778 0.04583333333333333
0 0.2513888888888889 0.5055555555555555 0.04722222222222222 0.05277777777777778
0 0.2881944444444444 0.4888888888888889 0.04027777777777778 0.019444444444444445
0 0.23333333333333334 0.6048611111111111 0.030555555555555555 0.04791666666666667
0 0.1875 0.6173611111111111 0.029166666666666667 0.04513888888888889
0 0.20972222222222223 0.5972222222222222 0.03333333333333333 0.0375
0 0.17847222222222223 0.5805555555555556 0.03333333333333333 0.041666666666666664
0 0.08541666666666667 0.8083333333333333 0.17083333333333334 0.275
0 0.11319444444444444 0.9798611111111111 0.1625 0.0375
0 0.24722222222222223 0.7722222222222223 0.2861111111111111 0.4527777777777778
0 0.3770833333333333 0.8180555555555555 0.0625 0.16944444444444445
0 0.3548611111111111 0.49236111111111114 0.10694444444444444 0.02638888888888889
0 0.14791666666666667 0.6305555555555555 0.03888888888888889 0.06111111111111111
0 0.24375 0.5541666666666667 0.10277777777777777 0.07013888888888889
0 0.08194444444444444 0.6590277777777778 0.1638888888888889 0.14305555555555555
0 0.11666666666666667 0.5006944444444444 0.07222222222222222 0.043055555555555555
0 0.20277777777777778 0.5229166666666667 0.06666666666666667 0.0875
0 0.3458333333333333 0.5076388888888889 0.07777777777777778 0.05694444444444444
0 0.06736111111111111 0.5465277777777777 0.13472222222222222 0.13472222222222222
0 0.37083333333333335 0.6458333333333334 0.075 0.15555555555555556
0 0.9069444444444444 0.5986111111111111 0.18333333333333332 0.2388888888888889
0 0.6118055555555556 0.5861111111111111 0.4041666666666667 0.21388888888888888
0 0.8486111111111111 0.8368055555555556 0.1986111111111111 0.32430555555555557
0 0.5902777777777778 0.8131944444444444 0.3611111111111111 0.37083333333333335