0 0.30694444444444446 0.5319444444444444 0.2833333333333333 0.23333333333333334
0 0.4083333333333333 0.06666666666666667 0.08055555555555556 0.13333333333333333
0 0.14375 0.1326388888888889 0.2875 0.2652777777777778
0 0.025 0.19930555555555557 0.05 0.31527777777777777
0 0.3402777777777778 0.2847222222222222 0.21666666666666667 0.5694444444444444
0 0.13819444444444445 0.43125 0.2763888888888889 0.43472222222222223
0 0.6798611111111111 0.4097222222222222 0.32916666666666666 0.4777777777777778
0 0.8395833333333333 0.46805555555555556 0.0375 0.07013888888888889
0 0.7638888888888888 0.6041666666666666 0.3972222222222222 0.08888888888888889
0 0.5215277777777778 0.04722222222222222 0.14305555555555555 0.09444444444444444
0 0.7645833333333333 0.06597222222222222 0.34305555555555556 0.13194444444444445
0 0.6576388888888889 0.1326388888888889 0.16180555555555556 0.17569444444444443
0 0.8652777777777778 0.19375 0.26666666666666666 0.3875
0 0.49444444444444446 0.33611111111111114 0.08888888888888889 0.5805555555555556
0 0.9305555555555556 0.3875 0.1361111111111111 0.35555555555555557
0 0.13472222222222222 0.9194444444444444 0.26944444444444443 0.15833333333333333
0 0.15694444444444444 0.6930555555555555 0.13333333333333333 0.08611111111111111
0 0.05416666666666667 0.8104166666666667 0.10833333333333334 0.32083333333333336
0 0.2465277777777778 0.7840277777777778 0.09097222222222222 0.10833333333333334
0 0.3263888888888889 0.8243055555555555 0.24444444444444444 0.3486111111111111
0 0.7625 0.7666666666666667 0.14444444444444443 0.23333333333333334
0 0.9118055555555555 0.8125 0.1736111111111111 0.325
0 0.51875 0.8909722222222223 0.1375 0.2152777777777778
0 0.6868055555555556 0.9125 0.22916666666666666 0.17222222222222222
0 0.8020833333333334 0.9118055555555555 0.39305555555555555 0.1736111111111111
0 0.5819444444444445 0.75625 0.2638888888888889 0.2125