0 0.3159722222222222 0.1701388888888889 0.18472222222222223 0.2763888888888889
0 0.31875 0.06111111111111111 0.17083333333333334 0.12222222222222222
0 0.18541666666666667 0.1361111111111111 0.17569444444444443 0.24722222222222223
0 0.7041666666666667 0.14652777777777778 0.5888888888888889 0.29305555555555557
0 0.7083333333333334 0.25069444444444444 0.5805555555555556 0.11527777777777778
0 0.3173611111111111 0.5055555555555555 0.18194444444444444 0.3638888888888889
0 0.11805555555555555 0.5694444444444444 0.2361111111111111 0.5194444444444445
0 0.34652777777777777 0.7972222222222223 0.12361111111111112 0.2388888888888889
0 0.2326388888888889 0.8743055555555556 0.25972222222222224 0.24861111111111112
0 0.09166666666666666 0.8868055555555555 0.18333333333333332 0.22361111111111112
0 0.9569444444444445 0.5395833333333333 0.08333333333333333 0.17916666666666667
0 0.9618055555555556 0.79375 0.06944444444444445 0.05347222222222222
0 0.8381944444444445 0.4625 0.2847222222222222 0.3055555555555556
0 0.9743055555555555 0.7631944444444444 0.04861111111111111 0.1763888888888889
0 0.8048611111111111 0.625 0.11666666666666667 0.12291666666666666
0 0.8659722222222223 0.7090277777777778 0.15208333333333332 0.08680555555555555
0 0.5381944444444444 0.6354166666666666 0.2569444444444444 0.22083333333333333
0 0.6256944444444444 0.4652777777777778 0.19444444444444445 0.24722222222222223
0 0.47638888888888886 0.4618055555555556 0.13333333333333333 0.30416666666666664