0 0.35694444444444445 0.40069444444444446 0.3215277777777778 0.38333333333333336
0 0.5729166666666666 0.4409722222222222 0.12916666666666668 0.4152777777777778
0 0.13819444444444445 0.6034722222222222 0.1361111111111111 0.225
0 0.4618055555555556 0.6402777777777777 0.35138888888888886 0.15555555555555556
0 0.5340277777777778 0.03958333333333333 0.20694444444444443 0.07916666666666666
0 0.1763888888888889 0.10138888888888889 0.10277777777777777 0.20277777777777778
0 0.2847222222222222 0.14652777777777778 0.16111111111111112 0.29305555555555557
0 0.4951388888888889 0.19722222222222222 0.2847222222222222 0.28888888888888886
0 0.1597222222222222 0.30625 0.1638888888888889 0.23194444444444445
0 0.6923611111111111 0.6027777777777777 0.10694444444444444 0.23055555555555557
0 0.8444444444444444 0.6736111111111112 0.21944444444444444 0.08888888888888889
0 0.8125 0.10694444444444444 0.3472222222222222 0.21388888888888888
0 0.6708333333333333 0.34652777777777777 0.06388888888888888 0.2791666666666667
0 0.8402777777777778 0.40069444444444446 0.30833333333333335 0.5986111111111111
0 0.4027777777777778 0.9402777777777778 0.09722222222222222 0.11666666666666667
0 0.24027777777777778 0.8201388888888889 0.1638888888888889 0.11388888888888889
0 0.4361111111111111 0.7375 0.044444444444444446 0.03611111111111111
0 0.38958333333333334 0.7423611111111111 0.04583333333333333 0.04583333333333333
0 0.5694444444444444 0.725 0.03611111111111111 0.011111111111111112
0 0.09375 0.8833333333333333 0.1875 0.21666666666666667
0 0.59375 0.7743055555555556 0.0875 0.0875
0 0.33125 0.9319444444444445 0.059722222222222225 0.13333333333333333
0 0.6180555555555556 0.7375 0.03888888888888889 0.03611111111111111
0 0.6305555555555555 0.7756944444444445 0.013888888888888888 0.0375
0 0.6131944444444445 0.8548611111111111 0.04861111111111111 0.05694444444444444
0 0.31527777777777777 0.7604166666666666 0.09722222222222222 0.08194444444444444
0 0.81875 0.7638888888888888 0.3597222222222222 0.08888888888888889
0 0.9604166666666667 0.8590277777777777 0.0763888888888889 0.2791666666666667