0 0.08611111111111111 0.2722222222222222 0.17222222222222222 0.2722222222222222
0 0.43819444444444444 0.31180555555555556 0.24027777777777778 0.19305555555555556
0 0.1076388888888889 0.08819444444444445 0.19305555555555556 0.1763888888888889
0 0.2833333333333333 0.18125 0.28055555555555556 0.3625
0 0.475 0.18263888888888888 0.16666666666666666 0.32083333333333336
0 0.5819444444444445 0.04652777777777778 0.044444444444444446 0.09305555555555556
0 0.9583333333333334 0.16666666666666666 0.08055555555555556 0.3333333333333333
0 0.7708333333333334 0.2722222222222222 0.4222222222222222 0.2722222222222222
0 0.7791666666666667 0.10694444444444444 0.4388888888888889 0.21388888888888888
0 0.03958333333333333 0.8972222222222223 0.07916666666666666 0.20277777777777778
0 0.23125 0.7944444444444444 0.26180555555555557 0.29791666666666666
0 0.54375 0.5993055555555555 0.029166666666666667 0.04583333333333333
0 0.5020833333333333 0.6340277777777777 0.05416666666666667 0.07291666666666667
0 0.02638888888888889 0.7361111111111112 0.05277777777777778 0.12222222222222222
0 0.4666666666666667 0.4736111111111111 0.06875 0.06041666666666667
0 0.26319444444444445 0.5798611111111112 0.06388888888888888 0.075
0 0.017361111111111112 0.5840277777777778 0.034722222222222224 0.0875
0 0.46875 0.7618055555555555 0.17916666666666667 0.18194444444444444
0 0.5208333333333334 0.5041666666666667 0.075 0.05
0 0.28958333333333336 0.6833333333333333 0.08402777777777778 0.09166666666666666
0 0.42986111111111114 0.9736111111111111 0.14305555555555555 0.05
0 0.47291666666666665 0.91875 0.17083333333333334 0.15416666666666667
0 0.0798611111111111 0.49444444444444446 0.07777777777777778 0.11736111111111111
0 0.1840277777777778 0.6131944444444445 0.06180555555555556 0.05486111111111111
0 0.17430555555555555 0.5472222222222223 0.09236111111111112 0.08611111111111111
0 0.3277777777777778 0.4395833333333333 0.10833333333333334 0.059722222222222225
0 0.3909722222222222 0.5770833333333333 0.07847222222222222 0.09930555555555555
0 0.36041666666666666 0.9736111111111111 0.10416666666666667 0.05
0 0.07291666666666667 0.6520833333333333 0.06111111111111111 0.08680555555555555
0 0.04236111111111111 0.5791666666666667 0.07083333333333333 0.09375
0 0.5513888888888889 0.6736111111111112 0.013888888888888888 0.06388888888888888
0 0.049305555555555554 0.4465277777777778 0.09861111111111111 0.07361111111111111
0 0.4847222222222222 0.5875 0.06319444444444444 0.05347222222222222
0 0.03125 0.7020833333333333 0.049305555555555554 0.03611111111111111
0 0.013888888888888888 0.6604166666666667 0.027777777777777776 0.07361111111111111
0 0.25277777777777777 0.9701388888888889 0.11666666666666667 0.05694444444444444
0 0.7923611111111111 0.48125 0.4125 0.14305555555555555
0 0.6076388888888888 0.6784722222222223 0.09583333333333334 0.46805555555555556
0 0.7791666666666667 0.7326388888888888 0.4388888888888889 0.5319444444444444