0 0.16111111111111112 0.33194444444444443 0.32222222222222224 0.3277777777777778
0 0.3375 0.4340277777777778 0.26944444444444443 0.26805555555555555
0 0.5340277777777778 0.48680555555555555 0.20694444444444443 0.1625
0 0.06736111111111111 0.10486111111111111 0.13472222222222222 0.20972222222222223
0 0.43472222222222223 0.06319444444444444 0.14166666666666666 0.12638888888888888
0 0.2743055555555556 0.15763888888888888 0.28194444444444444 0.31527777777777777
0 0.50625 0.2388888888888889 0.24861111111111112 0.4777777777777778
0 0.6770833333333334 0.2638888888888889 0.0763888888888889 0.14166666666666666
0 0.9611111111111111 0.2972222222222222 0.075 0.34444444444444444
0 0.8083333333333333 0.35 0.2791666666666667 0.25069444444444444
0 0.7027777777777777 0.4388888888888889 0.12777777777777777 0.25833333333333336
0 0.8527777777777777 0.5222222222222223 0.2916666666666667 0.09166666666666666
0 0.9743055555555555 0.07569444444444444 0.04861111111111111 0.10694444444444444
0 0.8604166666666667 0.13541666666666666 0.2361111111111111 0.24166666666666667
0 0.7041666666666667 0.14583333333333334 0.13055555555555556 0.17222222222222222
0 0.31875 0.7840277777777778 0.6375 0.42916666666666664
0 0.7527777777777778 0.9458333333333333 0.19722222222222222 0.10555555555555556
0 0.7493055555555556 0.7638888888888888 0.10833333333333334 0.2652777777777778
0 0.9604166666666667 0.7798611111111111 0.0763888888888889 0.37916666666666665
0 0.8465277777777778 0.7916666666666666 0.14097222222222222 0.29791666666666666