0 0.18541666666666667 0.19444444444444445 0.29305555555555557 0.3888888888888889
0 0.34305555555555556 0.3020833333333333 0.18888888888888888 0.2125
0 0.13125 0.3840277777777778 0.25416666666666665 0.04861111111111111
0 0.3861111111111111 0.11041666666666666 0.10277777777777777 0.22083333333333333
0 0.04097222222222222 0.1423611111111111 0.08194444444444444 0.2847222222222222
0 0.7694444444444445 0.027777777777777776 0.29444444444444445 0.05555555555555555
0 0.5319444444444444 0.04236111111111111 0.17222222222222222 0.08472222222222223
0 0.5465277777777777 0.13958333333333334 0.1486111111111111 0.1986111111111111
0 0.48194444444444445 0.2423611111111111 0.08611111111111111 0.33194444444444443
0 0.8604166666666667 0.20416666666666666 0.2763888888888889 0.4083333333333333
0 0.6215277777777778 0.25 0.2625 0.31666666666666665
0 0.23472222222222222 0.5125 0.1361111111111111 0.20555555555555555
0 0.09652777777777778 0.6430555555555556 0.19305555555555556 0.4666666666666667
0 0.29375 0.84375 0.11041666666666666 0.15763888888888888
0 0.3090277777777778 0.6638888888888889 0.2569444444444444 0.3416666666666667
0 0.17083333333333334 0.8256944444444444 0.1284722222222222 0.14166666666666666
0 0.04375 0.9201388888888888 0.059722222222222225 0.10902777777777778
0 0.24861111111111112 0.9368055555555556 0.1527777777777778 0.12361111111111112
0 0.5736111111111111 0.63125 0.26944444444444443 0.38472222222222224
0 0.8986111111111111 0.65 0.2 0.48055555555555557
0 0.7479166666666667 0.7465277777777778 0.15555555555555556 0.28888888888888886
0 0.6138888888888889 0.8701388888888889 0.35 0.2569444444444444
0 0.9576388888888889 0.9131944444444444 0.08194444444444444 0.17083333333333334
0 0.8361111111111111 0.9340277777777778 0.2222222222222222 0.12916666666666668
0 0.8006944444444445 0.4222222222222222 0.10972222222222222 0.025
0 0.65 0.48819444444444443 0.3138888888888889 0.15694444444444444
0 0.7375 0.5534722222222223 0.18055555555555555 0.14166666666666666