0 0.24305555555555555 0.24375 0.26944444444444443 0.4875
0 0.07083333333333333 0.24861111111111112 0.14166666666666666 0.4777777777777778
0 0.6111111111111112 0.3159722222222222 0.06805555555555555 0.08263888888888889
0 0.6791666666666667 0.18194444444444444 0.07291666666666667 0.0763888888888889
0 0.9069444444444444 0.15902777777777777 0.08680555555555555 0.08402777777777778
0 0.9381944444444444 0.02638888888888889 0.0375 0.05277777777777778
0 0.825 0.38333333333333336 0.05 0.06805555555555555
0 0.8652777777777778 0.35694444444444445 0.043055555555555555 0.04791666666666667
0 0.8055555555555556 0.4791666666666667 0.03333333333333333 0.016666666666666666
0 0.7798611111111111 0.4777777777777778 0.0375 0.019444444444444445
0 0.7465277777777778 0.4673611111111111 0.0375 0.04027777777777778
0 0.9388888888888889 0.33611111111111114 0.11944444444444445 0.10555555555555556
0 0.7243055555555555 0.3423611111111111 0.04375 0.049305555555555554
0 0.65 0.24583333333333332 0.0798611111111111 0.07013888888888889
0 0.5125 0.10347222222222222 0.06458333333333334 0.11041666666666666
0 0.4951388888888889 0.16111111111111112 0.0875 0.05555555555555555
0 0.4166666666666667 0.09166666666666666 0.075 0.11944444444444445
0 0.8173611111111111 0.4423611111111111 0.1111111111111111 0.0763888888888889
0 0.7319444444444444 0.2152777777777778 0.07152777777777777 0.12083333333333333
0 0.9069444444444444 0.21666666666666667 0.08819444444444445 0.07291666666666667
0 0.6791666666666667 0.37430555555555556 0.07708333333333334 0.06597222222222222
0 0.7729166666666667 0.4027777777777778 0.07013888888888889 0.10347222222222222
0 0.4722222222222222 0.31805555555555554 0.06944444444444445 0.07222222222222222
0 0.40069444444444446 0.21875 0.043055555555555555 0.0875
0 0.4041666666666667 0.05 0.05 0.1
0 0.41597222222222224 0.38680555555555557 0.07361111111111111 0.14305555555555555
0 0.47708333333333336 0.022222222222222223 0.05138888888888889 0.044444444444444446
0 0.6861111111111111 0.12569444444444444 0.08333333333333333 0.06875
0 0.9277777777777778 0.3798611111111111 0.08194444444444444 0.08541666666666667
0 0.9569444444444445 0.25416666666666665 0.0763888888888889 0.0625
0 0.9895833333333334 0.3013888888888889 0.018055555555555554 0.05277777777777778
0 0.9576388888888889 0.13472222222222222 0.08194444444444444 0.14722222222222223
0 0.9458333333333333 0.10555555555555556 0.07152777777777777 0.03819444444444445
0 0.8923611111111112 0.1111111111111111 0.04027777777777778 0.029166666666666667
0 0.9270833333333334 0.059027777777777776 0.03263888888888889 0.04027777777777778
0 0.7395833333333334 0.30972222222222223 0.08541666666666667 0.06736111111111111
0 0.775 0.3423611111111111 0.05763888888888889 0.03958333333333333
0 0.8333333333333334 0.2916666666666667 0.03819444444444445 0.04583333333333333
0 0.8680555555555556 0.05138888888888889 0.043055555555555555 0.05763888888888889
0 0.5083333333333333 0.23680555555555555 0.2 0.15694444444444444
0 0.8298611111111112 0.12083333333333333 0.06180555555555556 0.04583333333333333
0 0.6229166666666667 0.41875 0.15138888888888888 0.1375
0 0.05763888888888889 0.9368055555555556 0.11527777777777778 0.12361111111111112
0 0.32569444444444445 0.56875 0.05416666666666667 0.029166666666666667
0 0.14930555555555555 0.5868055555555556 0.075 0.15763888888888888
0 0.10208333333333333 0.5305555555555556 0.07916666666666666 0.08333333333333333
0 0.22430555555555556 0.6395833333333333 0.09097222222222222 0.05486111111111111
0 0.2569444444444444 0.5395833333333333 0.058333333333333334 0.059722222222222225
0 0.22777777777777777 0.8833333333333333 0.08958333333333333 0.09027777777777778
0 0.3729166666666667 0.5527777777777778 0.009722222222222222 0.12777777777777777
0 0.3138888888888889 0.8340277777777778 0.058333333333333334 0.08958333333333333
0 0.28194444444444444 0.8611111111111112 0.04513888888888889 0.04097222222222222
0 0.30694444444444446 0.49583333333333335 0.05 0.013888888888888888
0 0.02013888888888889 0.7006944444444444 0.04027777777777778 0.09861111111111111
0 0.15 0.7243055555555555 0.11319444444444444 0.12222222222222222
0 0.32430555555555557 0.76875 0.0625 0.07013888888888889
0 0.12916666666666668 0.9097222222222222 0.15833333333333333 0.17777777777777778
0 0.22916666666666666 0.49930555555555556 0.075 0.020833333333333332
0 0.30069444444444443 0.9333333333333333 0.15416666666666667 0.13055555555555556
0 0.8145833333333333 0.74375 0.3680555555555556 0.5097222222222222
0 0.5069444444444444 0.8284722222222223 0.25555555555555554 0.27361111111111114
0 0.6347222222222222 0.5944444444444444 0.37222222222222223 0.2111111111111111