0 0.1111111111111111 0.19583333333333333 0.2222222222222222 0.39166666666666666
0 0.26805555555555555 0.33125 0.38472222222222224 0.25972222222222224
0 0.4513888888888889 0.46597222222222223 0.19166666666666668 0.2652777777777778
0 0.08472222222222223 0.5 0.16944444444444445 0.19722222222222222
0 0.3763888888888889 0.12013888888888889 0.26666666666666666 0.24027777777777778
0 0.7486111111111111 0.46111111111111114 0.19722222222222222 0.2361111111111111
0 0.8868055555555555 0.4826388888888889 0.22361111111111112 0.2263888888888889
0 0.8243055555555555 0.08055555555555556 0.3486111111111111 0.16111111111111112
0 0.8381944444444445 0.25069444444444444 0.2743055555555556 0.3125
0 0.17916666666666667 0.7354166666666667 0.13680555555555557 0.20555555555555555
0 0.6256944444444444 0.9756944444444444 0.04583333333333333 0.04583333333333333
0 0.029861111111111113 0.7423611111111111 0.059722222222222225 0.10694444444444444
0 0.09236111111111112 0.8111111111111111 0.18472222222222223 0.15555555555555556
0 0.044444444444444446 0.9104166666666667 0.08888888888888889 0.1763888888888889
0 0.1451388888888889 0.8944444444444445 0.10277777777777777 0.10486111111111111
0 0.2673611111111111 0.88125 0.14166666666666666 0.09027777777777778
0 0.6083333333333333 0.7861111111111111 0.08055555555555556 0.07222222222222222
0 0.55625 0.8354166666666667 0.06527777777777778 0.07291666666666667
0 0.6055555555555555 0.8631944444444445 0.08611111111111111 0.08194444444444444
0 0.4965277777777778 0.91875 0.075 0.1111111111111111
0 0.3902777777777778 0.8138888888888889 0.15694444444444444 0.09930555555555555
0 0.33611111111111114 0.9486111111111111 0.20277777777777778 0.1
0 0.08472222222222223 0.9680555555555556 0.16944444444444445 0.06111111111111111
0 0.1798611111111111 0.975 0.0375 0.04722222222222222
0 0.8243055555555555 0.7993055555555556 0.3486111111111111 0.39861111111111114