0 0.05763888888888889 0.1875 0.11527777777777778 0.375
0 0.1597222222222222 0.26875 0.29444444444444445 0.4375
0 0.8958333333333334 0.175 0.20555555555555555 0.35
0 0.5277777777777778 0.09791666666666667 0.2972222222222222 0.19583333333333333
0 0.7381944444444445 0.43680555555555556 0.5208333333333334 0.10138888888888889
0 0.6888888888888889 0.24375 0.6194444444444445 0.4875
0 0.04027777777777778 0.6708333333333333 0.08055555555555556 0.19444444444444445
0 0.2611111111111111 0.69375 0.23333333333333334 0.4097222222222222
0 0.15416666666666667 0.9104166666666667 0.30833333333333335 0.1763888888888889
0 0.07430555555555556 0.7548611111111111 0.1486111111111111 0.16805555555555557
0 0.9020833333333333 0.8631944444444445 0.15694444444444444 0.2708333333333333
0 0.6965277777777777 0.5833333333333334 0.14166666666666666 0.1284722222222222
0 0.7638888888888888 0.8666666666666667 0.22777777777777777 0.2638888888888889