0 0.41597222222222224 0.15138888888888888 0.16527777777777777 0.30277777777777776
0 0.07847222222222222 0.20416666666666666 0.15694444444444444 0.4083333333333333
0 0.9715277777777778 0.19305555555555556 0.05 0.10277777777777777
0 0.7027777777777777 0.33611111111111114 0.1326388888888889 0.12083333333333333
0 0.7993055555555556 0.36736111111111114 0.10416666666666667 0.08055555555555556
0 0.9881944444444445 0.23402777777777778 0.020833333333333332 0.04861111111111111
0 0.7881944444444444 0.2833333333333333 0.03194444444444444 0.07916666666666666
0 0.6381944444444444 0.16875 0.0763888888888889 0.12291666666666666
0 0.6 0.3145833333333333 0.06180555555555556 0.06736111111111111
0 0.5166666666666667 0.25625 0.03333333333333333 0.1597222222222222
0 0.5388888888888889 0.33194444444444443 0.07777777777777778 0.06666666666666667
0 0.5152777777777777 0.3763888888888889 0.030555555555555555 0.06388888888888888
0 0.5465277777777777 0.375 0.05416666666666667 0.06666666666666667
0 0.7513888888888889 0.2152777777777778 0.09027777777777778 0.10694444444444444
0 0.7333333333333333 0.15486111111111112 0.0625 0.05625
0 0.9652777777777778 0.06180555555555556 0.06666666666666667 0.12361111111111112
0 0.8854166666666666 0.27708333333333335 0.14166666666666666 0.17222222222222222
0 0.7201388888888889 0.25763888888888886 0.1125 0.11666666666666667
0 0.9027777777777778 0.3784722222222222 0.10833333333333334 0.059722222222222225
0 0.6576388888888889 0.008333333333333333 0.059722222222222225 0.016666666666666666
0 0.9625 0.36041666666666666 0.07222222222222222 0.09305555555555556
0 0.16527777777777777 0.6402777777777777 0.09236111111111112 0.06458333333333334
0 0.12708333333333333 0.5708333333333333 0.10277777777777777 0.08611111111111111
0 0.06180555555555556 0.9270833333333334 0.12361111111111112 0.12361111111111112
0 0.07916666666666666 0.54375 0.06875 0.052083333333333336
0 0.02013888888888889 0.5597222222222222 0.04027777777777778 0.03888888888888889
0 0.2847222222222222 0.6798611111111111 0.06388888888888888 0.08125
0 0.11805555555555555 0.41805555555555557 0.03333333333333333 0.016666666666666666
0 0.04583333333333333 0.4527777777777778 0.043055555555555555 0.030555555555555555
0 0.22569444444444445 0.44027777777777777 0.04097222222222222 0.03125
0 0.34652777777777777 0.6034722222222222 0.05694444444444444 0.05694444444444444
0 0.34097222222222223 0.675 0.06666666666666667 0.07291666666666667
0 0.16041666666666668 0.7763888888888889 0.04097222222222222 0.059722222222222225
0 0.24513888888888888 0.8305555555555556 0.04652777777777778 0.05347222222222222
0 0.19583333333333333 0.8430555555555556 0.04722222222222222 0.04861111111111111
0 0.22569444444444445 0.4875 0.04097222222222222 0.0763888888888889
0 0.20902777777777778 0.7083333333333334 0.10208333333333333 0.10416666666666667
0 0.10694444444444444 0.7013888888888888 0.0763888888888889 0.10277777777777777
0 0.38958333333333334 0.8048611111111111 0.0375 0.04791666666666667
0 0.25763888888888886 0.5486111111111112 0.075 0.08611111111111111
0 0.006944444444444444 0.5034722222222222 0.013888888888888888 0.06527777777777778
0 0.41944444444444445 0.8784722222222222 0.10069444444444445 0.09166666666666666
0 0.05 0.6472222222222223 0.09583333333333334 0.03888888888888889
0 0.043055555555555555 0.6875 0.05763888888888889 0.05138888888888889
0 0.2625 0.6555555555555556 0.06458333333333334 0.09097222222222222
0 0.45 0.8381944444444445 0.05486111111111111 0.0375
0 0.17708333333333334 0.5861111111111111 0.07222222222222222 0.08055555555555556
0 0.46875 0.66875 0.059722222222222225 0.043055555555555555
0 0.26805555555555555 0.7611111111111111 0.05138888888888889 0.05277777777777778
0 0.4708333333333333 0.8791666666666667 0.04097222222222222 0.03958333333333333
0 0.4444444444444444 0.9645833333333333 0.06527777777777778 0.059722222222222225
0 0.33194444444444443 0.4375 0.1388888888888889 0.05555555555555555
0 0.2 0.47152777777777777 0.03125 0.03194444444444444
0 0.12986111111111112 0.73125 0.059027777777777776 0.049305555555555554
0 0.3375 0.7652777777777777 0.09513888888888888 0.08541666666666667
0 0.027777777777777776 0.5888888888888889 0.03888888888888889 0.043055555555555555
0 0.4895833333333333 0.7173611111111111 0.018055555555555554 0.07361111111111111
0 0.11597222222222223 0.8576388888888888 0.10347222222222222 0.09583333333333334
0 0.1284722222222222 0.4465277777777778 0.034722222222222224 0.03888888888888889
0 0.6020833333333333 0.6583333333333333 0.06458333333333334 0.05138888888888889
0 0.5909722222222222 0.6131944444444445 0.05694444444444444 0.05486111111111111
0 0.59375 0.5430555555555555 0.04097222222222222 0.030555555555555555
0 0.8715277777777778 0.8243055555555555 0.08125 0.06666666666666667
0 0.8958333333333334 0.8673611111111111 0.06458333333333334 0.08680555555555555
0 0.9597222222222223 0.8854166666666666 0.06388888888888888 0.052083333333333336
0 0.9520833333333333 0.8486111111111111 0.04236111111111111 0.04652777777777778
0 0.9805555555555555 0.7944444444444444 0.03611111111111111 0.09722222222222222
0 0.7777777777777778 0.6145833333333334 0.021527777777777778 0.024305555555555556
0 0.7305555555555555 0.6097222222222223 0.04513888888888889 0.04861111111111111
0 0.6145833333333334 0.5138888888888888 0.029861111111111113 0.035416666666666666
0 0.6763888888888889 0.5263888888888889 0.03958333333333333 0.04375
0 0.90625 0.5180555555555556 0.05625 0.059027777777777776
0 0.9159722222222222 0.48680555555555555 0.04791666666666667 0.030555555555555555
0 0.9777777777777777 0.5166666666666667 0.041666666666666664 0.05
0 0.9791666666666666 0.4666666666666667 0.017361111111111112 0.019444444444444445
0 0.7965277777777777 0.5138888888888888 0.03888888888888889 0.04027777777777778
0 0.69375 0.6069444444444444 0.034722222222222224 0.058333333333333334
0 0.6402777777777777 0.6861111111111111 0.04097222222222222 0.041666666666666664
0 0.7819444444444444 0.6868055555555556 0.025694444444444443 0.04236111111111111
0 0.7965277777777777 0.7180555555555556 0.03194444444444444 0.02361111111111111
0 0.8819444444444444 0.7576388888888889 0.020833333333333332 0.03819444444444445
0 0.8347222222222223 0.7375 0.05416666666666667 0.0625
0 0.5291666666666667 0.4222222222222222 0.058333333333333334 0.025
0 0.9680555555555556 0.9458333333333333 0.06111111111111111 0.09722222222222222
0 0.7451388888888889 0.7701388888888889 0.05347222222222222 0.07430555555555556
0 0.6472222222222223 0.5611111111111111 0.07569444444444444 0.10208333333333333
0 0.9208333333333333 0.96875 0.11666666666666667 0.059722222222222225
0 0.7916666666666666 0.7625 0.06875 0.0798611111111111
0 0.8458333333333333 0.5159722222222223 0.07222222222222222 0.0875
0 0.8111111111111111 0.5555555555555556 0.05 0.050694444444444445
0 0.7659722222222223 0.5270833333333333 0.03333333333333333 0.04513888888888889
0 0.5395833333333333 0.84375 0.07916666666666666 0.22916666666666666
0 0.8513888888888889 0.5916666666666667 0.10069444444444445 0.10902777777777778
0 0.7763888888888889 0.8729166666666667 0.15069444444444444 0.11527777777777778
0 0.9291666666666667 0.6395833333333333 0.1388888888888889 0.10416666666666667
0 0.8638888888888889 0.9451388888888889 0.09236111111111112 0.08194444444444444
0 0.6104166666666667 0.8555555555555555 0.1125 0.1451388888888889
0 0.925 0.7722222222222223 0.07013888888888889 0.05555555555555555
0 0.68125 0.7708333333333334 0.05694444444444444 0.052083333333333336
0 0.6743055555555556 0.8229166666666666 0.06041666666666667 0.05555555555555555
0 0.7222222222222222 0.8048611111111111 0.03819444444444445 0.03611111111111111
0 0.6680555555555555 0.9416666666666667 0.275 0.11388888888888889
0 0.8972222222222223 0.7013888888888888 0.06736111111111111 0.06875
0 0.9486111111111111 0.7041666666666667 0.03611111111111111 0.0625
0 0.9444444444444444 0.5694444444444444 0.06944444444444445 0.04513888888888889
0 0.9826388888888888 0.5569444444444445 0.03194444444444444 0.058333333333333334