0 0.21458333333333332 0.14375 0.3236111111111111 0.2875
0 0.39305555555555555 0.07916666666666666 0.15555555555555556 0.15833333333333333
0 0.4222222222222222 0.14375 0.1527777777777778 0.2875
0 0.02638888888888889 0.17083333333333334 0.05277777777777778 0.23333333333333334
0 0.7493055555555556 0.14375 0.4986111111111111 0.2875
0 0.14791666666666667 0.5555555555555556 0.29583333333333334 0.5333333333333333
0 0.2902777777777778 0.6458333333333334 0.4166666666666667 0.7055555555555556
0 0.6666666666666666 0.8729166666666667 0.10208333333333333 0.11388888888888889
0 0.8847222222222222 0.7645833333333333 0.050694444444444445 0.05763888888888889
0 0.7625 0.6645833333333333 0.04722222222222222 0.03819444444444445
0 0.8701388888888889 0.8159722222222222 0.09930555555555555 0.08680555555555555
0 0.7555555555555555 0.8347222222222223 0.07291666666666667 0.06805555555555555
0 0.8354166666666667 0.6194444444444445 0.04097222222222222 0.029861111111111113
0 0.7048611111111112 0.4722222222222222 0.06111111111111111 0.05347222222222222
0 0.8965277777777778 0.5402777777777777 0.03680555555555556 0.05416666666666667
0 0.9388888888888889 0.7180555555555556 0.04513888888888889 0.05694444444444444
0 0.8243055555555555 0.5895833333333333 0.034027777777777775 0.0375
0 0.7465277777777778 0.7125 0.06180555555555556 0.06736111111111111
0 0.9645833333333333 0.55625 0.05347222222222222 0.0875
0 0.8826388888888889 0.45416666666666666 0.035416666666666666 0.05694444444444444
0 0.5451388888888888 0.8944444444444445 0.058333333333333334 0.0763888888888889
0 0.9847222222222223 0.6909722222222222 0.027777777777777776 0.04861111111111111
0 0.6722222222222223 0.5375 0.04583333333333333 0.04097222222222222
0 0.5486111111111112 0.9625 0.09722222222222222 0.07222222222222222
0 0.925 0.6444444444444445 0.09375 0.07083333333333333
0 0.7513888888888889 0.9715277777777778 0.09166666666666666 0.05416666666666667
0 0.7548611111111111 0.9006944444444445 0.06041666666666667 0.09236111111111112
0 0.6784722222222223 0.6111111111111112 0.03888888888888889 0.05
0 0.6597222222222222 0.5736111111111111 0.04375 0.044444444444444446
0 0.7291666666666666 0.5666666666666667 0.041666666666666664 0.05555555555555555
0 0.5097222222222222 0.8354166666666667 0.019444444444444445 0.0875
0 0.5208333333333334 0.7777777777777778 0.03958333333333333 0.06458333333333334
0 0.5215277777777778 0.7034722222222223 0.043055555555555555 0.05416666666666667
0 0.9319444444444445 0.8340277777777778 0.05416666666666667 0.06458333333333334
0 0.8145833333333333 0.8770833333333333 0.08333333333333333 0.06875
0 0.7180555555555556 0.6395833333333333 0.035416666666666666 0.09305555555555556
0 0.5326388888888889 0.8270833333333333 0.06527777777777778 0.07083333333333333
0 0.55625 0.7972222222222223 0.05694444444444444 0.08680555555555555
0 0.5430555555555555 0.7270833333333333 0.06041666666666667 0.05416666666666667