0 0.16319444444444445 0.26944444444444443 0.3263888888888889 0.4583333333333333
0 0.7597222222222222 0.3298611111111111 0.11666666666666667 0.3375
0 0.3715277777777778 0.3527777777777778 0.30694444444444446 0.2916666666666667
0 0.4666666666666667 0.03194444444444444 0.18611111111111112 0.06388888888888888
0 0.6152777777777778 0.12222222222222222 0.31666666666666665 0.24444444444444444
0 0.30694444444444446 0.11597222222222223 0.32222222222222224 0.23194444444444445
0 0.04861111111111111 0.15208333333333332 0.09722222222222222 0.30416666666666664
0 0.9048611111111111 0.4222222222222222 0.17083333333333334 0.1527777777777778
0 0.6659722222222222 0.8527777777777777 0.30416666666666664 0.2916666666666667
0 0.6888888888888889 0.6041666666666666 0.21666666666666667 0.20833333333333334
0 0.13541666666666666 0.6284722222222222 0.15416666666666667 0.2569444444444444
0 0.034722222222222224 0.7138888888888889 0.06944444444444445 0.42777777777777776
0 0.48541666666666666 0.7493055555555556 0.44583333333333336 0.4986111111111111
0 0.20972222222222223 0.7493055555555556 0.30277777777777776 0.4986111111111111
0 0.12291666666666666 0.5104166666666666 0.2013888888888889 0.020833333333333332
0 0.9090277777777778 0.7493055555555556 0.17916666666666667 0.4986111111111111
0 0.8534722222222222 0.7625 0.06805555555555555 0.4722222222222222
0 0.9090277777777778 0.6666666666666666 0.17916666666666667 0.3333333333333333