0 0.3298611111111111 0.38263888888888886 0.2847222222222222 0.23194444444444445
0 0.41805555555555557 0.1 0.2388888888888889 0.2
0 0.30694444444444446 0.18472222222222223 0.41180555555555554 0.3013888888888889
0 0.04861111111111111 0.21388888888888888 0.09722222222222222 0.20555555555555555
0 0.11458333333333333 0.38125 0.22916666666666666 0.23472222222222222
0 0.725 0.03125 0.025694444444444443 0.041666666666666664
0 0.6979166666666666 0.009722222222222222 0.07083333333333333 0.019444444444444445
0 0.6680555555555555 0.05 0.04513888888888889 0.050694444444444445
0 0.9645833333333333 0.4888888888888889 0.06805555555555555 0.019444444444444445
0 0.7715277777777778 0.4847222222222222 0.08472222222222223 0.027777777777777776
0 0.75625 0.4479166666666667 0.07222222222222222 0.06111111111111111
0 0.8069444444444445 0.41944444444444445 0.05416666666666667 0.1125
0 0.9118055555555555 0.24722222222222223 0.1736111111111111 0.4722222222222222
0 0.6159722222222223 0.48819444444444443 0.059722222222222225 0.020833333333333332
0 0.8756944444444444 0.46458333333333335 0.10138888888888889 0.06805555555555555
0 0.6708333333333333 0.3840277777777778 0.15833333333333333 0.17430555555555555
0 0.7729166666666667 0.26458333333333334 0.06666666666666667 0.11875
0 0.6729166666666667 0.46041666666666664 0.10694444444444444 0.0763888888888889
0 0.575 0.44166666666666665 0.07222222222222222 0.11388888888888889
0 0.8833333333333333 0.10833333333333334 0.06597222222222222 0.06458333333333334
0 0.6159722222222223 0.2708333333333333 0.11597222222222223 0.08263888888888889
0 0.625 0.09930555555555555 0.04236111111111111 0.034722222222222224
0 0.7645833333333333 0.38680555555555557 0.03819444444444445 0.0763888888888889
0 0.7451388888888889 0.22777777777777777 0.030555555555555555 0.04375
0 0.9194444444444444 0.09166666666666666 0.04375 0.05277777777777778
0 0.8270833333333333 0.10902777777777778 0.049305555555555554 0.03611111111111111
0 0.8145833333333333 0.23680555555555555 0.05555555555555555 0.0375
0 0.9333333333333333 0.04791666666666667 0.0375 0.03194444444444444
0 0.7520833333333333 0.059722222222222225 0.044444444444444446 0.04027777777777778
0 0.7673611111111112 0.1 0.06458333333333334 0.044444444444444446
0 0.7090277777777778 0.09097222222222222 0.04583333333333333 0.05555555555555555
0 0.7465277777777778 0.11180555555555556 0.04583333333333333 0.03958333333333333
0 0.79375 0.14027777777777778 0.06875 0.058333333333333334
0 0.6618055555555555 0.21388888888888888 0.08819444444444445 0.07569444444444444
0 0.12638888888888888 0.9055555555555556 0.25277777777777777 0.18611111111111112
0 0.4395833333333333 0.8833333333333333 0.19583333333333333 0.23055555555555557
0 0.2708333333333333 0.5347222222222222 0.1527777777777778 0.06944444444444445
0 0.40069444444444446 0.5368055555555555 0.11527777777777778 0.07361111111111111
0 0.05486111111111111 0.60625 0.10972222222222222 0.2125
0 0.35833333333333334 0.6513888888888889 0.22916666666666666 0.19236111111111112
0 0.49236111111111114 0.6930555555555555 0.09027777777777778 0.33611111111111114
0 0.34375 0.7590277777777777 0.10486111111111111 0.09652777777777778
0 0.19652777777777777 0.7881944444444444 0.30416666666666664 0.2951388888888889
0 0.28194444444444444 0.9229166666666667 0.17569444444444443 0.1375
0 0.6270833333333333 0.8548611111111111 0.1763888888888889 0.2875
0 0.8597222222222223 0.8201388888888889 0.2777777777777778 0.35694444444444445
0 0.8125 0.5888888888888889 0.18333333333333332 0.17777777777777778
0 0.6423611111111112 0.6972222222222222 0.20694444444444443 0.275