0 0.06388888888888888 0.34444444444444444 0.12777777777777777 0.36944444444444446
0 0.24861111111111112 0.3923611111111111 0.2777777777777778 0.4513888888888889
0 0.3597222222222222 0.5340277777777778 0.21666666666666667 0.16805555555555557
0 0.23333333333333334 0.11180555555555556 0.4583333333333333 0.22361111111111112
0 0.4375 0.3298611111111111 0.06111111111111111 0.31527777777777777
0 0.7284722222222222 0.41597222222222224 0.5180555555555556 0.4041666666666667
0 0.5145833333333333 0.3111111111111111 0.09027777777777778 0.17222222222222222
0 0.2875 0.7965277777777777 0.225 0.3541666666666667
0 0.04791666666666667 0.84375 0.09583333333333334 0.30972222222222223
0 0.38263888888888886 0.8395833333333333 0.17083333333333334 0.31805555555555554
0 0.17430555555555555 0.9347222222222222 0.1986111111111111 0.12777777777777777
0 0.10833333333333334 0.7805555555555556 0.17777777777777778 0.32222222222222224
0 0.7611111111111111 0.9041666666666667 0.25555555555555554 0.18888888888888888
0 0.5881944444444445 0.7944444444444444 0.2375 0.35
0 0.78125 0.7069444444444445 0.4097222222222222 0.175
0 0.95 0.7520833333333333 0.09722222222222222 0.2652777777777778