0 0.12777777777777777 0.1638888888888889 0.25555555555555554 0.3277777777777778
0 0.36180555555555555 0.22013888888888888 0.2513888888888889 0.44027777777777777
0 0.4409722222222222 0.3770833333333333 0.09305555555555556 0.2708333333333333
0 0.35347222222222224 0.5291666666666667 0.26805555555555555 0.15833333333333333
0 0.5069444444444444 0.53125 0.03611111111111111 0.11527777777777778
0 0.7118055555555556 0.06875 0.06875 0.09236111111111112
0 0.78125 0.04791666666666667 0.07847222222222222 0.0763888888888889
0 0.7590277777777777 0.11319444444444444 0.06388888888888888 0.0763888888888889
0 0.8409722222222222 0.225 0.05347222222222222 0.049305555555555554
0 0.8361111111111111 0.175 0.024305555555555556 0.052083333333333336
0 0.86875 0.175 0.035416666666666666 0.07916666666666666
0 0.9159722222222222 0.23402777777777778 0.09513888888888888 0.13541666666666666
0 0.9395833333333333 0.15833333333333333 0.058333333333333334 0.06736111111111111
0 0.8979166666666667 0.10069444444444445 0.09791666666666667 0.05277777777777778
0 0.7256944444444444 0.3145833333333333 0.2388888888888889 0.22777777777777777
0 0.5055555555555555 0.10902777777777778 0.03333333333333333 0.059722222222222225
0 0.5409722222222222 0.07222222222222222 0.10416666666666667 0.13055555555555556
0 0.5861111111111111 0.05555555555555555 0.05347222222222222 0.050694444444444445
0 0.5416666666666666 0.013888888888888888 0.08611111111111111 0.027777777777777776
0 0.8375 0.5840277777777778 0.08055555555555556 0.04861111111111111
0 0.5958333333333333 0.2326388888888889 0.09930555555555555 0.08125
0 0.6506944444444445 0.575 0.04583333333333333 0.06111111111111111
0 0.6451388888888889 0.4979166666666667 0.044444444444444446 0.03333333333333333
0 0.5416666666666666 0.3055555555555556 0.10555555555555556 0.17777777777777778
0 0.6166666666666667 0.3138888888888889 0.07847222222222222 0.16041666666666668
0 0.8104166666666667 0.43125 0.15694444444444444 0.10833333333333334
0 0.9541666666666667 0.30416666666666664 0.08888888888888889 0.6083333333333333
0 0.7548611111111111 0.5381944444444444 0.17083333333333334 0.14027777777777778
0 0.5527777777777778 0.41388888888888886 0.12569444444444444 0.11944444444444445
0 0.6902777777777778 0.19305555555555556 0.07013888888888889 0.07083333333333333
0 0.7756944444444445 0.17569444444444443 0.06805555555555555 0.06944444444444445
0 0.3 0.6361111111111111 0.07222222222222222 0.05277777777777778
0 0.47430555555555554 0.7138888888888889 0.02638888888888889 0.08333333333333333
0 0.1875 0.95625 0.14444444444444443 0.08472222222222223
0 0.3298611111111111 0.9590277777777778 0.1763888888888889 0.07916666666666666
0 0.21041666666666667 0.6256944444444444 0.04027777777777778 0.03194444444444444
0 0.08819444444444445 0.8625 0.03819444444444445 0.050694444444444445
0 0.1638888888888889 0.6881944444444444 0.06527777777777778 0.05625
0 0.31180555555555556 0.6888888888888889 0.05763888888888889 0.07152777777777777
0 0.25277777777777777 0.8041666666666667 0.2638888888888889 0.20555555555555555
0 0.034027777777777775 0.9708333333333333 0.049305555555555554 0.049305555555555554
0 0.4222222222222222 0.8736111111111111 0.13055555555555556 0.25
0 0.7166666666666667 0.8041666666666667 0.45555555555555555 0.3888888888888889