0 0.34375 0.075 0.2847222222222222 0.15
0 0.11388888888888889 0.08958333333333333 0.16666666666666666 0.17916666666666667
0 0.034027777777777775 0.12013888888888889 0.06805555555555555 0.24027777777777778
0 0.12777777777777777 0.2326388888888889 0.14375 0.19166666666666668
0 0.05347222222222222 0.26944444444444443 0.10694444444444444 0.19722222222222222
0 0.4284722222222222 0.22430555555555556 0.25972222222222224 0.2875
0 0.20069444444444445 0.2763888888888889 0.25416666666666665 0.18333333333333332
0 0.7902777777777777 0.17708333333333334 0.4166666666666667 0.3541666666666667
0 0.9576388888888889 0.25972222222222224 0.08194444444444444 0.18611111111111112
0 0.425 0.7631944444444444 0.07013888888888889 0.08055555555555556
0 0.23958333333333334 0.7979166666666667 0.14791666666666667 0.09097222222222222
0 0.32916666666666666 0.78125 0.04791666666666667 0.07291666666666667
0 0.41805555555555557 0.5513888888888889 0.04513888888888889 0.05486111111111111
0 0.4861111111111111 0.6881944444444444 0.05138888888888889 0.05347222222222222
0 0.39861111111111114 0.6263888888888889 0.13958333333333334 0.08611111111111111
0 0.4083333333333333 0.7041666666666667 0.09027777777777778 0.11805555555555555
0 0.5097222222222222 0.9861111111111112 0.06944444444444445 0.025
0 0.3416666666666667 0.8631944444444445 0.08541666666666667 0.11875
0 0.44166666666666665 0.9666666666666667 0.08611111111111111 0.06388888888888888
0 0.3638888888888889 0.9430555555555555 0.07777777777777778 0.1111111111111111
0 0.10555555555555556 0.8361111111111111 0.07916666666666666 0.14583333333333334
0 0.21180555555555555 0.9402777777777778 0.22083333333333333 0.11666666666666667
0 0.5020833333333333 0.8833333333333333 0.1125 0.18055555555555555
0 0.47430555555555554 0.56875 0.06805555555555555 0.04861111111111111
0 0.4652777777777778 0.44930555555555557 0.034722222222222224 0.04236111111111111
0 0.5208333333333334 0.4583333333333333 0.04375 0.034722222222222224
0 0.5326388888888889 0.4270833333333333 0.052083333333333336 0.03680555555555556
0 0.4979166666666667 0.6083333333333333 0.04236111111111111 0.044444444444444446
0 0.38125 0.7958333333333333 0.05555555555555555 0.034722222222222224
0 0.2923611111111111 0.6472222222222223 0.04652777777777778 0.049305555555555554
0 0.2625 0.6861111111111111 0.027777777777777776 0.03958333333333333
0 0.24583333333333332 0.6652777777777777 0.04513888888888889 0.05138888888888889
0 0.3548611111111111 0.6770833333333334 0.059027777777777776 0.05763888888888889
0 0.011805555555555555 0.7208333333333333 0.02361111111111111 0.07777777777777778
0 0.05486111111111111 0.9215277777777777 0.10972222222222222 0.14027777777777778
0 0.5479166666666667 0.6763888888888889 0.020833333333333332 0.04722222222222222
0 0.4076388888888889 0.83125 0.05 0.05763888888888889
0 0.27291666666666664 0.7541666666666667 0.06736111111111111 0.05347222222222222
0 0.32569444444444445 0.7277777777777777 0.04652777777777778 0.05
0 0.54375 0.4888888888888889 0.029166666666666667 0.041666666666666664
0 0.5472222222222223 0.5666666666666667 0.022222222222222223 0.05277777777777778
0 0.5381944444444444 0.7659722222222223 0.04027777777777778 0.07083333333333333
0 0.12777777777777777 0.7583333333333333 0.08819444444444445 0.11041666666666666
0 0.050694444444444445 0.8465277777777778 0.10138888888888889 0.2013888888888889
0 0.05138888888888889 0.8861111111111111 0.06944444444444445 0.11944444444444445
0 0.48194444444444445 0.7645833333333333 0.07569444444444444 0.08055555555555556
0 0.6361111111111111 0.7625 0.1527777777777778 0.4361111111111111
0 0.8131944444444444 0.84375 0.22361111111111112 0.30972222222222223
0 0.6395833333333333 0.9444444444444444 0.1597222222222222 0.10833333333333334
0 0.6145833333333334 0.45625 0.10972222222222222 0.1736111111111111
0 0.8104166666666667 0.5659722222222222 0.31527777777777777 0.39305555555555555