0 0.24583333333333332 0.4215277777777778 0.3111111111111111 0.4930555555555556
0 0.45069444444444445 0.5743055555555555 0.27361111111111114 0.1875
0 0.3770833333333333 0.050694444444444445 0.32916666666666666 0.10138888888888889
0 0.22361111111111112 0.125 0.44722222222222224 0.25
0 0.5354166666666667 0.13125 0.10416666666666667 0.2625
0 0.4965277777777778 0.33402777777777776 0.18194444444444444 0.3458333333333333
0 0.06805555555555555 0.3736111111111111 0.1361111111111111 0.4027777777777778
0 0.6965277777777777 0.3902777777777778 0.2152777777777778 0.5555555555555556
0 0.8888888888888888 0.4125 0.21944444444444444 0.5111111111111111
0 0.7576388888888889 0.6513888888888889 0.3263888888888889 0.03333333333333333
0 0.6951388888888889 0.06597222222222222 0.19305555555555556 0.13194444444444445
0 0.9055555555555556 0.14791666666666667 0.18611111111111112 0.29583333333333334
0 0.33402777777777776 0.9833333333333333 0.11805555555555555 0.030555555555555555
0 0.36180555555555555 0.8916666666666667 0.2673611111111111 0.21388888888888888
0 0.46458333333333335 0.7638888888888888 0.09166666666666666 0.0763888888888889
0 0.5354166666666667 0.8236111111111111 0.10416666666666667 0.13333333333333333
0 0.3902777777777778 0.7284722222222222 0.125 0.11805555555555555
0 0.2708333333333333 0.7118055555555556 0.13333333333333333 0.08472222222222223
0 0.2 0.8159722222222222 0.17569444444444443 0.18472222222222223
0 0.01875 0.7715277777777778 0.0375 0.09027777777777778
0 0.07708333333333334 0.8069444444444445 0.14305555555555555 0.15208333333333332
0 0.5416666666666666 0.6965277777777777 0.044444444444444446 0.05416666666666667
0 0.5618055555555556 0.73125 0.05138888888888889 0.12361111111111112
0 0.7729166666666667 0.7840277777777778 0.3680555555555556 0.22916666666666666