0 0.1388888888888889 0.3861111111111111 0.2777777777777778 0.34444444444444444
0 0.27569444444444446 0.43472222222222223 0.25972222222222224 0.24722222222222223
0 0.19444444444444445 0.1451388888888889 0.30833333333333335 0.2902777777777778
0 0.3659722222222222 0.06388888888888888 0.1486111111111111 0.12777777777777777
0 0.4041666666666667 0.20972222222222223 0.16666666666666666 0.41944444444444445
0 0.02013888888888889 0.20625 0.04027777777777778 0.35694444444444445
0 0.6319444444444444 0.525 0.11388888888888889 0.06666666666666667
0 0.5465277777777777 0.5076388888888889 0.10625 0.05625
0 0.5763888888888888 0.4465277777777778 0.10138888888888889 0.07847222222222222
0 0.9631944444444445 0.5229166666666667 0.07083333333333333 0.07083333333333333
0 0.7541666666666667 0.2611111111111111 0.06666666666666667 0.05347222222222222
0 0.5381944444444444 0.39791666666666664 0.09861111111111111 0.07361111111111111
0 0.73125 0.5361111111111111 0.07916666666666666 0.044444444444444446
0 0.9020833333333333 0.12777777777777777 0.07430555555555556 0.05416666666666667
0 0.5680555555555555 0.20972222222222223 0.06875 0.043055555555555555
0 0.6715277777777777 0.2743055555555556 0.05486111111111111 0.058333333333333334
0 0.5097222222222222 0.35 0.041666666666666664 0.04722222222222222
0 0.9847222222222223 0.18541666666666667 0.027777777777777776 0.08472222222222223
0 0.6270833333333333 0.2513888888888889 0.13333333333333333 0.12986111111111112
0 0.50625 0.10208333333333333 0.034722222222222224 0.06527777777777778
0 0.8618055555555556 0.19305555555555556 0.0763888888888889 0.06805555555555555
0 0.4986111111111111 0.1486111111111111 0.019444444444444445 0.05555555555555555
0 0.7798611111111111 0.21736111111111112 0.05486111111111111 0.04583333333333333
0 0.7854166666666667 0.31180555555555556 0.08958333333333333 0.049305555555555554
0 0.8715277777777778 0.24930555555555556 0.07013888888888889 0.059722222222222225
0 0.8965277777777778 0.5243055555555556 0.06805555555555555 0.06805555555555555
0 0.8618055555555556 0.4583333333333333 0.10625 0.09305555555555556
0 0.5076388888888889 0.46111111111111114 0.0375 0.11944444444444445
0 0.8138888888888889 0.42430555555555555 0.07291666666666667 0.08819444444444445
0 0.7868055555555555 0.4875 0.075 0.10625
0 0.9659722222222222 0.4027777777777778 0.06527777777777778 0.06111111111111111
0 0.9847222222222223 0.46041666666666664 0.027777777777777776 0.0625
0 0.6506944444444445 0.46041666666666664 0.0875 0.08472222222222223
0 0.5472222222222223 0.54375 0.11666666666666667 0.029166666666666667
0 0.9597222222222223 0.07152777777777777 0.07777777777777778 0.12361111111111112
0 0.08541666666666667 0.6069444444444444 0.1486111111111111 0.09444444444444444
0 0.041666666666666664 0.69375 0.08333333333333333 0.11805555555555555
0 0.4236111111111111 0.7180555555555556 0.12777777777777777 0.14722222222222223
0 0.02847222222222222 0.6333333333333333 0.05694444444444444 0.11388888888888889
0 0.30625 0.7611111111111111 0.07708333333333334 0.10347222222222222
0 0.40555555555555556 0.6888888888888889 0.1486111111111111 0.18680555555555556
0 0.42916666666666664 0.5888888888888889 0.1 0.058333333333333334
0 0.3472222222222222 0.575 0.10277777777777777 0.030555555555555555
0 0.16944444444444445 0.7194444444444444 0.23402777777777778 0.19444444444444445
0 0.06736111111111111 0.8270833333333333 0.13472222222222222 0.17916666666666667
0 0.24583333333333332 0.6361111111111111 0.20555555555555555 0.1527777777777778
0 0.47638888888888886 0.6458333333333334 0.022222222222222223 0.16666666666666666
0 0.17916666666666667 0.8479166666666667 0.08958333333333333 0.13958333333333334
0 0.6020833333333333 0.8951388888888889 0.2263888888888889 0.20694444444444443
0 0.9006944444444445 0.8736111111111111 0.19583333333333333 0.25
0 0.8208333333333333 0.64375 0.23055555555555557 0.16805555555555557
0 0.9541666666666667 0.7006944444444444 0.08888888888888889 0.28194444444444444
0 0.80625 0.7388888888888889 0.10555555555555556 0.09652777777777778
0 0.6583333333333333 0.7680555555555556 0.30625 0.2965277777777778
0 0.7444444444444445 0.9041666666666667 0.1763888888888889 0.13819444444444445