0 0.06319444444444444 0.46875 0.12638888888888888 0.3625
0 0.12916666666666668 0.5277777777777778 0.25833333333333336 0.28055555555555556
0 0.3840277777777778 0.56875 0.3486111111111111 0.1986111111111111
0 0.13402777777777777 0.6361111111111111 0.26805555555555555 0.06388888888888888
0 0.10069444444444445 0.18333333333333332 0.2013888888888889 0.36666666666666664
0 0.21666666666666667 0.09930555555555555 0.1527777777777778 0.1986111111111111
0 0.5090277777777777 0.20347222222222222 0.09861111111111111 0.40694444444444444
0 0.31527777777777777 0.24930555555555556 0.28888888888888886 0.4986111111111111
0 0.9159722222222222 0.07916666666666666 0.16527777777777777 0.15833333333333333
0 0.8944444444444445 0.5743055555555555 0.20833333333333334 0.1875
0 0.7791666666666667 0.24722222222222223 0.4388888888888889 0.49444444444444446
0 0.7069444444444445 0.6256944444444444 0.19722222222222222 0.08472222222222223
0 0.5458333333333333 0.7416666666666667 0.025 0.05277777777777778
0 0.075 0.7902777777777777 0.15 0.24166666666666667
0 0.30972222222222223 0.9527777777777777 0.09722222222222222 0.09166666666666666
0 0.5118055555555555 0.8208333333333333 0.06944444444444445 0.07361111111111111
0 0.5263888888888889 0.9006944444444445 0.06388888888888888 0.08472222222222223
0 0.5319444444444444 0.8472222222222222 0.05277777777777778 0.09444444444444444
0 0.4951388888888889 0.6875 0.12083333333333333 0.03611111111111111
0 0.43680555555555556 0.8923611111111112 0.24305555555555555 0.2125
0 0.3715277777777778 0.73125 0.19305555555555556 0.12361111111111112
0 0.24375 0.7555555555555555 0.08958333333333333 0.09375
0 0.08472222222222223 0.8881944444444444 0.16944444444444445 0.14027777777777778
0 0.23680555555555555 0.9548611111111112 0.09861111111111111 0.0875
0 0.21666666666666667 0.9006944444444445 0.10208333333333333 0.12708333333333333
0 0.7791666666666667 0.8340277777777778 0.4388888888888889 0.32916666666666666