0 0.14930555555555555 0.08472222222222223 0.2986111111111111 0.16944444444444445
0 0.16458333333333333 0.24722222222222223 0.26805555555555555 0.2222222222222222
0 0.5256944444444445 0.03819444444444445 0.2013888888888889 0.0763888888888889
0 0.3923611111111111 0.17916666666666667 0.18472222222222223 0.35833333333333334
0 0.8284722222222223 0.17916666666666667 0.3402777777777778 0.35833333333333334
0 0.5958333333333333 0.17916666666666667 0.2916666666666667 0.35833333333333334
0 0.24861111111111112 0.8548611111111111 0.1 0.2875
0 0.21319444444444444 0.9527777777777777 0.17083333333333334 0.09166666666666666
0 0.13958333333333334 0.5055555555555555 0.2791666666666667 0.2916666666666667
0 0.25833333333333336 0.4895833333333333 0.08055555555555556 0.24861111111111112
0 0.13819444444444445 0.69375 0.2763888888888889 0.4041666666666667
0 0.41944444444444445 0.5590277777777778 0.2388888888888889 0.39861111111111114
0 0.6159722222222223 0.5791666666666667 0.2708333333333333 0.4388888888888889
0 0.8666666666666667 0.6222222222222222 0.2638888888888889 0.5083333333333333
0 0.9604166666666667 0.7388888888888889 0.0763888888888889 0.5194444444444445
0 0.5215277777777778 0.8409722222222222 0.19305555555555556 0.31527777777777777
0 0.36319444444444443 0.8402777777777778 0.12638888888888888 0.31666666666666665
0 0.775 0.8993055555555556 0.39444444444444443 0.1986111111111111
0 0.4270833333333333 0.4597222222222222 0.25416666666666665 0.2