0 0.24097222222222223 0.4152777777777778 0.2569444444444444 0.26666666666666666
0 0.06111111111111111 0.38958333333333334 0.12222222222222222 0.31805555555555554
0 0.43680555555555556 0.1076388888888889 0.10138888888888889 0.2152777777777778
0 0.11180555555555556 0.125 0.22361111111111112 0.25
0 0.26458333333333334 0.15625 0.25972222222222224 0.3125
0 0.38819444444444445 0.35347222222222224 0.1986111111111111 0.3902777777777778
0 0.85625 0.41597222222222224 0.2847222222222222 0.2652777777777778
0 0.5590277777777778 0.3819444444444444 0.14027777777777778 0.3333333333333333
0 0.6951388888888889 0.4465277777777778 0.2569444444444444 0.20416666666666666
0 0.7104166666666667 0.125 0.3458333333333333 0.25
0 0.9013888888888889 0.15347222222222223 0.19444444444444445 0.30694444444444446
0 0.7430555555555556 0.28888888888888886 0.13402777777777777 0.07569444444444444
0 0.43680555555555556 0.8118055555555556 0.10138888888888889 0.3736111111111111
0 0.20069444444444445 0.85625 0.4013888888888889 0.2847222222222222
0 0.034027777777777775 0.8770833333333333 0.06805555555555555 0.24305555555555555
0 0.37430555555555556 0.9513888888888888 0.2263888888888889 0.09444444444444444
0 0.31180555555555556 0.6618055555555555 0.35138888888888886 0.22361111111111112
0 0.09305555555555556 0.7451388888888889 0.18611111111111112 0.27361111111111114
0 0.7319444444444444 0.9326388888888889 0.2388888888888889 0.13194444444444445
0 0.675 0.5763888888888888 0.18333333333333332 0.05277777777777778
0 0.5638888888888889 0.73125 0.15 0.3625
0 0.8972222222222223 0.7388888888888889 0.20277777777777778 0.37777777777777777
0 0.7395833333333334 0.7319444444444444 0.2652777777777778 0.3638888888888889