0 0.16875 0.08680555555555555 0.3347222222222222 0.1736111111111111
0 0.3173611111111111 0.19027777777777777 0.08402777777777778 0.12152777777777778
0 0.50625 0.1986111111111111 0.3236111111111111 0.28055555555555556
0 0.27569444444444446 0.2923611111111111 0.22083333333333333 0.15138888888888888
0 0.10277777777777777 0.33125 0.20555555555555555 0.07361111111111111
0 0.5284722222222222 0.3347222222222222 0.2791666666666667 0.06666666666666667
0 0.8729166666666667 0.18888888888888888 0.2513888888888889 0.35833333333333334
0 0.7229166666666667 0.2972222222222222 0.10694444444444444 0.14166666666666666
0 0.9298611111111111 0.05486111111111111 0.1375 0.10972222222222222
0 0.75 0.025694444444444443 0.11388888888888889 0.05138888888888889
0 0.7243055555555555 0.17569444444444443 0.10972222222222222 0.1486111111111111
0 0.3076388888888889 0.5083333333333333 0.25972222222222224 0.2777777777777778
0 0.5305555555555556 0.6840277777777778 0.275 0.6291666666666667
0 0.24444444444444444 0.7895833333333333 0.4666666666666667 0.41805555555555557
0 0.7555555555555555 0.7666666666666667 0.10833333333333334 0.10347222222222222
0 0.9743055555555555 0.5340277777777778 0.04861111111111111 0.0763888888888889
0 0.9041666666666667 0.8069444444444445 0.17847222222222223 0.10902777777777778
0 0.7159722222222222 0.5416666666666666 0.07430555555555556 0.07152777777777777
0 0.9361111111111111 0.4791666666666667 0.1111111111111111 0.10347222222222222
0 0.7854166666666667 0.8534722222222222 0.06875 0.08125
0 0.6916666666666667 0.9069444444444444 0.044444444444444446 0.1388888888888889
0 0.86875 0.5854166666666667 0.09861111111111111 0.05486111111111111
0 0.9277777777777778 0.7090277777777778 0.12152777777777778 0.1125
0 0.8173611111111111 0.65625 0.05625 0.06041666666666667
0 0.7743055555555556 0.6756944444444445 0.06458333333333334 0.08541666666666667
0 0.8104166666666667 0.7381944444444445 0.06736111111111111 0.11458333333333333
0 0.7354166666666667 0.4576388888888889 0.07152777777777777 0.07361111111111111
0 0.7569444444444444 0.37777777777777777 0.07777777777777778 0.016666666666666666
0 0.8694444444444445 0.42083333333333334 0.11388888888888889 0.10277777777777777
0 0.9423611111111111 0.4041666666666667 0.04861111111111111 0.06944444444444445
0 0.9604166666666667 0.6333333333333333 0.0763888888888889 0.06666666666666667
0 0.8055555555555556 0.5194444444444445 0.07152777777777777 0.06180555555555556
0 0.7194444444444444 0.9708333333333333 0.1 0.05555555555555555
0 0.6986111111111111 0.4354166666666667 0.058333333333333334 0.06805555555555555
0 0.6784722222222223 0.3909722222222222 0.018055555555555554 0.043055555555555555
0 0.6805555555555556 0.5923611111111111 0.022222222222222223 0.2152777777777778
0 0.8694444444444445 0.9305555555555556 0.25833333333333336 0.1361111111111111
0 0.6986111111111111 0.7256944444444444 0.058333333333333334 0.059722222222222225
0 0.6819444444444445 0.7611111111111111 0.025 0.06388888888888888
0 0.8472222222222222 0.9819444444444444 0.07777777777777778 0.03333333333333333
0 0.7298611111111111 0.5048611111111111 0.05138888888888889 0.04097222222222222
0 0.8055555555555556 0.59375 0.09375 0.09027777777777778
0 0.9381944444444444 0.5993055555555555 0.09375 0.07777777777777778
0 0.7166666666666667 0.6166666666666667 0.0798611111111111 0.1076388888888889
0 0.6881944444444444 0.8256944444444444 0.0375 0.07083333333333333