0 0.1451388888888889 0.48333333333333334 0.2902777777777778 0.28888888888888886
0 0.27152777777777776 0.6104166666666667 0.0875 0.034722222222222224
0 0.16319444444444445 0.16944444444444445 0.29305555555555557 0.3388888888888889
0 0.07222222222222222 0.225 0.14444444444444443 0.45
0 0.27152777777777776 0.30625 0.2125 0.49027777777777776
0 0.4625 0.33125 0.16666666666666666 0.3347222222222222
0 0.4625 0.5048611111111111 0.16666666666666666 0.24583333333333332
0 0.6645833333333333 0.1638888888888889 0.5541666666666667 0.3277777777777778
0 0.74375 0.38819444444444445 0.5097222222222222 0.4791666666666667
0 0.10694444444444444 0.7270833333333333 0.08333333333333333 0.09722222222222222
0 0.28125 0.7118055555555556 0.19305555555555556 0.16527777777777777
0 0.33819444444444446 0.9625 0.07916666666666666 0.07222222222222222
0 0.15347222222222223 0.9604166666666667 0.2375 0.0763888888888889
0 0.24166666666666667 0.8368055555555556 0.03680555555555556 0.049305555555555554
0 0.09305555555555556 0.8569444444444444 0.06875 0.05347222222222222
0 0.1111111111111111 0.8006944444444445 0.04375 0.07430555555555556
0 0.027083333333333334 0.8284722222222223 0.05 0.052083333333333336
0 0.3229166666666667 0.8923611111111112 0.05694444444444444 0.06597222222222222
0 0.05625 0.7097222222222223 0.1125 0.09444444444444444
0 0.1326388888888889 0.6527777777777778 0.07083333333333333 0.04722222222222222
0 0.18611111111111112 0.7826388888888889 0.08055555555555556 0.09652777777777778
0 0.22916666666666666 0.7493055555555556 0.24444444444444444 0.24027777777777778
0 0.4222222222222222 0.7923611111111111 0.08194444444444444 0.10972222222222222
0 0.9798611111111111 0.7729166666666667 0.0375 0.11527777777777778
0 0.6770833333333334 0.7583333333333333 0.08819444444444445 0.09027777777777778
0 0.8569444444444444 0.8840277777777777 0.2833333333333333 0.22916666666666666
0 0.6347222222222222 0.8006944444444445 0.06180555555555556 0.08611111111111111
0 0.7305555555555555 0.7548611111111111 0.09444444444444444 0.10208333333333333
0 0.6777777777777778 0.6958333333333333 0.08125 0.05486111111111111
0 0.7222222222222222 0.6638888888888889 0.1527777777777778 0.06944444444444445
0 0.44583333333333336 0.7215277777777778 0.06111111111111111 0.03819444444444445
0 0.5326388888888889 0.9326388888888889 0.07083333333333333 0.10555555555555556
0 0.4791666666666667 0.9763888888888889 0.08611111111111111 0.044444444444444446
0 0.8423611111111111 0.7215277777777778 0.10486111111111111 0.06944444444444445
0 0.6319444444444444 0.9270833333333334 0.1388888888888889 0.14305555555555555
0 0.9034722222222222 0.6652777777777777 0.15138888888888888 0.07222222222222222
0 0.5090277777777777 0.7444444444444445 0.06319444444444444 0.07569444444444444
0 0.5388888888888889 0.8416666666666667 0.04097222222222222 0.07708333333333334
0 0.5534722222222223 0.9868055555555556 0.059722222222222225 0.02361111111111111