0 0.37916666666666665 0.2916666666666667 0.2972222222222222 0.21388888888888888
0 0.12152777777777778 0.26180555555555557 0.24305555555555555 0.27361111111111114
0 0.1798611111111111 0.07361111111111111 0.3597222222222222 0.14722222222222223
0 0.4027777777777778 0.10902777777777778 0.2916666666666667 0.21805555555555556
0 0.49236111111111114 0.22013888888888888 0.1125 0.35694444444444445
0 0.95625 0.13194444444444445 0.08472222222222223 0.09444444444444444
0 0.8381944444444445 0.30694444444444446 0.08333333333333333 0.09791666666666667
0 0.5708333333333333 0.2847222222222222 0.041666666666666664 0.06666666666666667
0 0.6534722222222222 0.21458333333333332 0.059027777777777776 0.04375
0 0.9458333333333333 0.1909722222222222 0.10694444444444444 0.12430555555555556
0 0.8631944444444445 0.2569444444444444 0.08472222222222223 0.10208333333333333
0 0.7354166666666667 0.24791666666666667 0.07430555555555556 0.04791666666666667
0 0.5958333333333333 0.2361111111111111 0.09166666666666666 0.09166666666666666
0 0.8979166666666667 0.03611111111111111 0.07083333333333333 0.07222222222222222
0 0.6701388888888888 0.01597222222222222 0.08194444444444444 0.03194444444444444
0 0.6201388888888889 0.049305555555555554 0.07083333333333333 0.09861111111111111
0 0.7375 0.30833333333333335 0.06319444444444444 0.08055555555555556
0 0.7965277777777777 0.2659722222222222 0.07222222222222222 0.11041666666666666
0 0.6951388888888889 0.3486111111111111 0.09930555555555555 0.08819444444444445
0 0.6375 0.3284722222222222 0.05763888888888889 0.09791666666666667
0 0.5798611111111112 0.3368055555555556 0.059722222222222225 0.06805555555555555
0 0.9840277777777777 0.27291666666666664 0.029166666666666667 0.10694444444444444
0 0.7520833333333333 0.06666666666666667 0.05555555555555555 0.04513888888888889
0 0.5791666666666667 0.16111111111111112 0.058333333333333334 0.10277777777777777
0 0.6472222222222223 0.1736111111111111 0.08263888888888889 0.0798611111111111
0 0.7222222222222222 0.18125 0.08333333333333333 0.08333333333333333
0 0.7611111111111111 0.12638888888888888 0.06875 0.07847222222222222
0 0.8166666666666667 0.19305555555555556 0.09861111111111111 0.07916666666666666
0 0.6645833333333333 0.27708333333333335 0.0763888888888889 0.06875
0 0.16319444444444445 0.7770833333333333 0.3263888888888889 0.4013888888888889
0 0.4027777777777778 0.78125 0.1986111111111111 0.29930555555555555
0 0.13402777777777777 0.8833333333333333 0.26805555555555555 0.23055555555555557
0 0.4777777777777778 0.8708333333333333 0.14166666666666666 0.25555555555555554
0 0.34375 0.9618055555555556 0.19583333333333333 0.07361111111111111
0 0.26944444444444443 0.5236111111111111 0.325 0.24722222222222223
0 0.4840277777777778 0.5743055555555555 0.12916666666666668 0.3486111111111111
0 0.8680555555555556 0.5236111111111111 0.14097222222222222 0.13055555555555556
0 0.6520833333333333 0.9854166666666667 0.14027777777777778 0.02638888888888889
0 0.8034722222222223 0.9694444444444444 0.10972222222222222 0.058333333333333334
0 0.7708333333333334 0.9423611111111111 0.09375 0.11180555555555556
0 0.6270833333333333 0.9104166666666667 0.15416666666666667 0.12916666666666668
0 0.5972222222222222 0.8375 0.09444444444444444 0.11388888888888889
0 0.5618055555555556 0.6694444444444444 0.02361111111111111 0.11944444444444445
0 0.66875 0.7416666666666667 0.058333333333333334 0.06458333333333334
0 0.5909722222222222 0.575 0.07013888888888889 0.08541666666666667
0 0.8715277777777778 0.875 0.11180555555555556 0.1284722222222222
0 0.7305555555555555 0.5881944444444445 0.08263888888888889 0.10486111111111111
0 0.7722222222222223 0.5479166666666667 0.025 0.04375
0 0.7895833333333333 0.5993055555555555 0.035416666666666666 0.05555555555555555
0 0.7305555555555555 0.5006944444444444 0.05277777777777778 0.04861111111111111
0 0.8208333333333333 0.5666666666666667 0.044444444444444446 0.06805555555555555
0 0.9722222222222222 0.5694444444444444 0.04861111111111111 0.04236111111111111
0 0.9916666666666667 0.6402777777777777 0.013888888888888888 0.07222222222222222
0 0.94375 0.7743055555555556 0.08541666666666667 0.15
0 0.7965277777777777 0.7583333333333333 0.23194444444444445 0.18194444444444444
0 0.6604166666666667 0.8118055555555556 0.05 0.06944444444444445
0 0.8055555555555556 0.8590277777777777 0.059722222222222225 0.03888888888888889
0 0.7513888888888889 0.8638888888888889 0.09513888888888888 0.06944444444444445
0 0.5604166666666667 0.49027777777777776 0.020833333333333332 0.05555555555555555
0 0.6486111111111111 0.5277777777777778 0.08194444444444444 0.08680555555555555
0 0.5944444444444444 0.5013888888888889 0.052083333333333336 0.06319444444444444
0 0.8590277777777777 0.44930555555555557 0.09583333333333334 0.06458333333333334
0 0.7923611111111111 0.45555555555555555 0.06041666666666667 0.06319444444444444
0 0.9763888888888889 0.9611111111111111 0.044444444444444446 0.03333333333333333
0 0.6451388888888889 0.6145833333333334 0.08888888888888889 0.08055555555555556