0 0.14444444444444443 0.20069444444444445 0.14444444444444443 0.22777777777777777
0 0.33819444444444446 0.3729166666666667 0.1986111111111111 0.3736111111111111
0 0.33055555555555555 0.47152777777777777 0.21388888888888888 0.2125
0 0.22291666666666668 0.05277777777777778 0.21805555555555556 0.10555555555555556
0 0.26458333333333334 0.19305555555555556 0.1 0.17708333333333334
0 0.64375 0.22847222222222222 0.06527777777777778 0.07916666666666666
0 0.7097222222222223 0.09861111111111111 0.07013888888888889 0.07361111111111111
0 0.9291666666666667 0.07708333333333334 0.08402777777777778 0.08125
0 0.8506944444444444 0.29305555555555557 0.04791666666666667 0.06527777777777778
0 0.8888888888888888 0.26805555555555555 0.041666666666666664 0.04652777777777778
0 0.83125 0.4027777777777778 0.03194444444444444 0.050694444444444445
0 0.7840277777777778 0.41597222222222224 0.030555555555555555 0.04722222222222222
0 0.8069444444444445 0.39444444444444443 0.034722222222222224 0.03888888888888889
0 0.7743055555555556 0.37777777777777777 0.034722222222222224 0.04375
0 0.6020833333333333 0.525 0.3263888888888889 0.10555555555555556
0 0.8472222222222222 0.4597222222222222 0.3 0.2361111111111111
0 0.9506944444444444 0.24791666666666667 0.09583333333333334 0.10138888888888889
0 0.7527777777777778 0.2534722222222222 0.04236111111111111 0.04722222222222222
0 0.68125 0.16041666666666668 0.07708333333333334 0.06736111111111111
0 0.55 0.03888888888888889 0.06388888888888888 0.07777777777777778
0 0.5326388888888889 0.07916666666666666 0.08472222222222223 0.05347222222222222
0 0.48819444444444443 0.4951388888888889 0.09861111111111111 0.16527777777777777
0 0.7416666666666667 0.42986111111111114 0.04097222222222222 0.06388888888888888
0 0.46597222222222223 0.034722222222222224 0.05416666666666667 0.06944444444444445
0 0.8430555555555556 0.35 0.1076388888888889 0.07361111111111111
0 0.6493055555555556 0.45902777777777776 0.21666666666666667 0.14791666666666667
0 0.7604166666666666 0.13125 0.06875 0.11666666666666667
0 0.9291666666666667 0.1326388888888889 0.08541666666666667 0.07013888888888889
0 0.7097222222222223 0.2847222222222222 0.07430555555555556 0.06319444444444444
0 0.8 0.31180555555555556 0.06805555555555555 0.09930555555555555
0 0.5104166666666666 0.2298611111111111 0.06666666666666667 0.07013888888888889
0 0.45069444444444445 0.13402777777777777 0.02361111111111111 0.08472222222222223
0 0.4652777777777778 0.2972222222222222 0.05277777777777778 0.1388888888888889
0 0.7166666666666667 0.044444444444444446 0.08055555555555556 0.06597222222222222
0 0.9493055555555555 0.28958333333333336 0.07916666666666666 0.08194444444444444
0 0.9694444444444444 0.16944444444444445 0.058333333333333334 0.06111111111111111
0 0.96875 0.0625 0.059722222222222225 0.125
0 0.9652777777777778 0.025694444444444443 0.06666666666666667 0.0375
0 0.9152777777777777 0.030555555555555555 0.03888888888888889 0.027777777777777776
0 0.7680555555555556 0.2222222222222222 0.08263888888888889 0.06527777777777778
0 0.8020833333333334 0.2534722222222222 0.05486111111111111 0.03819444444444445
0 0.8583333333333333 0.2048611111111111 0.03680555555555556 0.04375
0 0.5451388888888888 0.15138888888888888 0.19305555555555556 0.15069444444444444
0 0.8548611111111111 0.04027777777777778 0.059027777777777776 0.044444444444444446
0 0.6555555555555556 0.33611111111111114 0.14444444444444443 0.15069444444444444
0 0.9680555555555556 0.4465277777777778 0.06111111111111111 0.16527777777777777
0 0.13194444444444445 0.7888888888888889 0.2638888888888889 0.41944444444444445
0 0.35555555555555557 0.9319444444444445 0.1638888888888889 0.13333333333333333
0 0.48819444444444443 0.8298611111111112 0.09861111111111111 0.09027777777777778
0 0.9486111111111111 0.70625 0.08958333333333333 0.13402777777777777
0 0.8340277777777778 0.9576388888888889 0.10972222222222222 0.08194444444444444
0 0.6569444444444444 0.6854166666666667 0.04861111111111111 0.05763888888888889
0 0.84375 0.7618055555555555 0.07569444444444444 0.06597222222222222
0 0.9652777777777778 0.7916666666666666 0.06666666666666667 0.1111111111111111
0 0.9645833333333333 0.7916666666666666 0.06805555555555555 0.1111111111111111