0 0.4048611111111111 0.22569444444444445 0.16527777777777777 0.3597222222222222
0 0.17291666666666666 0.25416666666666665 0.31805555555555554 0.5083333333333333
0 0.4340277777777778 0.45208333333333334 0.10694444444444444 0.1125
0 0.7340277777777777 0.25416666666666665 0.49027777777777776 0.5083333333333333
0 0.13472222222222222 0.9159722222222222 0.06041666666666667 0.08263888888888889
0 0.05 0.8652777777777778 0.1 0.26666666666666666
0 0.11388888888888889 0.7305555555555555 0.22777777777777777 0.37777777777777777
0 0.3638888888888889 0.5652777777777778 0.24722222222222223 0.1111111111111111
0 0.3416666666666667 0.8041666666666667 0.2916666666666667 0.3888888888888889
0 0.8541666666666666 0.7347222222222223 0.06319444444444444 0.05
0 0.8430555555555556 0.6902777777777778 0.05555555555555555 0.05347222222222222
0 0.8458333333333333 0.6215277777777778 0.04027777777777778 0.029861111111111113
0 0.6152777777777778 0.8472222222222222 0.05694444444444444 0.04861111111111111
0 0.6347222222222222 0.8194444444444444 0.041666666666666664 0.041666666666666664
0 0.5034722222222222 0.7159722222222222 0.029166666666666667 0.06805555555555555
0 0.9777777777777777 0.6881944444444444 0.041666666666666664 0.04861111111111111
0 0.8659722222222223 0.59375 0.029166666666666667 0.034027777777777775
0 0.9263888888888889 0.6055555555555555 0.03888888888888889 0.043055555555555555
0 0.9430555555555555 0.6840277777777778 0.03333333333333333 0.05694444444444444
0 0.8916666666666667 0.7618055555555555 0.04027777777777778 0.04097222222222222
0 0.7083333333333334 0.6277777777777778 0.06597222222222222 0.04236111111111111
0 0.7236111111111111 0.5361111111111111 0.041666666666666664 0.05277777777777778
0 0.78125 0.5131944444444444 0.059722222222222225 0.006944444444444444
0 0.6513888888888889 0.7625 0.07013888888888889 0.05347222222222222
0 0.9826388888888888 0.84375 0.03194444444444444 0.07361111111111111
0 0.8979166666666667 0.6395833333333333 0.07430555555555556 0.09930555555555555
0 0.5090277777777777 0.7840277777777778 0.04027777777777778 0.05416666666666667
0 0.5736111111111111 0.9527777777777777 0.16944444444444445 0.09166666666666666
0 0.6347222222222222 0.5534722222222223 0.15555555555555556 0.0875
0 0.5645833333333333 0.5861111111111111 0.15138888888888888 0.13333333333333333
0 0.76875 0.9006944444444445 0.12638888888888888 0.19583333333333333
0 0.9743055555555555 0.9430555555555555 0.04861111111111111 0.1111111111111111
0 0.8625 0.9270833333333334 0.11041666666666666 0.14166666666666666
0 0.5354166666666667 0.8604166666666667 0.09305555555555556 0.1736111111111111
0 0.5923611111111111 0.6729166666666667 0.05694444444444444 0.08888888888888889
0 0.5611111111111111 0.725 0.11736111111111111 0.1076388888888889
0 0.5215277777777778 0.9388888888888889 0.06527777777777778 0.11944444444444445
0 0.5555555555555556 0.8118055555555556 0.11180555555555556 0.10486111111111111
0 0.93125 0.8444444444444444 0.05555555555555555 0.050694444444444445
0 0.9243055555555556 0.8951388888888889 0.059027777777777776 0.05416666666666667
0 0.9715277777777778 0.8777777777777778 0.0375 0.035416666666666666
0 0.8909722222222223 0.9777777777777777 0.2152777777777778 0.041666666666666664