0 0.23125 0.15416666666666667 0.35138888888888886 0.30833333333333335
0 0.04861111111111111 0.26805555555555555 0.09722222222222222 0.41944444444444445
0 0.3875 0.325 0.08819444444444445 0.12708333333333333
0 0.4625 0.3326388888888889 0.09166666666666666 0.2902777777777778
0 0.34305555555555556 0.4152777777777778 0.23055555555555557 0.125
0 0.39305555555555555 0.10833333333333334 0.23055555555555557 0.21666666666666667
0 0.9479166666666666 0.23680555555555555 0.10138888888888889 0.10416666666666667
0 0.8291666666666667 0.2791666666666667 0.08888888888888889 0.16527777777777777
0 0.9118055555555555 0.4048611111111111 0.1736111111111111 0.14583333333333334
0 0.6451388888888889 0.45902777777777776 0.07083333333333333 0.0375
0 0.9944444444444445 0.11041666666666666 0.008333333333333333 0.04583333333333333
0 0.9798611111111111 0.08680555555555555 0.0375 0.059722222222222225
0 0.6944444444444444 0.14930555555555555 0.08402777777777778 0.08611111111111111
0 0.6215277777777778 0.23958333333333334 0.07777777777777778 0.075
0 0.7597222222222222 0.3763888888888889 0.14375 0.15694444444444444
0 0.9888888888888889 0.1875 0.019444444444444445 0.06111111111111111
0 0.8541666666666666 0.19236111111111112 0.1 0.12430555555555556
0 0.7604166666666666 0.2902777777777778 0.12777777777777777 0.2263888888888889
0 0.7680555555555556 0.33611111111111114 0.07847222222222222 0.13472222222222222
0 0.5208333333333334 0.36180555555555555 0.022222222222222223 0.12916666666666668
0 0.5590277777777778 0.39166666666666666 0.07291666666666667 0.07777777777777778
0 0.6361111111111111 0.40555555555555556 0.09375 0.0763888888888889
0 0.19444444444444445 0.8277777777777777 0.26666666666666666 0.3416666666666667
0 0.10486111111111111 0.6291666666666667 0.20972222222222223 0.3
0 0.29444444444444445 0.6451388888888889 0.23333333333333334 0.33194444444444443
0 0.5715277777777777 0.5555555555555556 0.12361111111111112 0.1527777777777778
0 0.6680555555555555 0.8138888888888889 0.31666666666666665 0.36944444444444446
0 0.7180555555555556 0.7152777777777778 0.059027777777777776 0.09236111111111112
0 0.9152777777777777 0.7131944444444445 0.16666666666666666 0.42916666666666664
0 0.8006944444444445 0.6819444444444445 0.12152777777777778 0.14375
0 0.7875 0.525 0.07361111111111111 0.06041666666666667
0 0.6736111111111112 0.5 0.06666666666666667 0.041666666666666664
0 0.8298611111111112 0.5916666666666667 0.075 0.09097222222222222
0 0.9006944444444445 0.5229166666666667 0.19027777777777777 0.0875