0 0.18472222222222223 0.12569444444444444 0.36944444444444446 0.2513888888888889
0 0.39444444444444443 0.09513888888888888 0.12777777777777777 0.19027777777777777
0 0.4708333333333333 0.22847222222222222 0.29444444444444445 0.45694444444444443
0 0.2847222222222222 0.2875 0.15416666666666667 0.2701388888888889
0 0.15625 0.34375 0.2569444444444444 0.26805555555555555
0 0.4708333333333333 0.42291666666666666 0.29444444444444445 0.10972222222222222
0 0.8534722222222222 0.38055555555555554 0.12291666666666666 0.1423611111111111
0 0.9506944444444444 0.05138888888888889 0.0763888888888889 0.10277777777777777
0 0.9888888888888889 0.07569444444444444 0.019444444444444445 0.05694444444444444
0 0.7909722222222222 0.1361111111111111 0.09930555555555555 0.09722222222222222
0 0.7319444444444444 0.16944444444444445 0.1111111111111111 0.10138888888888889
0 0.8881944444444444 0.4576388888888889 0.20972222222222223 0.04027777777777778
0 0.9465277777777777 0.16041666666666668 0.10416666666666667 0.12361111111111112
0 0.6930555555555555 0.36041666666666666 0.14722222222222223 0.23472222222222222
0 0.9256944444444445 0.35347222222222224 0.14583333333333334 0.19305555555555556
0 0.7520833333333333 0.45069444444444445 0.15416666666666667 0.05416666666666667
0 0.08541666666666667 0.8076388888888889 0.17083333333333334 0.3486111111111111
0 0.2361111111111111 0.8284722222222223 0.19166666666666668 0.3402777777777778
0 0.5868055555555556 0.8569444444444444 0.0625 0.2833333333333333
0 0.4625 0.9055555555555556 0.3111111111111111 0.18611111111111112
0 0.2590277777777778 0.525 0.37916666666666665 0.09166666666666666
0 0.06041666666666667 0.6152777777777778 0.12083333333333333 0.2722222222222222
0 0.18819444444444444 0.5722222222222222 0.17083333333333334 0.18611111111111112
0 0.45625 0.6777777777777778 0.3236111111111111 0.3972222222222222
0 0.6430555555555556 0.7909722222222222 0.04722222222222222 0.15694444444444444
0 0.7798611111111111 0.8659722222222223 0.125 0.11458333333333333
0 0.6423611111111112 0.5854166666666667 0.04583333333333333 0.09027777777777778
0 0.8395833333333333 0.9125 0.09444444444444444 0.09513888888888888
0 0.8541666666666666 0.8263888888888888 0.06736111111111111 0.0763888888888889
0 0.6430555555555556 0.6819444444444445 0.04722222222222222 0.05555555555555555
0 0.9583333333333334 0.4909722222222222 0.03888888888888889 0.02361111111111111
0 0.9923611111111111 0.6034722222222222 0.0125 0.059722222222222225
0 0.9548611111111112 0.6201388888888889 0.06527777777777778 0.12152777777777778
0 0.9097222222222222 0.5020833333333333 0.04375 0.04236111111111111
0 0.9194444444444444 0.7625 0.08194444444444444 0.07291666666666667
0 0.8597222222222223 0.9555555555555556 0.11944444444444445 0.08611111111111111
0 0.9347222222222222 0.8451388888888889 0.10972222222222222 0.12638888888888888
0 0.6673611111111111 0.9 0.08680555555555555 0.08472222222222223
0 0.84375 0.5243055555555556 0.09027777777777778 0.09027777777777778
0 0.7194444444444444 0.6791666666666667 0.1638888888888889 0.22916666666666666
0 0.6375 0.9006944444444445 0.03611111111111111 0.13472222222222222
0 0.8888888888888888 0.7402777777777778 0.06597222222222222 0.06597222222222222
0 0.8083333333333333 0.7576388888888889 0.10138888888888889 0.11736111111111111
0 0.7395833333333334 0.80625 0.07013888888888889 0.07847222222222222
0 0.6993055555555555 0.5888888888888889 0.03194444444444444 0.05416666666666667
0 0.8229166666666666 0.6451388888888889 0.05416666666666667 0.07013888888888889