0 0.09930555555555555 0.06458333333333334 0.1986111111111111 0.12916666666666668
0 0.28958333333333336 0.10138888888888889 0.19305555555555556 0.20277777777777778
0 0.12083333333333333 0.2298611111111111 0.24166666666666667 0.19583333333333333
0 0.3125 0.25555555555555554 0.15 0.14444444444444443
0 0.6729166666666667 0.12361111111111112 0.2513888888888889 0.24722222222222223
0 0.8875 0.11388888888888889 0.2013888888888889 0.1673611111111111
0 0.5020833333333333 0.13125 0.16805555555555557 0.24305555555555555
0 0.4270833333333333 0.17569444444444443 0.0763888888888889 0.30416666666666664
0 0.7402777777777778 0.23819444444444443 0.18055555555555555 0.17916666666666667
0 0.5493055555555556 0.2611111111111111 0.24861111111111112 0.13333333333333333
0 0.7680555555555556 0.04097222222222222 0.2222222222222222 0.08194444444444444
0 0.30833333333333335 0.4423611111111111 0.12083333333333333 0.11180555555555556
0 0.04861111111111111 0.9145833333333333 0.09722222222222222 0.16805555555555557
0 0.21875 0.88125 0.06458333333333334 0.06319444444444444
0 0.13541666666666666 0.9597222222222223 0.07222222222222222 0.06875
0 0.12361111111111112 0.8798611111111111 0.11805555555555555 0.10555555555555556
0 0.2534722222222222 0.8472222222222222 0.09236111111111112 0.09444444444444444
0 0.20277777777777778 0.9826388888888888 0.05555555555555555 0.03194444444444444
0 0.20416666666666666 0.9375 0.1111111111111111 0.07847222222222222
0 0.22569444444444445 0.8013888888888889 0.08055555555555556 0.09583333333333334
0 0.08402777777777778 0.7736111111111111 0.16805555555555557 0.1111111111111111
0 0.058333333333333334 0.7111111111111111 0.11666666666666667 0.09722222222222222
0 0.011805555555555555 0.6819444444444445 0.02361111111111111 0.06666666666666667
0 0.02847222222222222 0.5673611111111111 0.05694444444444444 0.10416666666666667
0 0.1375 0.6291666666666667 0.05 0.05555555555555555
0 0.07152777777777777 0.4861111111111111 0.06041666666666667 0.07291666666666667
0 0.022916666666666665 0.45 0.03680555555555556 0.05416666666666667
0 0.31180555555555556 0.74375 0.09583333333333334 0.10972222222222222
0 0.1909722222222222 0.4979166666666667 0.07083333333333333 0.09027777777777778
0 0.22708333333333333 0.46319444444444446 0.021527777777777778 0.0375
0 0.24097222222222223 0.5069444444444444 0.030555555555555555 0.04791666666666667
0 0.1909722222222222 0.42291666666666666 0.04513888888888889 0.041666666666666664
0 0.26805555555555555 0.4791666666666667 0.03819444444444445 0.058333333333333334
0 0.3819444444444444 0.48125 0.011111111111111112 0.0375
0 0.36180555555555555 0.6569444444444444 0.05138888888888889 0.13055555555555556
0 0.24722222222222223 0.6430555555555556 0.1986111111111111 0.15555555555555556
0 0.13055555555555556 0.6888888888888889 0.043055555555555555 0.059722222222222225
0 0.25555555555555554 0.7298611111111111 0.05138888888888889 0.03333333333333333
0 0.20833333333333334 0.7340277777777777 0.08194444444444444 0.059722222222222225
0 0.027083333333333334 0.4131944444444444 0.05416666666666667 0.04861111111111111
0 0.12083333333333333 0.44583333333333336 0.07013888888888889 0.07430555555555556
0 0.07430555555555556 0.42291666666666666 0.044444444444444446 0.05416666666666667
0 0.30069444444444443 0.3784722222222222 0.08263888888888889 0.05555555555555555
0 0.24444444444444444 0.3840277777777778 0.052083333333333336 0.05416666666666667
0 0.11736111111111111 0.5201388888888889 0.07569444444444444 0.06875
0 0.8305555555555556 0.6513888888888889 0.33611111111111114 0.6444444444444445
0 0.47638888888888886 0.5791666666666667 0.17291666666666666 0.25555555555555554
0 0.6555555555555556 0.6076388888888888 0.19375 0.22291666666666668
0 0.5847222222222223 0.8569444444444444 0.25416666666666665 0.24791666666666667
0 0.8888888888888888 0.9645833333333333 0.17222222222222222 0.06805555555555555