0 0.13194444444444445 0.09375 0.2111111111111111 0.1875
0 0.30833333333333335 0.13819444444444445 0.15833333333333333 0.2763888888888889
0 0.03958333333333333 0.2743055555555556 0.07916666666666666 0.3263888888888889
0 0.23194444444444445 0.30277777777777776 0.3111111111111111 0.26944444444444443
0 0.9618055555555556 0.24513888888888888 0.07361111111111111 0.38472222222222224
0 0.7145833333333333 0.21875 0.48194444444444445 0.4375
0 0.47708333333333336 0.2965277777777778 0.1763888888888889 0.28194444444444444
0 0.8604166666666667 0.08611111111111111 0.22083333333333333 0.17222222222222222
0 0.41944444444444445 0.0875 0.06111111111111111 0.175
0 0.16111111111111112 0.5111111111111111 0.08472222222222223 0.08402777777777778
0 0.26319444444444445 0.6590277777777778 0.09305555555555556 0.08611111111111111
0 0.21805555555555556 0.6798611111111111 0.06875 0.04236111111111111
0 0.09236111111111112 0.48055555555555557 0.12916666666666668 0.08333333333333333
0 0.3145833333333333 0.4875 0.06041666666666667 0.07013888888888889
0 0.24791666666666667 0.9847222222222223 0.08194444444444444 0.027777777777777776
0 0.35555555555555557 0.5875 0.06388888888888888 0.06666666666666667
0 0.24583333333333332 0.4548611111111111 0.08888888888888889 0.03194444444444444
0 0.30833333333333335 0.7652777777777777 0.12777777777777777 0.11388888888888889
0 0.34652777777777777 0.8347222222222223 0.08194444444444444 0.1111111111111111
0 0.052083333333333336 0.5708333333333333 0.10416666666666667 0.14166666666666666
0 0.15833333333333333 0.5958333333333333 0.09027777777777778 0.10347222222222222
0 0.04722222222222222 0.45555555555555555 0.08333333333333333 0.03333333333333333
0 0.35555555555555557 0.7333333333333333 0.06388888888888888 0.16111111111111112
0 0.06805555555555555 0.8493055555555555 0.1361111111111111 0.22083333333333333
0 0.04652777777777778 0.7048611111111112 0.09305555555555556 0.1625
0 0.32569444444444445 0.9611111111111111 0.12361111111111112 0.075
0 0.23055555555555557 0.9284722222222223 0.11319444444444444 0.13055555555555556
0 0.2 0.8486111111111111 0.11527777777777778 0.07916666666666666
0 0.11180555555555556 0.6583333333333333 0.14305555555555555 0.11180555555555556
0 0.17291666666666666 0.7458333333333333 0.09722222222222222 0.08541666666666667
0 0.2638888888888889 0.5368055555555555 0.10208333333333333 0.09930555555555555
0 0.1486111111111111 0.45069444444444445 0.12222222222222222 0.02361111111111111
0 0.7854166666666667 0.7034722222222223 0.4263888888888889 0.5291666666666667
0 0.6604166666666667 0.7534722222222222 0.5430555555555555 0.49027777777777776
0 0.69375 0.5013888888888889 0.6097222222222223 0.125