0 0.5722222222222222 0.13125 0.1111111111111111 0.2625
0 0.11319444444444444 0.19166666666666668 0.2263888888888889 0.38333333333333336
0 0.2513888888888889 0.2298611111111111 0.12083333333333333 0.19236111111111112
0 0.3402777777777778 0.26666666666666666 0.3138888888888889 0.30277777777777776
0 0.14791666666666667 0.35347222222222224 0.1486111111111111 0.12916666666666668
0 0.5159722222222223 0.3194444444444444 0.22361111111111112 0.19722222222222222
0 0.33055555555555555 0.06666666666666667 0.35555555555555557 0.13333333333333333
0 0.8138888888888889 0.22777777777777777 0.36944444444444446 0.38055555555555554
0 0.90625 0.2708333333333333 0.18472222222222223 0.29444444444444445
0 0.3416666666666667 0.4638888888888889 0.058333333333333334 0.0798611111111111
0 0.11944444444444445 0.7465277777777778 0.10138888888888889 0.1361111111111111
0 0.23819444444444443 0.6229166666666667 0.08055555555555556 0.07083333333333333
0 0.13819444444444445 0.6048611111111111 0.11041666666666666 0.12708333333333333
0 0.4583333333333333 0.8 0.06666666666666667 0.09236111111111112
0 0.29375 0.7888888888888889 0.08888888888888889 0.10486111111111111
0 0.5736111111111111 0.5979166666666667 0.10833333333333334 0.14027777777777778
0 0.5451388888888888 0.8381944444444445 0.015277777777777777 0.02013888888888889
0 0.4798611111111111 0.5694444444444444 0.0763888888888889 0.06527777777777778
0 0.15416666666666667 0.7048611111111112 0.08680555555555555 0.07222222222222222
0 0.5388888888888889 0.8256944444444444 0.07847222222222222 0.059722222222222225
0 0.43680555555555556 0.7125 0.0763888888888889 0.0763888888888889
0 0.24722222222222223 0.83125 0.03611111111111111 0.027083333333333334
0 0.14930555555555555 0.9833333333333333 0.05138888888888889 0.030555555555555555
0 0.7618055555555555 0.5465277777777777 0.2652777777777778 0.25416666666666665
0 0.7979166666666667 0.83125 0.3375 0.3347222222222222