0 0.04583333333333333 0.42569444444444443 0.09166666666666666 0.3013888888888889
0 0.20972222222222223 0.13402777777777777 0.34444444444444444 0.26805555555555555
0 0.058333333333333334 0.1875 0.11666666666666667 0.19166666666666668
0 0.3770833333333333 0.31319444444444444 0.24305555555555555 0.47638888888888886
0 0.16597222222222222 0.38680555555555557 0.16875 0.36944444444444446
0 0.5736111111111111 0.5013888888888889 0.14722222222222223 0.1527777777777778
0 0.9430555555555555 0.4597222222222222 0.1111111111111111 0.2361111111111111
0 0.7777777777777778 0.5083333333333333 0.40555555555555556 0.1388888888888889
0 0.8722222222222222 0.11597222222222223 0.25277777777777777 0.23194444444444445
0 0.55 0.29375 0.1 0.27361111111111114
0 0.8548611111111111 0.3090277777777778 0.2673611111111111 0.3875
0 0.6430555555555556 0.3215277777777778 0.14444444444444443 0.3055555555555556
0 0.3451388888888889 0.6520833333333333 0.20694444444444443 0.13819444444444445
0 0.27569444444444446 0.5916666666666667 0.13472222222222222 0.025
0 0.10416666666666667 0.8027777777777778 0.16041666666666668 0.11527777777777778
0 0.07916666666666666 0.8548611111111111 0.050694444444444445 0.029861111111111113
0 0.09305555555555556 0.7291666666666666 0.15833333333333333 0.17291666666666666
0 0.40069444444444446 0.9465277777777777 0.19583333333333333 0.10416666666666667
0 0.4625 0.7305555555555555 0.07222222222222222 0.06388888888888888
0 0.40902777777777777 0.81875 0.10833333333333334 0.07222222222222222
0 0.05694444444444444 0.6423611111111112 0.11388888888888889 0.12638888888888888
0 0.16527777777777777 0.6076388888888888 0.10277777777777777 0.05694444444444444
0 0.11805555555555555 0.9319444444444445 0.18680555555555556 0.07847222222222222
0 0.2847222222222222 0.9486111111111111 0.1111111111111111 0.1
0 0.47847222222222224 0.6270833333333333 0.04027777777777778 0.09583333333333334
0 0.7993055555555556 0.9145833333333333 0.2625 0.16805555555555557
0 0.5902777777777778 0.9138888888888889 0.18055555555555555 0.16944444444444445
0 0.8479166666666667 0.6118055555555556 0.2513888888888889 0.06527777777777778
0 0.8097222222222222 0.7097222222222223 0.21666666666666667 0.2611111111111111
0 0.6027777777777777 0.7215277777777778 0.20555555555555555 0.27361111111111114
0 0.9451388888888889 0.7229166666666667 0.10694444444444444 0.25416666666666665
0 0.5888888888888889 0.7743055555555556 0.17777777777777778 0.21805555555555556