0 0.03263888888888889 0.3611111111111111 0.06527777777777778 0.3194444444444444
0 0.39791666666666664 0.5104166666666666 0.25972222222222224 0.15416666666666667
0 0.15208333333333332 0.5354166666666667 0.30416666666666664 0.10416666666666667
0 0.18819444444444444 0.09722222222222222 0.3625 0.19444444444444445
0 0.04513888888888889 0.10972222222222222 0.09027777777777778 0.20277777777777778
0 0.38263888888888886 0.2465277777777778 0.2902777777777778 0.4930555555555556
0 0.14305555555555555 0.32013888888888886 0.17777777777777778 0.38958333333333334
0 0.7277777777777777 0.1736111111111111 0.2611111111111111 0.3472222222222222
0 0.5722222222222222 0.24305555555555555 0.08611111111111111 0.3277777777777778
0 0.8930555555555556 0.3770833333333333 0.2111111111111111 0.42083333333333334
0 0.6861111111111111 0.4638888888888889 0.3138888888888889 0.24722222222222223
0 0.9576388888888889 0.4895833333333333 0.08194444444444444 0.19583333333333333
0 0.8423611111111111 0.0875 0.3125 0.175
0 0.2881944444444444 0.9444444444444444 0.20694444444444443 0.10833333333333334
0 0.16319444444444445 0.7423611111111111 0.08263888888888889 0.09861111111111111
0 0.14097222222222222 0.6569444444444444 0.17569444444444443 0.1125
0 0.3527777777777778 0.7104166666666667 0.06875 0.06458333333333334
0 0.24513888888888888 0.5993055555555555 0.07083333333333333 0.020833333333333332
0 0.03194444444444444 0.8104166666666667 0.06388888888888888 0.10972222222222222
0 0.3055555555555556 0.6430555555555556 0.11666666666666667 0.10833333333333334
0 0.10555555555555556 0.7784722222222222 0.06527777777777778 0.08958333333333333
0 0.48680555555555555 0.8708333333333333 0.08194444444444444 0.17222222222222222
0 0.325 0.8145833333333333 0.1451388888888889 0.15
0 0.075 0.6888888888888889 0.10486111111111111 0.09027777777777778
0 0.044444444444444446 0.6111111111111112 0.08888888888888889 0.044444444444444446
0 0.07847222222222222 0.9229166666666667 0.15694444444444444 0.11527777777777778
0 0.45555555555555555 0.6263888888888889 0.14444444444444443 0.075
0 0.0875 0.5965277777777778 0.06388888888888888 0.015277777777777777
0 0.23194444444444445 0.7048611111111112 0.05763888888888889 0.12083333333333333
0 0.46458333333333335 0.7611111111111111 0.06458333333333334 0.04513888888888889
0 0.18541666666666667 0.8416666666666667 0.12986111111111112 0.11944444444444445
0 0.7444444444444445 0.9409722222222222 0.4305555555555556 0.11527777777777778
0 0.9152777777777777 0.7743055555555556 0.16666666666666666 0.30416666666666664
0 0.6715277777777777 0.79375 0.2847222222222222 0.4097222222222222
0 0.7215277777777778 0.6097222222222223 0.18194444444444444 0.041666666666666664
0 0.7979166666666667 0.75625 0.15694444444444444 0.2777777777777778
0 0.9402777777777778 0.6486111111111111 0.11666666666666667 0.11944444444444445