0 0.10833333333333334 0.20416666666666666 0.21666666666666667 0.34444444444444444
0 0.26666666666666666 0.3972222222222222 0.3416666666666667 0.12222222222222222
0 0.3020833333333333 0.18541666666666667 0.19305555555555556 0.37083333333333335
0 0.75625 0.22916666666666666 0.37916666666666665 0.4583333333333333
0 0.9409722222222222 0.33055555555555555 0.04375 0.08055555555555556
0 0.73125 0.022916666666666665 0.1875 0.04583333333333333
0 0.9076388888888889 0.11944444444444445 0.18194444444444444 0.2388888888888889
0 0.5166666666666667 0.22916666666666666 0.15555555555555556 0.4583333333333333
0 0.37916666666666665 0.6784722222222223 0.11666666666666667 0.27361111111111114
0 0.13194444444444445 0.7291666666666666 0.2638888888888889 0.5388888888888889
0 0.8166666666666667 0.85625 0.26944444444444443 0.2847222222222222
0 0.55 0.9277777777777778 0.2222222222222222 0.14166666666666666
0 0.5194444444444445 0.8090277777777778 0.16111111111111112 0.2513888888888889
0 0.4652777777777778 0.6340277777777777 0.05277777777777778 0.29583333333333334
0 0.6020833333333333 0.6020833333333333 0.32083333333333336 0.2847222222222222
0 0.8416666666666667 0.6263888888888889 0.3138888888888889 0.3333333333333333