0 0.10138888888888889 0.21944444444444444 0.20277777777777778 0.2777777777777778
0 0.44375 0.06527777777777778 0.20972222222222223 0.13055555555555556
0 0.2881944444444444 0.05 0.19027777777777777 0.1
0 0.09236111111111112 0.1 0.18472222222222223 0.2
0 0.32569444444444445 0.17777777777777778 0.37777777777777777 0.2361111111111111
0 0.8472222222222222 0.05763888888888889 0.12777777777777777 0.11527777777777778
0 0.6819444444444445 0.30833333333333335 0.2638888888888889 0.1
0 0.6868055555555556 0.17430555555555555 0.27361111111111114 0.3486111111111111
0 0.8819444444444444 0.17916666666666667 0.23333333333333334 0.35833333333333334
0 0.1909722222222222 0.6534722222222222 0.3819444444444444 0.5875
0 0.39166666666666666 0.8284722222222223 0.3138888888888889 0.3402777777777778
0 0.13819444444444445 0.9673611111111111 0.2763888888888889 0.0625
0 0.4041666666666667 0.5652777777777778 0.28888888888888886 0.4111111111111111
0 0.5798611111111112 0.3729166666666667 0.059722222222222225 0.02638888888888889
0 0.9326388888888889 0.8930555555555556 0.04791666666666667 0.08541666666666667
0 0.83125 0.9319444444444445 0.23472222222222222 0.13333333333333333
0 0.7527777777777778 0.8472222222222222 0.17152777777777778 0.24722222222222223
0 0.5673611111111111 0.7875 0.034722222222222224 0.2
0 0.5673611111111111 0.3736111111111111 0.034722222222222224 0.027777777777777776
0 0.9180555555555555 0.6388888888888888 0.125 0.1375
0 0.9138888888888889 0.5902777777777778 0.06527777777777778 0.05694444444444444
0 0.9847222222222223 0.8784722222222222 0.027777777777777776 0.08472222222222223
0 0.9541666666666667 0.39791666666666664 0.08888888888888889 0.0763888888888889
0 0.8625 0.37083333333333335 0.08333333333333333 0.022222222222222223
0 0.6527777777777778 0.41875 0.20555555555555555 0.11805555555555555
0 0.8 0.4125 0.13472222222222222 0.09097222222222222
0 0.8847222222222222 0.5138888888888888 0.13680555555555557 0.17569444444444443
0 0.8798611111111111 0.4 0.0625 0.08055555555555556
0 0.9659722222222222 0.4236111111111111 0.06527777777777778 0.06111111111111111
0 0.8881944444444444 0.9909722222222223 0.12083333333333333 0.015277777777777777
0 0.9631944444444445 0.9673611111111111 0.06527777777777778 0.0625
0 0.61875 0.9263888888888889 0.1375 0.14444444444444443
0 0.9736111111111111 0.7569444444444444 0.05 0.11666666666666667
0 0.9673611111111111 0.8243055555555555 0.0625 0.04861111111111111
0 0.975 0.9083333333333333 0.04722222222222222 0.06388888888888888
0 0.7125 0.63125 0.325 0.39305555555555555