0 0.47638888888888886 0.13055555555555556 0.10277777777777777 0.2611111111111111
0 0.17152777777777778 0.2513888888888889 0.34305555555555556 0.35
0 0.3763888888888889 0.3 0.30277777777777776 0.275
0 0.24444444444444444 0.08541666666666667 0.3472222222222222 0.17083333333333334
0 0.6166666666666667 0.1284722222222222 0.175 0.2569444444444444
0 0.8381944444444445 0.1361111111111111 0.32083333333333336 0.2722222222222222
0 0.8027777777777778 0.29791666666666666 0.39166666666666666 0.2791666666666667
0 0.29444444444444445 0.7597222222222222 0.4666666666666667 0.4777777777777778
0 0.4840277777777778 0.7326388888888888 0.0875 0.37083333333333335
0 0.06875 0.6291666666666667 0.1375 0.38055555555555554
0 0.39305555555555555 0.5104166666666666 0.16458333333333333 0.10416666666666667
0 0.9652777777777778 0.8333333333333334 0.06666666666666667 0.175
0 0.8041666666666667 0.6756944444444445 0.18333333333333332 0.12777777777777777
0 0.6319444444444444 0.9576388888888889 0.13055555555555556 0.08194444444444444
0 0.9347222222222222 0.51875 0.04236111111111111 0.06180555555555556
0 0.9715277777777778 0.5875 0.04861111111111111 0.050694444444444445
0 0.9645833333333333 0.4708333333333333 0.06805555555555555 0.06388888888888888
0 0.8791666666666667 0.4666666666666667 0.08055555555555556 0.05555555555555555
0 0.6375 0.7465277777777778 0.2125 0.24097222222222223
0 0.90625 0.80625 0.06666666666666667 0.15902777777777777
0 0.5902777777777778 0.49930555555555556 0.12222222222222222 0.12083333333333333
0 0.8125 0.4465277777777778 0.06111111111111111 0.015277777777777777
0 0.9027777777777778 0.4722222222222222 0.06111111111111111 0.05138888888888889
0 0.8881944444444444 0.6027777777777777 0.10694444444444444 0.1