0 0.11875 0.41597222222222224 0.2152777777777778 0.2652777777777778
0 0.32569444444444445 0.43472222222222223 0.20972222222222223 0.22777777777777777
0 0.4847222222222222 0.4652777777777778 0.325 0.16666666666666666
0 0.175 0.019444444444444445 0.10555555555555556 0.03888888888888889
0 0.6430555555555556 0.049305555555555554 0.15 0.09861111111111111
0 0.2388888888888889 0.1638888888888889 0.19722222222222222 0.3277777777777778
0 0.08263888888888889 0.15833333333333333 0.16527777777777777 0.31666666666666665
0 0.6493055555555556 0.20972222222222223 0.1375 0.33055555555555555
0 0.45416666666666666 0.23541666666666666 0.2777777777777778 0.4708333333333333
0 0.9125 0.30972222222222223 0.17222222222222222 0.4777777777777778
0 0.7833333333333333 0.33958333333333335 0.12777777777777777 0.26805555555555555
0 0.825 0.4708333333333333 0.2111111111111111 0.15555555555555556
0 0.8201388888888889 0.10972222222222222 0.2013888888888889 0.21944444444444444
0 0.2708333333333333 0.9569444444444445 0.25833333333333336 0.08333333333333333
0 0.08263888888888889 0.9215277777777777 0.16527777777777777 0.15416666666666667
0 0.5333333333333333 0.6041666666666666 0.28055555555555556 0.10833333333333334
0 0.052083333333333336 0.7152777777777778 0.10416666666666667 0.21944444444444444
0 0.5902777777777778 0.7527777777777778 0.25555555555555554 0.40555555555555556
0 0.27361111111111114 0.7548611111111111 0.40555555555555556 0.4097222222222222
0 0.8590277777777777 0.7458333333333333 0.2791666666666667 0.39166666666666666