0 0.4354166666666667 0.052083333333333336 0.2263888888888889 0.10416666666666667
0 0.11875 0.11041666666666666 0.2375 0.22083333333333333
0 0.32013888888888886 0.1388888888888889 0.20972222222222223 0.2777777777777778
0 0.42916666666666664 0.19444444444444445 0.2388888888888889 0.16666666666666666
0 0.5888888888888889 0.01875 0.07777777777777778 0.0375
0 0.65 0.007638888888888889 0.07222222222222222 0.015277777777777777
0 0.9465277777777777 0.007638888888888889 0.029166666666666667 0.015277777777777777
0 0.7006944444444444 0.024305555555555556 0.04861111111111111 0.04861111111111111
0 0.5694444444444444 0.029166666666666667 0.03888888888888889 0.05555555555555555
0 0.5895833333333333 0.07777777777777778 0.07916666666666666 0.07777777777777778
0 0.5826388888888889 0.16111111111111112 0.06527777777777778 0.09722222222222222
0 0.9340277777777778 0.075 0.075 0.06458333333333334
0 0.8493055555555555 0.10069444444444445 0.05763888888888889 0.08680555555555555
0 0.7854166666666667 0.07361111111111111 0.06666666666666667 0.09861111111111111
0 0.9819444444444444 0.09583333333333334 0.03333333333333333 0.08055555555555556
0 0.40347222222222223 0.6777777777777778 0.2902777777777778 0.37222222222222223
0 0.12013888888888889 0.8645833333333334 0.24027777777777778 0.26805555555555555
0 0.3840277777777778 0.8805555555555555 0.32916666666666666 0.2361111111111111
0 0.12152777777777778 0.30833333333333335 0.24305555555555555 0.058333333333333334
0 0.37569444444444444 0.4 0.2763888888888889 0.24166666666666667
0 0.05486111111111111 0.48819444444444443 0.10972222222222222 0.36527777777777776
0 0.20069444444444445 0.5715277777777777 0.2798611111111111 0.45416666666666666
0 0.035416666666666666 0.6243055555555556 0.07083333333333333 0.35694444444444445
0 0.8145833333333333 0.6993055555555555 0.3680555555555556 0.5986111111111111
0 0.5902777777777778 0.9013888888888889 0.08055555555555556 0.19444444444444445
0 0.95 0.33194444444444443 0.09722222222222222 0.10555555555555556
0 0.8034722222222223 0.34097222222222223 0.2152777777777778 0.12361111111111112
0 0.6854166666666667 0.5083333333333333 0.2708333333333333 0.4583333333333333