0 0.10277777777777777 0.2743055555555556 0.20555555555555555 0.14583333333333334
0 0.3104166666666667 0.29375 0.22083333333333333 0.10694444444444444
0 0.21805555555555556 0.12361111111111112 0.20833333333333334 0.24722222222222223
0 0.07013888888888889 0.11875 0.14027777777777778 0.2375
0 0.4444444444444444 0.1736111111111111 0.2916666666666667 0.3472222222222222
0 0.8243055555555555 0.29930555555555555 0.12361111111111112 0.09583333333333334
0 0.8680555555555556 0.2534722222222222 0.1909722222222222 0.13194444444444445
0 0.9715277777777778 0.24375 0.05416666666666667 0.09027777777777778
0 0.9916666666666667 0.30833333333333335 0.013888888888888888 0.058333333333333334
0 0.8965277777777778 0.33055555555555555 0.13194444444444445 0.03333333333333333
0 0.7277777777777777 0.15 0.07777777777777778 0.0875
0 0.66875 0.059722222222222225 0.09375 0.07013888888888889
0 0.6388888888888888 0.3284722222222222 0.03888888888888889 0.0375
0 0.9805555555555555 0.05555555555555555 0.03611111111111111 0.1111111111111111
0 0.6930555555555555 0.3159722222222222 0.08055555555555556 0.0625
0 0.9736111111111111 0.15138888888888888 0.05 0.058333333333333334
0 0.81875 0.12430555555555556 0.11944444444444445 0.10625
0 0.8798611111111111 0.09722222222222222 0.06875 0.10486111111111111
0 0.6520833333333333 0.27847222222222223 0.06527777777777778 0.07916666666666666
0 0.6472222222222223 0.1451388888888889 0.05555555555555555 0.1125
0 0.8083333333333333 0.058333333333333334 0.10555555555555556 0.11666666666666667
0 0.8902777777777777 0.04097222222222222 0.06527777777777778 0.07847222222222222
0 0.9548611111111112 0.09305555555555556 0.0875 0.10277777777777777
0 0.35 0.4222222222222222 0.5361111111111111 0.14722222222222223
0 0.5354166666666667 0.8618055555555556 0.16527777777777777 0.27361111111111114
0 0.08125 0.64375 0.1625 0.5402777777777777
0 0.3159722222222222 0.6979166666666666 0.5708333333333333 0.6013888888888889
0 0.9902777777777778 0.5618055555555556 0.016666666666666666 0.06527777777777778
0 0.9881944444444445 0.47291666666666665 0.020833333333333332 0.09027777777777778
0 0.7041666666666667 0.4222222222222222 0.16944444444444445 0.14722222222222223
0 0.9048611111111111 0.9111111111111111 0.1451388888888889 0.12361111111111112
0 0.8125 0.37430555555555556 0.09444444444444444 0.05138888888888889
0 0.9777777777777777 0.40694444444444444 0.041666666666666664 0.05555555555555555
0 0.9375 0.41180555555555554 0.03263888888888889 0.05347222222222222
0 0.9284722222222223 0.5548611111111111 0.03888888888888889 0.03611111111111111
0 0.8638888888888889 0.5111111111111111 0.04652777777777778 0.041666666666666664
0 0.8041666666666667 0.7972222222222223 0.03819444444444445 0.050694444444444445
0 0.7347222222222223 0.9847222222222223 0.06666666666666667 0.027777777777777776
0 0.8805555555555555 0.6201388888888889 0.06597222222222222 0.05694444444444444
0 0.9180555555555555 0.7381944444444445 0.16111111111111112 0.20972222222222223
0 0.75 0.9069444444444444 0.049305555555555554 0.05
0 0.7972222222222223 0.9604166666666667 0.034722222222222224 0.06666666666666667
0 0.6965277777777777 0.9215277777777777 0.0625 0.04097222222222222