0 0.19027777777777777 0.3138888888888889 0.3194444444444444 0.5083333333333333
0 0.029861111111111113 0.3909722222222222 0.059722222222222225 0.22916666666666666
0 0.42291666666666666 0.3680555555555556 0.2708333333333333 0.4
0 0.15208333333333332 0.5159722222222223 0.30416666666666664 0.10416666666666667
0 0.45555555555555555 0.12777777777777777 0.20555555555555555 0.25555555555555554
0 0.07708333333333334 0.15625 0.15416666666666667 0.3125
0 0.6298611111111111 0.4979166666666667 0.14027777777777778 0.14027777777777778
0 0.6923611111111111 0.3597222222222222 0.2548611111111111 0.20555555555555555
0 0.6659722222222222 0.18263888888888888 0.2125 0.36527777777777776
0 0.8993055555555556 0.10555555555555556 0.1986111111111111 0.2111111111111111
0 0.8722222222222222 0.4465277777777778 0.25277777777777777 0.24305555555555555
0 0.26944444444444443 0.7527777777777778 0.08680555555555555 0.1111111111111111
0 0.33611111111111114 0.775 0.06041666666666667 0.12152777777777778
0 0.2111111111111111 0.7909722222222222 0.2152777777777778 0.1875
0 0.21388888888888888 0.8861111111111111 0.35555555555555557 0.225
0 0.14583333333333334 0.7277777777777777 0.2916666666666667 0.31666666666666665
0 0.41388888888888886 0.7680555555555556 0.28888888888888886 0.3972222222222222
0 0.2604166666666667 0.6645833333333333 0.07916666666666666 0.19027777777777777
0 0.6854166666666667 0.9736111111111111 0.2513888888888889 0.05
0 0.8034722222222223 0.7840277777777778 0.31527777777777777 0.42916666666666664
0 0.6270833333333333 0.7680555555555556 0.13472222222222222 0.3972222222222222