0 0.10694444444444444 0.3645833333333333 0.21388888888888888 0.16805555555555557
0 0.2972222222222222 0.33819444444444446 0.2222222222222222 0.22083333333333333
0 0.21180555555555555 0.15208333333333332 0.39305555555555555 0.30416666666666664
0 0.06527777777777778 0.16944444444444445 0.13055555555555556 0.3388888888888889
0 0.8875 0.2611111111111111 0.2222222222222222 0.375
0 0.5638888888888889 0.19722222222222222 0.30833333333333335 0.39444444444444443
0 0.7729166666666667 0.42291666666666666 0.32916666666666666 0.05138888888888889
0 0.5708333333333333 0.3972222222222222 0.19444444444444445 0.10277777777777777
0 0.8069444444444445 0.05625 0.18333333333333332 0.1125
0 0.09375 0.48680555555555555 0.04861111111111111 0.0375
0 0.17708333333333334 0.8027777777777778 0.0625 0.06180555555555556
0 0.0875 0.9020833333333333 0.044444444444444446 0.08055555555555556
0 0.07847222222222222 0.5375 0.06944444444444445 0.07152777777777777
0 0.35138888888888886 0.4909722222222222 0.06388888888888888 0.05347222222222222
0 0.3194444444444444 0.9034722222222222 0.17777777777777778 0.19027777777777777
0 0.28125 0.5069444444444444 0.10972222222222222 0.11388888888888889
0 0.04652777777777778 0.5916666666666667 0.09305555555555556 0.10277777777777777
0 0.3020833333333333 0.6201388888888889 0.06458333333333334 0.07430555555555556
0 0.20972222222222223 0.7875 0.03194444444444444 0.059027777777777776
0 0.6131944444444445 0.5833333333333334 0.40694444444444444 0.26666666666666666
0 0.44166666666666665 0.7444444444444445 0.06388888888888888 0.3111111111111111
0 0.8590277777777777 0.7243055555555555 0.2791666666666667 0.5486111111111112
0 0.5833333333333334 0.8111111111111111 0.3472222222222222 0.2638888888888889