0 0.3590277777777778 0.36736111111111114 0.07916666666666666 0.3402777777777778
0 0.2326388888888889 0.4395833333333333 0.2263888888888889 0.19583333333333333
0 0.06111111111111111 0.44930555555555557 0.12222222222222222 0.1763888888888889
0 0.09513888888888888 0.17708333333333334 0.19027777777777777 0.3541666666666667
0 0.28680555555555554 0.18819444444444444 0.22361111111111112 0.33194444444444443
0 0.9465277777777777 0.19444444444444445 0.10416666666666667 0.16111111111111112
0 0.8090277777777778 0.2423611111111111 0.21805555555555556 0.2125
0 0.6611111111111111 0.36875 0.31666666666666665 0.3375
0 0.9111111111111111 0.38055555555555554 0.175 0.3138888888888889
0 0.45069444444444445 0.4027777777777778 0.10138888888888889 0.26944444444444443
0 0.75625 0.11527777777777778 0.4041666666666667 0.23055555555555557
0 0.5409722222222222 0.1763888888888889 0.28194444444444444 0.3527777777777778
0 0.08402777777777778 0.7659722222222223 0.08541666666666667 0.06458333333333334
0 0.18541666666666667 0.8104166666666667 0.09513888888888888 0.09444444444444444
0 0.3840277777777778 0.9236111111111112 0.029166666666666667 0.07777777777777778
0 0.26319444444444445 0.9416666666666667 0.15694444444444444 0.11388888888888889
0 0.15347222222222223 0.9291666666666667 0.14305555555555555 0.1388888888888889
0 0.24166666666666667 0.7506944444444444 0.09097222222222222 0.1361111111111111
0 0.34097222222222223 0.85625 0.06805555555555555 0.08263888888888889
0 0.31805555555555554 0.7833333333333333 0.10486111111111111 0.10555555555555556
0 0.2902777777777778 0.6375 0.04861111111111111 0.05138888888888889
0 0.3215277777777778 0.6722222222222223 0.04097222222222222 0.04027777777777778
0 0.33819444444444446 0.6430555555555556 0.04652777777777778 0.06875
0 0.3784722222222222 0.6222222222222222 0.04027777777777778 0.06111111111111111
0 0.27708333333333335 0.5506944444444445 0.04027777777777778 0.02361111111111111
0 0.1875 0.5513888888888889 0.041666666666666664 0.025
0 0.33541666666666664 0.725 0.04375 0.08541666666666667
0 0.2638888888888889 0.6798611111111111 0.10833333333333334 0.10972222222222222
0 0.10694444444444444 0.8381944444444445 0.06388888888888888 0.04861111111111111
0 0.26458333333333334 0.8534722222222222 0.09513888888888888 0.07152777777777777
0 0.1763888888888889 0.6666666666666666 0.07430555555555556 0.10972222222222222
0 0.3576388888888889 0.5625 0.06805555555555555 0.04722222222222222
0 0.37569444444444444 0.7340277777777777 0.04583333333333333 0.2513888888888889
0 0.05347222222222222 0.9548611111111112 0.10694444444444444 0.0875
0 0.02638888888888889 0.58125 0.04513888888888889 0.06388888888888888
0 0.2611111111111111 0.5868055555555556 0.059722222222222225 0.06527777777777778
0 0.6555555555555556 0.76875 0.5111111111111111 0.4597222222222222