0 0.37569444444444444 0.19375 0.15416666666666667 0.2875
0 0.15694444444444444 0.24513888888888888 0.3138888888888889 0.18472222222222223
0 0.17569444444444443 0.09166666666666666 0.31527777777777777 0.18333333333333332
0 0.01875 0.12777777777777777 0.0375 0.25555555555555554
0 0.8645833333333334 0.1625 0.2659722222222222 0.15555555555555556
0 0.5909722222222222 0.13194444444444445 0.24305555555555555 0.2638888888888889
0 0.37222222222222223 0.5097222222222222 0.19166666666666668 0.3416666666666667
0 0.09444444444444444 0.5854166666666667 0.18888888888888888 0.4375
0 0.275 0.7576388888888889 0.21736111111111112 0.38055555555555554
0 0.3659722222222222 0.8430555555555556 0.20416666666666666 0.3111111111111111
0 0.1375 0.40625 0.275 0.13472222222222222
0 0.20208333333333334 0.49236111111111114 0.19583333333333333 0.30694444444444446
0 0.6416666666666667 0.7618055555555555 0.3277777777777778 0.4736111111111111
0 0.8131944444444444 0.8083333333333333 0.37083333333333335 0.38055555555555554
0 0.5979166666666667 0.9854166666666667 0.15416666666666667 0.02638888888888889
0 0.55 0.7868055555555555 0.16111111111111112 0.4236111111111111
0 0.8354166666666667 0.48194444444444445 0.3263888888888889 0.2861111111111111
0 0.6659722222222222 0.47152777777777777 0.39305555555555555 0.2652777777777778