0 0.34097222222222223 0.26180555555555557 0.2263888888888889 0.33194444444444443
0 0.5020833333333333 0.25416666666666665 0.15138888888888888 0.42777777777777776
0 0.17777777777777778 0.31805555555555554 0.35555555555555557 0.3
0 0.4965277777777778 0.4125 0.1625 0.1111111111111111
0 0.1840277777777778 0.07847222222222222 0.3680555555555556 0.15694444444444444
0 0.6881944444444444 0.3680555555555556 0.07083333333333333 0.09513888888888888
0 0.7597222222222222 0.3472222222222222 0.08125 0.07916666666666666
0 0.7375 0.41458333333333336 0.06597222222222222 0.07916666666666666
0 0.8173611111111111 0.4597222222222222 0.02638888888888889 0.016666666666666666
0 0.8506944444444444 0.4527777777777778 0.0375 0.030555555555555555
0 0.9236111111111112 0.44722222222222224 0.06111111111111111 0.041666666666666664
0 0.8805555555555555 0.4013888888888889 0.10138888888888889 0.05486111111111111
0 0.7541666666666667 0.45555555555555555 0.07222222222222222 0.025
0 0.26875 0.8923611111111112 0.23472222222222222 0.2125
0 0.08958333333333333 0.8833333333333333 0.17916666666666667 0.23055555555555557
0 0.46041666666666664 0.7340277777777777 0.23472222222222222 0.5291666666666667
0 0.3548611111111111 0.7555555555555555 0.3298611111111111 0.4701388888888889
0 0.11597222222222223 0.7340277777777777 0.23194444444444445 0.5291666666666667
0 0.6347222222222222 0.8541666666666666 0.1111111111111111 0.17222222222222222
0 0.9527777777777777 0.8840277777777777 0.09166666666666666 0.19305555555555556
0 0.8944444444444445 0.8694444444444445 0.0625 0.05694444444444444
0 0.8798611111111111 0.9423611111111111 0.04861111111111111 0.07361111111111111
0 0.825 0.8555555555555555 0.034722222222222224 0.05138888888888889
0 0.9895833333333334 0.6694444444444444 0.018055555555555554 0.05555555555555555
0 0.8673611111111111 0.575 0.06111111111111111 0.08888888888888889
0 0.7451388888888889 0.6194444444444445 0.09861111111111111 0.05694444444444444
0 0.6888888888888889 0.8861111111111111 0.06875 0.058333333333333334
0 0.9541666666666667 0.7131944444444445 0.08819444444444445 0.10486111111111111
0 0.8180555555555555 0.7125 0.06388888888888888 0.08263888888888889
0 0.8666666666666667 0.7402777777777778 0.08958333333333333 0.08055555555555556
0 0.6520833333333333 0.6861111111111111 0.14583333333333334 0.11388888888888889
0 0.6416666666666667 0.9375 0.0625 0.08055555555555556
0 0.7944444444444444 0.9180555555555555 0.11458333333333333 0.075
0 0.7173611111111111 0.9361111111111111 0.09652777777777778 0.08125
0 0.7770833333333333 0.8784722222222222 0.0625 0.04236111111111111
0 0.7513888888888889 0.7993055555555556 0.08611111111111111 0.11527777777777778
0 0.8013888888888889 0.95625 0.14444444444444443 0.08472222222222223
0 0.9548611111111112 0.6291666666666667 0.05555555555555555 0.049305555555555554
0 0.8701388888888889 0.6604166666666667 0.08263888888888889 0.08263888888888889
0 0.7569444444444444 0.6618055555555555 0.03958333333333333 0.05694444444444444
0 0.8180555555555555 0.6270833333333333 0.05416666666666667 0.05694444444444444
0 0.9638888888888889 0.9819444444444444 0.06944444444444445 0.03333333333333333