0 0.3680555555555556 0.2013888888888889 0.2388888888888889 0.4027777777777778
0 0.16527777777777777 0.25069444444444444 0.21805555555555556 0.22361111111111112
0 0.029166666666666667 0.31527777777777777 0.058333333333333334 0.3138888888888889
0 0.1388888888888889 0.45902777777777776 0.2777777777777778 0.1986111111111111
0 0.0625 0.07569444444444444 0.125 0.15138888888888888
0 0.23958333333333334 0.07569444444444444 0.25972222222222224 0.15138888888888888
0 0.9215277777777777 0.4166666666666667 0.15416666666666667 0.2833333333333333
0 0.8131944444444444 0.13541666666666666 0.11944444444444445 0.09583333333333334
0 0.6388888888888888 0.2791666666666667 0.3 0.5583333333333333
0 0.9555555555555556 0.05416666666666667 0.08611111111111111 0.08055555555555556
0 0.8729166666666667 0.2298611111111111 0.17291666666666666 0.16041666666666668
0 0.05277777777777778 0.6555555555555556 0.10555555555555556 0.19166666666666668
0 0.24444444444444444 0.6652777777777777 0.3861111111111111 0.2111111111111111
0 0.24375 0.8465277777777778 0.4875 0.30416666666666664
0 0.70625 0.8263888888888888 0.18472222222222223 0.14930555555555555
0 0.5520833333333334 0.8965277777777778 0.10694444444444444 0.20416666666666666
0 0.8736111111111111 0.8916666666666667 0.25 0.21388888888888888
0 0.7215277777777778 0.9368055555555556 0.2625 0.12361111111111112
0 0.7638888888888888 0.5972222222222222 0.39166666666666666 0.075
0 0.5951388888888889 0.6909722222222222 0.2125 0.2625
0 0.9131944444444444 0.6902777777777778 0.17083333333333334 0.25833333333333336
0 0.7708333333333334 0.7 0.1701388888888889 0.18125