0 0.33819444444444446 0.11666666666666667 0.2791666666666667 0.23333333333333334
0 0.16527777777777777 0.08541666666666667 0.14444444444444443 0.17083333333333334
0 0.05347222222222222 0.1701388888888889 0.10694444444444444 0.3402777777777778
0 0.4444444444444444 0.225 0.06666666666666667 0.3861111111111111
0 0.13680555555555557 0.2763888888888889 0.27361111111111114 0.2833333333333333
0 0.32013888888888886 0.3034722222222222 0.2013888888888889 0.22916666666666666
0 0.6361111111111111 0.13472222222222222 0.09791666666666667 0.10972222222222222
0 0.8451388888888889 0.029861111111111113 0.04861111111111111 0.05555555555555555
0 0.8319444444444445 0.0798611111111111 0.09513888888888888 0.08333333333333333
0 0.7215277777777778 0.09722222222222222 0.07013888888888889 0.06527777777777778
0 0.8986111111111111 0.006944444444444444 0.044444444444444446 0.013888888888888888
0 0.7125 0.006944444444444444 0.06111111111111111 0.013888888888888888
0 0.5194444444444445 0.15486111111111112 0.05555555555555555 0.07291666666666667
0 0.7097222222222223 0.3138888888888889 0.09027777777777778 0.06458333333333334
0 0.6090277777777777 0.27847222222222223 0.06736111111111111 0.06319444444444444
0 0.5243055555555556 0.225 0.09027777777777778 0.07777777777777778
0 0.6534722222222222 0.3645833333333333 0.20972222222222223 0.10694444444444444
0 0.7166666666666667 0.24027777777777778 0.08680555555555555 0.07430555555555556
0 0.7208333333333333 0.16111111111111112 0.05763888888888889 0.08888888888888889
0 0.4875 0.09861111111111111 0.016666666666666666 0.08333333333333333
0 0.4979166666666667 0.043055555555555555 0.0375 0.06388888888888888
0 0.98125 0.08958333333333333 0.034722222222222224 0.0625
0 0.8909722222222223 0.09722222222222222 0.05138888888888889 0.0625
0 0.7784722222222222 0.13819444444444445 0.0798611111111111 0.06597222222222222
0 0.5090277777777777 0.09097222222222222 0.059722222222222225 0.06805555555555555
0 0.5305555555555556 0.06180555555555556 0.05416666666666667 0.08333333333333333
0 0.5173611111111112 0.010416666666666666 0.059722222222222225 0.020833333333333332
0 0.11736111111111111 0.9736111111111111 0.23472222222222222 0.05
0 0.19930555555555557 0.6166666666666667 0.39861111111111114 0.39444444444444443
0 0.33541666666666664 0.7090277777777778 0.2847222222222222 0.5791666666666667
0 0.029861111111111113 0.6611111111111111 0.059722222222222225 0.32222222222222224
0 0.6958333333333333 0.5715277777777777 0.43333333333333335 0.30416666666666664
0 0.9277777777777778 0.8138888888888889 0.14166666666666666 0.21666666666666667
0 0.5548611111111111 0.7090277777777778 0.15138888888888888 0.5791666666666667
0 0.8013888888888889 0.9340277777777778 0.39444444444444443 0.12916666666666668