0 0.49166666666666664 0.3701388888888889 0.09166666666666666 0.2375
0 0.16666666666666666 0.39166666666666666 0.3333333333333333 0.2722222222222222
0 0.3798611111111111 0.40069444444444446 0.14027777777777778 0.25416666666666665
0 0.4013888888888889 0.1326388888888889 0.2361111111111111 0.2652777777777778
0 0.1763888888888889 0.13333333333333333 0.20833333333333334 0.26666666666666666
0 0.9180555555555555 0.37916666666666665 0.16111111111111112 0.2972222222222222
0 0.71875 0.43819444444444444 0.2125 0.17916666666666667
0 0.6479166666666667 0.09236111111111112 0.21805555555555556 0.18472222222222223
0 0.8590277777777777 0.14097222222222222 0.2791666666666667 0.28194444444444444
0 0.7798611111111111 0.1625 0.05277777777777778 0.09097222222222222
0 0.7215277777777778 0.24444444444444444 0.2375 0.23472222222222222
0 0.29097222222222224 0.7583333333333333 0.2638888888888889 0.31666666666666665
0 0.4576388888888889 0.7638888888888888 0.1597222222222222 0.46944444444444444
0 0.28194444444444444 0.5763888888888888 0.4666666666666667 0.09444444444444444
0 0.23125 0.9243055555555556 0.4625 0.1486111111111111
0 0.6638888888888889 0.875 0.25 0.24722222222222223
0 0.5902777777777778 0.7638888888888888 0.10277777777777777 0.46944444444444444
0 0.8090277777777778 0.6604166666666667 0.37916666666666665 0.2625
0 0.8840277777777777 0.8395833333333333 0.22916666666666666 0.31805555555555554