0 0.4263888888888889 0.21388888888888888 0.18333333333333332 0.3277777777777778
0 0.10486111111111111 0.019444444444444445 0.13472222222222222 0.03888888888888889
0 0.24861111111111112 0.1284722222222222 0.2 0.2569444444444444
0 0.16944444444444445 0.3347222222222222 0.33611111111111114 0.08611111111111111
0 0.9541666666666667 0.29583333333333334 0.08888888888888889 0.1638888888888889
0 0.9756944444444444 0.03611111111111111 0.04583333333333333 0.07222222222222222
0 0.7555555555555555 0.3347222222222222 0.10555555555555556 0.08611111111111111
0 0.7055555555555556 0.3173611111111111 0.08680555555555555 0.09791666666666667
0 0.6736111111111112 0.15138888888888888 0.10208333333333333 0.1840277777777778
0 0.6006944444444444 0.32083333333333336 0.1625 0.11388888888888889
0 0.9270833333333334 0.11388888888888889 0.14305555555555555 0.1361111111111111
0 0.8923611111111112 0.2611111111111111 0.2125 0.23055555555555557
0 0.8993055555555556 0.0375 0.10138888888888889 0.075
0 0.7458333333333333 0.021527777777777778 0.05555555555555555 0.043055555555555555
0 0.5409722222222222 0.18958333333333333 0.043055555555555555 0.09305555555555556
0 0.8305555555555556 0.09930555555555555 0.07222222222222222 0.06527777777777778
0 0.32916666666666666 0.7638888888888888 0.04652777777777778 0.06805555555555555
0 0.3090277777777778 0.8298611111111112 0.0375 0.05
0 0.18611111111111112 0.7027777777777777 0.05694444444444444 0.13125
0 0.1111111111111111 0.5347222222222222 0.0375 0.03125
0 0.3277777777777778 0.66875 0.05416666666666667 0.04513888888888889
0 0.34375 0.6923611111111111 0.05277777777777778 0.034722222222222224
0 0.5 0.9020833333333333 0.03611111111111111 0.10138888888888889
0 0.018055555555555554 0.7145833333333333 0.03611111111111111 0.09027777777777778
0 0.41041666666666665 0.7493055555555556 0.02361111111111111 0.025
0 0.28125 0.7326388888888888 0.05416666666666667 0.06388888888888888
0 0.0798611111111111 0.7055555555555556 0.024305555555555556 0.030555555555555555
0 0.42083333333333334 0.85625 0.15069444444444444 0.1
0 0.08680555555555555 0.9576388888888889 0.1736111111111111 0.08194444444444444
0 0.5138888888888888 0.9659722222222222 0.008333333333333333 0.0375
0 0.07847222222222222 0.7486111111111111 0.05694444444444444 0.041666666666666664
0 0.10555555555555556 0.8777777777777778 0.2111111111111111 0.24166666666666667
0 0.8736111111111111 0.6958333333333333 0.04652777777777778 0.06805555555555555
0 0.8534722222222222 0.7618055555555555 0.0375 0.05
0 0.7305555555555555 0.6347222222222222 0.05694444444444444 0.13125
0 0.6555555555555556 0.4666666666666667 0.0375 0.03125
0 0.8722222222222222 0.6006944444444444 0.05416666666666667 0.04513888888888889
0 0.8881944444444444 0.6243055555555556 0.05277777777777778 0.034722222222222224
0 0.55 0.6465277777777778 0.06111111111111111 0.09027777777777778
0 0.9548611111111112 0.68125 0.02361111111111111 0.025
0 0.8256944444444444 0.6645833333333333 0.05416666666666667 0.06388888888888888
0 0.5333333333333333 0.7104166666666667 0.027777777777777776 0.04583333333333333
0 0.6243055555555556 0.6375 0.024305555555555556 0.030555555555555555
0 0.94375 0.7881944444444444 0.10972222222222222 0.10138888888888889
0 0.61875 0.9236111111111112 0.1986111111111111 0.15
0 0.6229166666666667 0.6805555555555556 0.05694444444444444 0.041666666666666664
0 0.6375 0.83125 0.2361111111111111 0.2847222222222222