0 0.10555555555555556 0.32222222222222224 0.16944444444444445 0.25277777777777777
0 0.13958333333333334 0.12083333333333333 0.2263888888888889 0.24166666666666667
0 0.2534722222222222 0.29375 0.20208333333333334 0.20833333333333334
0 0.2388888888888889 0.41597222222222224 0.3333333333333333 0.06527777777777778
0 0.3145833333333333 0.10486111111111111 0.2263888888888889 0.20972222222222223
0 0.4597222222222222 0.25416666666666665 0.25555555555555554 0.37777777777777777
0 0.7090277777777778 0.2659722222222222 0.24027777777777778 0.36527777777777776
0 0.9111111111111111 0.35347222222222224 0.175 0.19027777777777777
0 0.9034722222222222 0.050694444444444445 0.16805555555555557 0.10138888888888889
0 0.7 0.09375 0.2222222222222222 0.1875
0 0.8840277777777777 0.1701388888888889 0.22916666666666666 0.20972222222222223
0 0.03333333333333333 0.9076388888888889 0.06666666666666667 0.04583333333333333
0 0.00625 0.9041666666666667 0.0125 0.07777777777777778
0 0.4652777777777778 0.6229166666666667 0.05555555555555555 0.04375
0 0.15833333333333333 0.8854166666666666 0.10347222222222222 0.0875
0 0.4270833333333333 0.6513888888888889 0.04722222222222222 0.05416666666666667
0 0.4618055555555556 0.7868055555555555 0.04375 0.034027777777777775
0 0.3506944444444444 0.8159722222222222 0.06458333333333334 0.11180555555555556
0 0.4479166666666667 0.8319444444444445 0.06180555555555556 0.06458333333333334
0 0.15833333333333333 0.6826388888888889 0.12777777777777777 0.07847222222222222
0 0.2881944444444444 0.9013888888888889 0.04375 0.07569444444444444
0 0.12222222222222222 0.7256944444444444 0.030555555555555555 0.021527777777777778
0 0.27569444444444446 0.9618055555555556 0.034722222222222224 0.03611111111111111
0 0.12222222222222222 0.5819444444444445 0.04583333333333333 0.03194444444444444
0 0.059722222222222225 0.5395833333333333 0.05347222222222222 0.03958333333333333
0 0.011111111111111112 0.6340277777777777 0.022222222222222223 0.03194444444444444
0 0.08125 0.6368055555555555 0.07291666666666667 0.052083333333333336
0 0.13402777777777777 0.7472222222222222 0.0625 0.022222222222222223
0 0.41180555555555554 0.8805555555555555 0.09791666666666667 0.09097222222222222
0 0.08333333333333333 0.9159722222222222 0.04861111111111111 0.044444444444444446
0 0.47638888888888886 0.5826388888888889 0.04027777777777778 0.03333333333333333
0 0.5 0.5180555555555556 0.03611111111111111 0.029166666666666667
0 0.05555555555555555 0.7208333333333333 0.1111111111111111 0.125
0 0.06944444444444445 0.8805555555555555 0.08263888888888889 0.025694444444444443
0 0.375 0.6298611111111111 0.07222222222222222 0.059722222222222225
0 0.15138888888888888 0.7354166666666667 0.08680555555555555 0.059027777777777776
0 0.03125 0.8604166666666667 0.0625 0.0625
0 0.04097222222222222 0.9569444444444445 0.08194444444444444 0.08333333333333333
0 0.6395833333333333 0.9430555555555555 0.10138888888888889 0.1111111111111111
0 0.9840277777777777 0.9791666666666666 0.029166666666666667 0.03888888888888889
0 0.6243055555555556 0.5423611111111111 0.034027777777777775 0.04097222222222222
0 0.9090277777777778 0.4625 0.02638888888888889 0.025
0 0.8520833333333333 0.47430555555555554 0.04583333333333333 0.04861111111111111
0 0.9534722222222223 0.9291666666666667 0.08125 0.08819444444444445
0 0.9381944444444444 0.8625 0.07083333333333333 0.059722222222222225
0 0.9041666666666667 0.9569444444444445 0.13541666666666666 0.07291666666666667
0 0.9798611111111111 0.8340277777777778 0.0375 0.1125
0 0.63125 0.6083333333333333 0.08472222222222223 0.11388888888888889
0 0.6645833333333333 0.7965277777777777 0.11736111111111111 0.0875
0 0.8006944444444445 0.9263888888888889 0.05763888888888889 0.06805555555555555
0 0.7013888888888888 0.9923611111111111 0.03333333333333333 0.0125
0 0.6465277777777778 0.7395833333333334 0.11527777777777778 0.1736111111111111
0 0.7416666666666667 0.9347222222222222 0.06458333333333334 0.0798611111111111
0 0.9895833333333334 0.9548611111111112 0.018055555555555554 0.06527777777777778
0 0.8548611111111111 0.7993055555555556 0.15486111111111112 0.17083333333333334
0 0.6444444444444445 0.8958333333333334 0.1111111111111111 0.125
0 0.9548611111111112 0.6826388888888889 0.06527777777777778 0.11666666666666667
0 0.8569444444444444 0.8854166666666666 0.10277777777777777 0.09583333333333334
0 0.7597222222222222 0.8583333333333333 0.07152777777777777 0.11597222222222223
0 0.8006944444444445 0.6881944444444444 0.11319444444444444 0.08055555555555556
0 0.8097222222222222 0.5208333333333334 0.041666666666666664 0.034027777777777775
0 0.85625 0.9736111111111111 0.2847222222222222 0.05
0 0.9472222222222222 0.8020833333333334 0.0375 0.075
0 0.9277777777777778 0.6465277777777778 0.029861111111111113 0.043055555555555555
0 0.9909722222222223 0.5305555555555556 0.015277777777777777 0.03611111111111111
0 0.9833333333333333 0.6555555555555556 0.030555555555555555 0.03888888888888889
0 0.9347222222222222 0.48194444444444445 0.04375 0.03958333333333333
0 0.9493055555555555 0.5215277777777778 0.06319444444444444 0.04375
0 0.8923611111111112 0.5125 0.04513888888888889 0.05416666666666667
0 0.9291666666666667 0.5326388888888889 0.04513888888888889 0.03888888888888889
0 0.9701388888888889 0.5611111111111111 0.05694444444444444 0.058333333333333334
0 0.8458333333333333 0.6326388888888889 0.08680555555555555 0.07430555555555556