0 0.45555555555555555 0.03958333333333333 0.15 0.07916666666666666
0 0.19791666666666666 0.11875 0.3958333333333333 0.2375
0 0.38819444444444445 0.13958333333333334 0.3625 0.19583333333333333
0 0.95 0.11875 0.09722222222222222 0.2375
0 0.7993055555555556 0.11875 0.39861111111111114 0.2375
0 0.3659722222222222 0.5388888888888889 0.09027777777777778 0.1076388888888889
0 0.5027777777777778 0.6652777777777777 0.06666666666666667 0.09236111111111112
0 0.21736111111111112 0.7590277777777777 0.42916666666666664 0.4791666666666667
0 0.4340277777777778 0.8270833333333333 0.07430555555555556 0.09513888888888888
0 0.03611111111111111 0.9152777777777777 0.07222222222222222 0.16666666666666666
0 0.525 0.93125 0.14722222222222223 0.13472222222222222
0 0.3298611111111111 0.9736111111111111 0.05694444444444444 0.05
0 0.3055555555555556 0.32916666666666666 0.3611111111111111 0.18055555555555555
0 0.125 0.4861111111111111 0.25 0.43333333333333335
0 0.7993055555555556 0.8020833333333334 0.39861111111111114 0.39305555555555555
0 0.8277777777777777 0.48125 0.3416666666666667 0.4847222222222222
0 0.7125 0.325 0.225 0.17222222222222222
0 0.61875 0.5041666666666667 0.0375 0.21388888888888888