0 0.22847222222222222 0.2048611111111111 0.38472222222222224 0.4097222222222222
0 0.46458333333333335 0.2125 0.10694444444444444 0.33611111111111114
0 0.3416666666666667 0.35208333333333336 0.15902777777777777 0.12222222222222222
0 0.1 0.43333333333333335 0.2 0.15
0 0.43680555555555556 0.4395833333333333 0.1625 0.1375
0 0.325 0.4479166666666667 0.2222222222222222 0.12083333333333333
0 0.3451388888888889 0.05763888888888889 0.3347222222222222 0.11527777777777778
0 0.8375 0.11736111111111111 0.06180555555555556 0.049305555555555554
0 0.8270833333333333 0.07361111111111111 0.05416666666666667 0.052083333333333336
0 0.9083333333333333 0.48819444444444443 0.18055555555555555 0.04027777777777778
0 0.8298611111111112 0.011111111111111112 0.04027777777777778 0.022222222222222223
0 0.6041666666666666 0.22777777777777777 0.05555555555555555 0.04722222222222222
0 0.6229166666666667 0.2 0.04097222222222222 0.04027777777777778
0 0.9965277777777778 0.075 0.004166666666666667 0.025
0 0.9597222222222223 0.07083333333333333 0.043055555555555555 0.04652777777777778
0 0.9083333333333333 0.00625 0.03888888888888889 0.0125
0 0.925 0.06805555555555555 0.03263888888888889 0.05625
0 0.8743055555555556 0.14375 0.03888888888888889 0.03958333333333333
0 0.6951388888888889 0.017361111111111112 0.06527777777777778 0.034722222222222224
0 0.6388888888888888 0.14444444444444443 0.06875 0.052083333333333336
0 0.9743055555555555 0.22430555555555556 0.050694444444444445 0.07083333333333333
0 0.88125 0.03680555555555556 0.07361111111111111 0.07361111111111111
0 0.5826388888888889 0.3972222222222222 0.12638888888888888 0.2222222222222222
0 0.9916666666666667 0.21666666666666667 0.013888888888888888 0.07777777777777778
0 0.9881944444444445 0.006944444444444444 0.020833333333333332 0.013888888888888888
0 0.7534722222222222 0.29444444444444445 0.12222222222222222 0.21805555555555556
0 0.9652777777777778 0.3215277777777778 0.06666666666666667 0.1125
0 0.8458333333333333 0.3055555555555556 0.1076388888888889 0.13819444444444445
0 0.5458333333333333 0.23958333333333334 0.05277777777777778 0.17083333333333334
0 0.5819444444444445 0.05625 0.05625 0.08680555555555555
0 0.5645833333333333 0.10902777777777778 0.09027777777777778 0.10694444444444444
0 0.5319444444444444 0.3798611111111111 0.025 0.24305555555555555
0 0.5604166666666667 0.19375 0.08194444444444444 0.10416666666666667
0 0.9131944444444444 0.22430555555555556 0.05416666666666667 0.05
0 0.90625 0.2743055555555556 0.05763888888888889 0.05277777777777778
0 0.9527777777777777 0.2569444444444444 0.03611111111111111 0.034722222222222224
0 0.8840277777777777 0.4013888888888889 0.22916666666666666 0.13333333333333333
0 0.22152777777777777 0.6631944444444444 0.44305555555555554 0.30694444444444446
0 0.9701388888888889 0.7972222222222223 0.05694444444444444 0.36944444444444446
0 0.7590277777777777 0.7916666666666666 0.4791666666666667 0.41388888888888886
0 0.6388888888888888 0.8513888888888889 0.2388888888888889 0.29444444444444445
0 0.6798611111111111 0.6333333333333333 0.32083333333333336 0.24722222222222223