0 0.24722222222222223 0.10138888888888889 0.2 0.20277777777777778
0 0.07777777777777778 0.11875 0.15555555555555556 0.2375
0 0.26666666666666666 0.1701388888888889 0.16111111111111112 0.13472222222222222
0 0.4097222222222222 0.11875 0.12222222222222222 0.2375
0 0.6590277777777778 0.10138888888888889 0.2152777777777778 0.20277777777777778
0 0.85 0.11875 0.2611111111111111 0.2375
0 0.6 0.11875 0.2611111111111111 0.2375
0 0.2534722222222222 0.7736111111111111 0.1875 0.45
0 0.10902777777777778 0.8513888888888889 0.15486111111111112 0.20902777777777778
0 0.058333333333333334 0.9027777777777778 0.11666666666666667 0.19166666666666668
0 0.21875 0.9590277777777778 0.2569444444444444 0.07916666666666666
0 0.2298611111111111 0.38958333333333334 0.23472222222222222 0.3013888888888889
0 0.05277777777777778 0.3729166666666667 0.10555555555555556 0.26805555555555555
0 0.07569444444444444 0.5513888888888889 0.15138888888888888 0.3527777777777778
0 0.14097222222222222 0.6041666666666666 0.2652777777777778 0.35138888888888886
0 0.38958333333333334 0.5416666666666666 0.06527777777777778 0.11180555555555556
0 0.7479166666666667 0.6340277777777777 0.4652777777777778 0.6
0 0.4222222222222222 0.75625 0.14722222222222223 0.2875
0 0.6048611111111111 0.85 0.3159722222222222 0.2569444444444444
0 0.9534722222222223 0.9243055555555556 0.09027777777777778 0.1486111111111111
0 0.8347222222222223 0.9493055555555555 0.1527777777777778 0.09861111111111111
0 0.5208333333333334 0.9659722222222222 0.34444444444444444 0.06527777777777778
0 0.7555555555555555 0.26319444444444445 0.21666666666666667 0.04861111111111111
0 0.49722222222222223 0.28958333333333336 0.2972222222222222 0.10138888888888889
0 0.5902777777777778 0.2861111111111111 0.125 0.09444444444444444
0 0.91875 0.3597222222222222 0.1597222222222222 0.24166666666666667
0 0.6284722222222222 0.30416666666666664 0.075 0.10416666666666667
0 0.7673611111111112 0.31666666666666665 0.10694444444444444 0.15555555555555556
0 0.6881944444444444 0.3090277777777778 0.05277777777777778 0.04583333333333333
0 0.5590277777777778 0.35555555555555557 0.13194444444444445 0.10625
0 0.8909722222222223 0.3972222222222222 0.1388888888888889 0.2826388888888889
0 0.41458333333333336 0.40555555555555556 0.13194444444444445 0.13055555555555556
0 0.5354166666666667 0.4375 0.10069444444444445 0.11041666666666666
0 0.48541666666666666 0.5138888888888888 0.13055555555555556 0.18055555555555555