0 0.5034722222222222 0.049305555555555554 0.3125 0.09861111111111111
0 0.1451388888888889 0.07777777777777778 0.21805555555555556 0.15555555555555556
0 0.35694444444444445 0.08611111111111111 0.20833333333333334 0.17222222222222222
0 0.08611111111111111 0.24027777777777778 0.17222222222222222 0.3416666666666667
0 0.3020833333333333 0.24027777777777778 0.27152777777777776 0.3625
0 0.6034722222222222 0.26319444444444445 0.16805555555555557 0.3902777777777778
0 0.46805555555555556 0.3527777777777778 0.11388888888888889 0.2111111111111111
0 0.16527777777777777 0.3763888888888889 0.2972222222222222 0.1638888888888889
0 0.9826388888888888 0.2326388888888889 0.03194444444444444 0.17083333333333334
0 0.8243055555555555 0.4263888888888889 0.07152777777777777 0.059027777777777776
0 0.8743055555555556 0.09930555555555555 0.08541666666666667 0.08819444444444445
0 0.8 0.19166666666666668 0.0798611111111111 0.0763888888888889
0 0.9333333333333333 0.33125 0.13055555555555556 0.1625
0 0.9375 0.24375 0.12222222222222222 0.23194444444444445
0 0.95 0.2902777777777778 0.0798611111111111 0.13819444444444445
0 0.6986111111111111 0.3159722222222222 0.019444444444444445 0.13194444444444445
0 0.7361111111111112 0.3472222222222222 0.075 0.0798611111111111
0 0.8145833333333333 0.36180555555555555 0.09513888888888888 0.07777777777777778
0 0.34375 0.7291666666666666 0.6875 0.5388888888888889
0 0.84375 0.7291666666666666 0.30972222222222223 0.5388888888888889
0 0.9875 0.7923611111111111 0.022222222222222223 0.12083333333333333
0 0.9194444444444444 0.8840277777777777 0.05 0.15902777777777777