0 0.07013888888888889 0.26875 0.14027777777777778 0.35138888888888886
0 0.35833333333333334 0.27847222222222223 0.48055555555555557 0.4597222222222222
0 0.059027777777777776 0.4722222222222222 0.11805555555555555 0.07222222222222222
0 0.41458333333333336 0.049305555555555554 0.3680555555555556 0.09861111111111111
0 0.13055555555555556 0.09861111111111111 0.2611111111111111 0.19722222222222222
0 0.6784722222222223 0.30069444444444443 0.15694444444444444 0.3125
0 0.8701388888888889 0.4048611111111111 0.2569444444444444 0.20694444444444443
0 0.6840277777777778 0.4618055555555556 0.16805555555555557 0.09305555555555556
0 0.6569444444444444 0.09791666666666667 0.11388888888888889 0.19583333333333333
0 0.8423611111111111 0.2076388888888889 0.3125 0.4152777777777778
0 0.12569444444444444 0.5138888888888888 0.2513888888888889 0.008333333333333333
0 0.3638888888888889 0.5493055555555556 0.2638888888888889 0.07916666666666666
0 0.5326388888888889 0.64375 0.13194444444444445 0.26805555555555555
0 0.12291666666666666 0.6715277777777777 0.24583333333333332 0.3236111111111111
0 0.08680555555555555 0.8368055555555556 0.1736111111111111 0.3236111111111111
0 0.3972222222222222 0.7541666666666667 0.4027777777777778 0.4888888888888889
0 0.8513888888888889 0.575 0.08819444444444445 0.06388888888888888
0 0.9840277777777777 0.525 0.029166666666666667 0.030555555555555555
0 0.7701388888888889 0.5729166666666666 0.1 0.09375
0 0.6534722222222222 0.8465277777777778 0.07708333333333334 0.08958333333333333
0 0.8847222222222222 0.7534722222222222 0.04375 0.03958333333333333
0 0.95 0.6548611111111111 0.08819444444444445 0.07569444444444444
0 0.7944444444444444 0.7722222222222223 0.06319444444444444 0.08125
0 0.7354166666666667 0.7361111111111112 0.06875 0.06736111111111111
0 0.90625 0.8138888888888889 0.07430555555555556 0.09375
0 0.7465277777777778 0.5284722222222222 0.05138888888888889 0.0375
0 0.8541666666666666 0.6770833333333334 0.052083333333333336 0.08680555555555555
0 0.7409722222222223 0.9 0.10138888888888889 0.08819444444444445
0 0.9659722222222222 0.5222222222222223 0.04861111111111111 0.025
0 0.9472222222222222 0.5611111111111111 0.09652777777777778 0.06111111111111111
0 0.7361111111111112 0.9166666666666666 0.2722222222222222 0.1638888888888889
0 0.9104166666666667 0.9180555555555555 0.1763888888888889 0.16111111111111112
0 0.7347222222222223 0.8243055555555555 0.10347222222222222 0.1125