0 0.24930555555555556 0.08611111111111111 0.2652777777777778 0.17222222222222222
0 0.4479166666666667 0.15555555555555556 0.12083333333333333 0.3111111111111111
0 0.12569444444444444 0.11805555555555555 0.1763888888888889 0.2361111111111111
0 0.09722222222222222 0.26875 0.19444444444444445 0.25972222222222224
0 0.3861111111111111 0.27291666666666664 0.24444444444444444 0.2513888888888889
0 0.22013888888888888 0.3486111111111111 0.09583333333333334 0.1
0 0.5791666666666667 0.2791666666666667 0.1388888888888889 0.11944444444444445
0 0.6576388888888889 0.06527777777777778 0.09305555555555556 0.10486111111111111
0 0.5534722222222223 0.030555555555555555 0.0875 0.06111111111111111
0 0.8916666666666667 0.24444444444444444 0.17847222222222223 0.20347222222222222
0 0.9743055555555555 0.12152777777777778 0.04861111111111111 0.07361111111111111
0 0.8180555555555555 0.10555555555555556 0.044444444444444446 0.05277777777777778
0 0.8152777777777778 0.03888888888888889 0.041666666666666664 0.03263888888888889
0 0.8888888888888888 0.018055555555555554 0.07222222222222222 0.03611111111111111
0 0.9722222222222222 0.2326388888888889 0.05277777777777778 0.22083333333333333
0 0.9069444444444444 0.0798611111111111 0.1361111111111111 0.15486111111111112
0 0.6236111111111111 0.10347222222222222 0.06319444444444444 0.0625
0 0.5513888888888889 0.10138888888888889 0.08333333333333333 0.10555555555555556
0 0.6104166666666667 0.15763888888888888 0.11180555555555556 0.0763888888888889
0 0.15625 0.5979166666666667 0.3125 0.3958333333333333
0 0.4652777777777778 0.7555555555555555 0.08611111111111111 0.1527777777777778
0 0.17291666666666666 0.8868055555555555 0.3458333333333333 0.22361111111111112
0 0.029861111111111113 0.8333333333333334 0.059722222222222225 0.09722222222222222
0 0.49930555555555556 0.6215277777777778 0.018055555555555554 0.1486111111111111
0 0.1625 0.43472222222222223 0.325 0.06944444444444445
0 0.40625 0.6458333333333334 0.20069444444444445 0.36736111111111114
0 0.3590277777777778 0.4909722222222222 0.2986111111111111 0.18194444444444444
0 0.6625 0.9291666666666667 0.3055555555555556 0.1388888888888889
0 0.6284722222222222 0.44930555555555557 0.14305555555555555 0.09861111111111111
0 0.5388888888888889 0.7277777777777777 0.058333333333333334 0.07777777777777778
0 0.5472222222222223 0.8347222222222223 0.075 0.08055555555555556
0 0.7076388888888889 0.7152777777777778 0.18263888888888888 0.08333333333333333
0 0.8756944444444444 0.75 0.10833333333333334 0.13958333333333334
0 0.6916666666666667 0.5888888888888889 0.1486111111111111 0.1111111111111111
0 0.6875 0.5180555555555556 0.17083333333333334 0.175
0 0.6625 0.8263888888888888 0.18680555555555556 0.11666666666666667
0 0.7576388888888889 0.4125 0.07916666666666666 0.025
0 0.9097222222222222 0.46597222222222223 0.17777777777777778 0.13194444444444445
0 0.5423611111111111 0.5111111111111111 0.06527777777777778 0.18888888888888888
0 0.55625 0.6451388888888889 0.09305555555555556 0.09305555555555556
0 0.9486111111111111 0.8229166666666666 0.1 0.3013888888888889
0 0.8513888888888889 0.8680555555555556 0.21944444444444444 0.2611111111111111