0 0.20208333333333334 0.2076388888888889 0.4013888888888889 0.4152777777777778
0 0.42986111111111114 0.2111111111111111 0.0763888888888889 0.35
0 0.31875 0.35625 0.16527777777777777 0.12708333333333333
0 0.08541666666666667 0.4909722222222222 0.17083333333333334 0.25416666666666665
0 0.40069444444444446 0.49722222222222223 0.13472222222222222 0.24166666666666667
0 0.3020833333333333 0.5055555555555555 0.23194444444444445 0.225
0 0.30833333333333335 0.05486111111111111 0.3194444444444444 0.10972222222222222
0 0.6638888888888889 0.4513888888888889 0.33611111111111114 0.3333333333333333
0 0.88125 0.5208333333333334 0.23472222222222222 0.19444444444444445
0 0.8666666666666667 0.16180555555555556 0.2638888888888889 0.3236111111111111
0 0.6020833333333333 0.15347222222222223 0.2652777777777778 0.2625
0 0.9402777777777778 0.3638888888888889 0.11666666666666667 0.08333333333333333
0 0.5083333333333333 0.4173611111111111 0.07777777777777778 0.3236111111111111
0 0.26666666666666666 0.875 0.04236111111111111 0.05
0 0.13541666666666666 0.9347222222222222 0.06180555555555556 0.10138888888888889
0 0.15 0.8506944444444444 0.07013888888888889 0.05555555555555555
0 0.18125 0.8166666666666667 0.04375 0.034027777777777775
0 0.22430555555555556 0.8111111111111111 0.041666666666666664 0.04513888888888889
0 0.36944444444444446 0.7645833333333333 0.0875 0.07708333333333334
0 0.3236111111111111 0.8472222222222222 0.08611111111111111 0.07083333333333333
0 0.04791666666666667 0.9590277777777778 0.09583333333333334 0.07916666666666666
0 0.17916666666666667 0.9666666666666667 0.11388888888888889 0.06388888888888888
0 0.33819444444444446 0.9652777777777778 0.25972222222222224 0.06666666666666667
0 0.05138888888888889 0.6409722222222223 0.10277777777777777 0.043055555555555555
0 0.17222222222222222 0.6305555555555555 0.14166666666666666 0.022222222222222223
0 0.39861111111111114 0.6541666666666667 0.075 0.06944444444444445
0 0.23958333333333334 0.6895833333333333 0.2013888888888889 0.14027777777777778
0 0.4222222222222222 0.7763888888888889 0.09166666666666666 0.14444444444444443
0 0.425 0.8701388888888889 0.08611111111111111 0.14305555555555555
0 0.0375 0.7701388888888889 0.075 0.23472222222222222
0 0.08541666666666667 0.7013888888888888 0.03611111111111111 0.07013888888888889
0 0.7340277777777777 0.8090277777777778 0.5291666666666667 0.37916666666666665