0 0.20694444444444443 0.12222222222222222 0.2833333333333333 0.24444444444444444
0 0.4861111111111111 0.1951388888888889 0.2638888888888889 0.3902777777777778
0 0.08402777777777778 0.18263888888888888 0.16805555555555557 0.25972222222222224
0 0.07361111111111111 0.36319444444444443 0.14722222222222223 0.30972222222222223
0 0.41944444444444445 0.3680555555555556 0.3972222222222222 0.3
0 0.17430555555555555 0.4486111111111111 0.10416666666666667 0.1388888888888889
0 0.7125 0.14166666666666666 0.18611111111111112 0.2833333333333333
0 0.8090277777777778 0.2590277777777778 0.37916666666666665 0.5180555555555556
0 0.5006944444444444 0.6604166666666667 0.23472222222222222 0.28194444444444444
0 0.45069444444444445 0.8131944444444444 0.3347222222222222 0.37083333333333335
0 0.1326388888888889 0.8527777777777777 0.2652777777777778 0.275
0 0.23194444444444445 0.6770833333333334 0.09722222222222222 0.13958333333333334
0 0.27291666666666664 0.5972222222222222 0.3541666666666667 0.15555555555555556
0 0.9576388888888889 0.65 0.08194444444444444 0.2611111111111111
0 0.9826388888888888 0.7888888888888889 0.03194444444444444 0.125
0 0.7534722222222222 0.7993055555555556 0.26805555555555555 0.22083333333333333
0 0.8465277777777778 0.6368055555555555 0.19583333333333333 0.23472222222222222
0 0.6923611111111111 0.6486111111111111 0.14583333333333334 0.25833333333333336