0 0.2604166666666667 0.058333333333333334 0.3013888888888889 0.11666666666666667
0 0.5020833333333333 0.4326388888888889 0.19305555555555556 0.2708333333333333
0 0.10694444444444444 0.13055555555555556 0.21388888888888888 0.2611111111111111
0 0.36736111111111114 0.2 0.2326388888888889 0.20972222222222223
0 0.11527777777777778 0.5208333333333334 0.23055555555555557 0.09444444444444444
0 0.3090277777777778 0.4173611111111111 0.2375 0.3013888888888889
0 0.07222222222222222 0.37916666666666665 0.08680555555555555 0.2569444444444444
0 0.15763888888888888 0.38125 0.13958333333333334 0.25
0 0.8090277777777778 0.3090277777777778 0.13125 0.11041666666666666
0 0.7861111111111111 0.15694444444444444 0.13402777777777777 0.21041666666666667
0 0.9479166666666666 0.2534722222222222 0.10138888888888889 0.12916666666666668
0 0.9590277777777778 0.30972222222222223 0.05625 0.03263888888888889
0 0.9423611111111111 0.17222222222222222 0.1125 0.19166666666666668
0 0.7972222222222223 0.40347222222222223 0.07291666666666667 0.07569444444444444
0 0.7305555555555555 0.4152777777777778 0.06805555555555555 0.09791666666666667
0 0.6652777777777777 0.4027777777777778 0.07222222222222222 0.075
0 0.6083333333333333 0.03611111111111111 0.016666666666666666 0.06388888888888888
0 0.6993055555555555 0.019444444444444445 0.059722222222222225 0.03888888888888889
0 0.7472222222222222 0.004861111111111111 0.07777777777777778 0.009722222222222222
0 0.9138888888888889 0.07361111111111111 0.16944444444444445 0.14722222222222223
0 0.9236111111111112 0.5104166666666666 0.15 0.11527777777777778
0 0.6819444444444445 0.2625 0.1638888888888889 0.2
0 0.9486111111111111 0.3951388888888889 0.1 0.0875
0 0.39652777777777776 0.8444444444444444 0.3541666666666667 0.30833333333333335
0 0.09236111111111112 0.7840277777777778 0.18472222222222223 0.42916666666666664
0 0.3472222222222222 0.6513888888888889 0.5027777777777778 0.1638888888888889
0 0.5513888888888889 0.7819444444444444 0.09444444444444444 0.38333333333333336
0 0.5756944444444444 0.9694444444444444 0.04583333333333333 0.058333333333333334
0 0.8944444444444445 0.8548611111111111 0.20833333333333334 0.2875
0 0.7916666666666666 0.7840277777777778 0.38333333333333336 0.42916666666666664