0 0.08055555555555556 0.1527777777777778 0.16111111111111112 0.3055555555555556
0 0.2222222222222222 0.1638888888888889 0.25 0.3277777777777778
0 0.11319444444444444 0.29930555555555555 0.2263888888888889 0.1763888888888889
0 0.2111111111111111 0.3333333333333333 0.2722222222222222 0.10833333333333334
0 0.9472222222222222 0.0798611111111111 0.10277777777777777 0.1597222222222222
0 0.6756944444444445 0.06805555555555555 0.4375 0.1361111111111111
0 0.4270833333333333 0.16666666666666666 0.15694444444444444 0.3333333333333333
0 0.9138888888888889 0.2520833333333333 0.16944444444444445 0.2708333333333333
0 0.6256944444444444 0.22847222222222222 0.4513888888888889 0.31805555555555554
0 0.15694444444444444 0.9305555555555556 0.30277777777777776 0.1361111111111111
0 0.09097222222222222 0.6298611111111111 0.18194444444444444 0.34305555555555556
0 0.6118055555555556 0.95 0.18194444444444444 0.09722222222222222
0 0.4597222222222222 0.9708333333333333 0.10555555555555556 0.05555555555555555
0 0.7986111111111112 0.9659722222222222 0.2916666666666667 0.06527777777777778
0 0.70625 0.4597222222222222 0.33194444444444443 0.14166666666666666
0 0.45555555555555555 0.5395833333333333 0.21388888888888888 0.3013888888888889
0 0.9270833333333334 0.56875 0.14305555555555555 0.3597222222222222
0 0.6659722222222222 0.6527777777777778 0.38125 0.26805555555555555
0 0.9715277777777778 0.7798611111111111 0.05416666666666667 0.10972222222222222
0 0.4777777777777778 0.8222222222222222 0.25833333333333336 0.2972222222222222
0 0.8527777777777777 0.8416666666666667 0.24513888888888888 0.25069444444444444
0 0.6743055555555556 0.8513888888888889 0.16597222222222222 0.17708333333333334