0 0.07916666666666666 0.23402777777777778 0.15833333333333333 0.46805555555555556
0 0.2763888888888889 0.3194444444444444 0.37777777777777777 0.2972222222222222
0 0.11736111111111111 0.4388888888888889 0.23472222222222222 0.058333333333333334
0 0.10486111111111111 0.0763888888888889 0.20972222222222223 0.1527777777777778
0 0.325 0.08472222222222223 0.24444444444444444 0.16944444444444445
0 0.48819444444444443 0.26805555555555555 0.0375 0.05555555555555555
0 0.61875 0.09791666666666667 0.05625 0.05138888888888889
0 0.7472222222222222 0.2534722222222222 0.041666666666666664 0.034722222222222224
0 0.7951388888888888 0.2590277777777778 0.0625 0.052083333333333336
0 0.5569444444444445 0.3145833333333333 0.043055555555555555 0.06875
0 0.5291666666666667 0.21805555555555556 0.08402777777777778 0.06597222222222222
0 0.4965277777777778 0.2361111111111111 0.035416666666666666 0.0375
0 0.5743055555555555 0.3548611111111111 0.04722222222222222 0.04722222222222222
0 0.6138888888888889 0.3263888888888889 0.05763888888888889 0.06111111111111111
0 0.8145833333333333 0.43125 0.10972222222222222 0.07361111111111111
0 0.5055555555555555 0.3541666666666667 0.07222222222222222 0.09722222222222222
0 0.6763888888888889 0.41597222222222224 0.07222222222222222 0.08263888888888889
0 0.6694444444444444 0.4465277777777778 0.041666666666666664 0.043055555555555555
0 0.6229166666666667 0.45625 0.0625 0.02361111111111111
0 0.7430555555555556 0.4076388888888889 0.05555555555555555 0.06805555555555555
0 0.5854166666666667 0.4576388888888889 0.0625 0.020833333333333332
0 0.5902777777777778 0.43680555555555556 0.06875 0.034027777777777775
0 0.9159722222222222 0.2673611111111111 0.06597222222222222 0.07291666666666667
0 0.8756944444444444 0.21875 0.04791666666666667 0.05
0 0.23402777777777778 0.7048611111111112 0.46805555555555556 0.4708333333333333
0 0.2 0.7673611111111112 0.4 0.4625
0 0.675 0.9604166666666667 0.09722222222222222 0.0763888888888889
0 0.63125 0.9763888888888889 0.3236111111111111 0.044444444444444446
0 0.6555555555555556 0.7847222222222222 0.1 0.07916666666666666
0 0.6909722222222222 0.6486111111111111 0.08611111111111111 0.11597222222222223
0 0.8361111111111111 0.7194444444444444 0.06527777777777778 0.06666666666666667
0 0.8194444444444444 0.7868055555555555 0.05625 0.07083333333333333
0 0.7798611111111111 0.9013888888888889 0.2548611111111111 0.14027777777777778
0 0.9298611111111111 0.9916666666666667 0.07361111111111111 0.013888888888888888
0 0.8166666666666667 0.9756944444444444 0.15555555555555556 0.04583333333333333
0 0.7361111111111112 0.8208333333333333 0.14930555555555555 0.11666666666666667
0 0.925 0.7354166666666667 0.14722222222222223 0.19305555555555556
0 0.5777777777777777 0.7875 0.06597222222222222 0.08611111111111111
0 0.5854166666666667 0.8784722222222222 0.12638888888888888 0.07708333333333334
0 0.9166666666666666 0.8381944444444445 0.09236111111111112 0.0625
0 0.8104166666666667 0.5888888888888889 0.10069444444444445 0.07777777777777778
0 0.7527777777777778 0.5527777777777778 0.06944444444444445 0.08819444444444445
0 0.8090277777777778 0.5083333333333333 0.0763888888888889 0.07777777777777778
0 0.8972222222222223 0.5631944444444444 0.09097222222222222 0.10833333333333334
0 0.9548611111111112 0.5743055555555555 0.0375 0.058333333333333334
0 0.9819444444444444 0.5444444444444444 0.03333333333333333 0.06944444444444445
0 0.4965277777777778 0.5881944444444445 0.05416666666666667 0.06805555555555555
0 0.5791666666666667 0.5284722222222222 0.1597222222222222 0.11180555555555556
0 0.9527777777777777 0.9611111111111111 0.09166666666666666 0.075
0 0.54375 0.7048611111111112 0.1486111111111111 0.19305555555555556
0 0.98125 0.5159722222222223 0.034722222222222224 0.09305555555555556
0 0.7569444444444444 0.4888888888888889 0.05277777777777778 0.03888888888888889
0 0.6875 0.48333333333333334 0.09444444444444444 0.027777777777777776