0 0.1076388888888889 0.3277777777777778 0.2152777777777778 0.24166666666666667
0 0.22361111111111112 0.17430555555555555 0.16944444444444445 0.3486111111111111
0 0.06527777777777778 0.19583333333333333 0.13055555555555556 0.25277777777777777
0 0.5979166666666667 0.3958333333333333 0.5763888888888888 0.10555555555555556
0 0.4013888888888889 0.02013888888888889 0.13333333333333333 0.04027777777777778
0 0.5583333333333333 0.0375 0.1388888888888889 0.075
0 0.8493055555555555 0.09791666666666667 0.24027777777777778 0.19583333333333333
0 0.6840277777777778 0.1326388888888889 0.2013888888888889 0.2652777777777778
0 0.94375 0.15347222222222223 0.10972222222222222 0.30694444444444446
0 0.5243055555555556 0.17847222222222223 0.36527777777777776 0.35694444444444445
0 0.39861111111111114 0.26805555555555555 0.17777777777777778 0.3611111111111111
0 0.8097222222222222 0.30972222222222223 0.3194444444444444 0.2777777777777778
0 0.2652777777777778 0.7243055555555555 0.08611111111111111 0.5486111111111112
0 0.15416666666666667 0.7243055555555555 0.30833333333333335 0.5486111111111112
0 0.15416666666666667 0.5111111111111111 0.30833333333333335 0.12222222222222222
0 0.9076388888888889 0.7458333333333333 0.18194444444444444 0.2638888888888889
0 0.5361111111111111 0.7243055555555555 0.4527777777777778 0.5486111111111112