0 0.35555555555555557 0.15416666666666667 0.2638888888888889 0.29375
0 0.03958333333333333 0.32222222222222224 0.07916666666666666 0.4305555555555556
0 0.15347222222222223 0.41805555555555557 0.30694444444444446 0.2972222222222222
0 0.35208333333333336 0.4756944444444444 0.42916666666666664 0.2652777777777778
0 0.05277777777777778 0.5409722222222222 0.10555555555555556 0.13472222222222222
0 0.13194444444444445 0.12222222222222222 0.25833333333333336 0.24444444444444444
0 0.7534722222222222 0.3729166666666667 0.19305555555555556 0.20416666666666666
0 0.90625 0.3854166666666667 0.18472222222222223 0.2513888888888889
0 0.6458333333333334 0.34444444444444444 0.13333333333333333 0.5277777777777778
0 0.6645833333333333 0.49027777777777776 0.09097222222222222 0.09375
0 0.6159722222222223 0.5180555555555556 0.07361111111111111 0.11388888888888889
0 0.8534722222222222 0.5354166666666667 0.24861111111111112 0.14583333333333334
0 0.8472222222222222 0.14583333333333334 0.29444444444444445 0.2916666666666667
0 0.05 0.7847222222222222 0.1 0.12777777777777777
0 0.46597222222222223 0.7930555555555555 0.1 0.13125
0 0.4951388888888889 0.6506944444444445 0.15138888888888888 0.08194444444444444
0 0.5423611111111111 0.7993055555555556 0.07083333333333333 0.0763888888888889
0 0.1736111111111111 0.8506944444444444 0.07916666666666666 0.11527777777777778
0 0.10902777777777778 0.9659722222222222 0.21805555555555556 0.06527777777777778
0 0.3388888888888889 0.8805555555555555 0.3111111111111111 0.2361111111111111
0 0.4395833333333333 0.9763888888888889 0.07361111111111111 0.044444444444444446
0 0.3902777777777778 0.6465277777777778 0.08888888888888889 0.07361111111111111
0 0.2763888888888889 0.7888888888888889 0.12777777777777777 0.1361111111111111
0 0.2722222222222222 0.7361111111111112 0.08888888888888889 0.07777777777777778
0 0.22083333333333333 0.6638888888888889 0.0625 0.08680555555555555
0 0.15763888888888888 0.6756944444444445 0.07222222222222222 0.12361111111111112
0 0.5347222222222222 0.7243055555555555 0.08611111111111111 0.10694444444444444
0 0.44513888888888886 0.7208333333333333 0.11041666666666666 0.11041666666666666
0 0.8444444444444444 0.8208333333333333 0.1326388888888889 0.1
0 0.6104166666666667 0.6256944444444444 0.034722222222222224 0.03194444444444444
0 0.725 0.6354166666666666 0.041666666666666664 0.04513888888888889
0 0.7875 0.6541666666666667 0.06736111111111111 0.08263888888888889
0 0.7708333333333334 0.6326388888888889 0.1111111111111111 0.04583333333333333
0 0.9819444444444444 0.6604166666666667 0.03333333333333333 0.0625
0 0.8958333333333334 0.6256944444444444 0.06388888888888888 0.03194444444444444
0 0.9652777777777778 0.6416666666666667 0.041666666666666664 0.043055555555555555
0 0.9680555555555556 0.7541666666666667 0.06111111111111111 0.06666666666666667
0 0.9284722222222223 0.6993055555555555 0.0763888888888889 0.07777777777777778
0 0.8652777777777778 0.6715277777777777 0.09166666666666666 0.09236111111111112
0 0.96875 0.8479166666666667 0.05416666666666667 0.07777777777777778
0 0.7541666666666667 0.9520833333333333 0.20833333333333334 0.09305555555555556