0 0.4375 0.22430555555555556 0.3611111111111111 0.4486111111111111
0 0.07916666666666666 0.2520833333333333 0.15833333333333333 0.35694444444444445
0 0.23541666666666666 0.24861111111111112 0.25972222222222224 0.4
0 0.33819444444444446 0.39861111111111114 0.30416666666666664 0.1
0 0.14930555555555555 0.03680555555555556 0.19027777777777777 0.07361111111111111
0 0.6680555555555555 0.24930555555555556 0.09722222222222222 0.11527777777777778
0 0.8881944444444444 0.2916666666666667 0.12430555555555556 0.16111111111111112
0 0.6708333333333333 0.05 0.06666666666666667 0.07291666666666667
0 0.7951388888888888 0.3861111111111111 0.059027777777777776 0.08472222222222223
0 0.9756944444444444 0.36319444444444443 0.04583333333333333 0.17083333333333334
0 0.6944444444444444 0.35555555555555557 0.15 0.14444444444444443
0 0.9381944444444444 0.12569444444444444 0.12083333333333333 0.2513888888888889
0 0.8861111111111111 0.06458333333333334 0.15 0.12916666666666668
0 0.7479166666666667 0.2111111111111111 0.18541666666666667 0.1638888888888889
0 0.6583333333333333 0.15416666666666667 0.07777777777777778 0.10555555555555556
0 0.6868055555555556 0.01597222222222222 0.0875 0.03194444444444444
0 0.7979166666666667 0.025 0.0625 0.05
0 0.4673611111111111 0.8951388888888889 0.2375 0.20694444444444443
0 0.20069444444444445 0.8861111111111111 0.3541666666666667 0.225
0 0.5027777777777778 0.7597222222222222 0.23055555555555557 0.475
0 0.21458333333333332 0.7243055555555555 0.42916666666666664 0.5486111111111112
0 0.6625 0.6930555555555555 0.08611111111111111 0.3861111111111111
0 0.7222222222222222 0.9118055555555555 0.20555555555555555 0.1736111111111111
0 0.7777777777777778 0.6868055555555556 0.2638888888888889 0.3236111111111111
0 0.8979166666666667 0.8388888888888889 0.2013888888888889 0.3194444444444444
0 0.9020833333333333 0.5347222222222222 0.19305555555555556 0.16944444444444445
0 0.99375 0.5361111111111111 0.009722222222222222 0.17222222222222222