0 0.12569444444444444 0.21875 0.2513888888888889 0.4375
0 0.3263888888888889 0.26458333333333334 0.2222222222222222 0.3486111111111111
0 0.30069444444444443 0.40069444444444446 0.24861111111111112 0.07361111111111111
0 0.3541666666666667 0.05 0.16666666666666666 0.1
0 0.8951388888888889 0.32708333333333334 0.20694444444444443 0.22083333333333333
0 0.5944444444444444 0.36875 0.2361111111111111 0.1375
0 0.7930555555555555 0.11458333333333333 0.20555555555555555 0.22916666666666666
0 0.9451388888888889 0.16111111111111112 0.10694444444444444 0.32222222222222224
0 0.6138888888888889 0.19791666666666666 0.35 0.3958333333333333
0 0.725 0.31527777777777777 0.17777777777777778 0.24444444444444444
0 0.12430555555555556 0.9104166666666667 0.16805555555555557 0.1326388888888889
0 0.36944444444444446 0.7506944444444444 0.04236111111111111 0.06180555555555556
0 0.41180555555555554 0.6888888888888889 0.03958333333333333 0.03194444444444444
0 0.40625 0.8229166666666666 0.0625 0.034722222222222224
0 0.17708333333333334 0.9777777777777777 0.10138888888888889 0.041666666666666664
0 0.125 0.9840277777777777 0.058333333333333334 0.029166666666666667
0 0.2763888888888889 0.9729166666666667 0.075 0.05138888888888889
0 0.26180555555555557 0.7458333333333333 0.04236111111111111 0.06041666666666667
0 0.01597222222222222 0.9729166666666667 0.03194444444444444 0.05138888888888889
0 0.030555555555555555 0.81875 0.06111111111111111 0.0375
0 0.15902777777777777 0.5034722222222222 0.06319444444444444 0.0875
0 0.29305555555555557 0.79375 0.05763888888888889 0.0763888888888889
0 0.24305555555555555 0.8770833333333333 0.15555555555555556 0.125
0 0.022916666666666665 0.4930555555555556 0.04583333333333333 0.1
0 0.3215277777777778 0.7347222222222223 0.05 0.05763888888888889
0 0.24097222222222223 0.5395833333333333 0.013888888888888888 0.01875
0 0.36875 0.6520833333333333 0.059722222222222225 0.07847222222222222
0 0.23541666666666666 0.5277777777777778 0.07430555555555556 0.05625
0 0.13958333333333334 0.4486111111111111 0.07361111111111111 0.019444444444444445
0 0.36736111111111114 0.7125 0.04375 0.0375
0 0.42569444444444443 0.675 0.02361111111111111 0.030555555555555555
0 0.3770833333333333 0.8076388888888889 0.07430555555555556 0.07430555555555556
0 0.02847222222222222 0.8833333333333333 0.03958333333333333 0.03680555555555556
0 0.14027777777777778 0.8069444444444445 0.17777777777777778 0.08958333333333333
0 0.34375 0.8652777777777778 0.06388888888888888 0.07152777777777777
0 0.6111111111111112 0.68125 0.035416666666666666 0.04861111111111111
0 0.8923611111111112 0.7604166666666666 0.09513888888888888 0.10625
0 0.5319444444444444 0.6659722222222222 0.05277777777777778 0.03888888888888889
0 0.5361111111111111 0.6263888888888889 0.05486111111111111 0.059027777777777776
0 0.9791666666666666 0.5659722222222222 0.03888888888888889 0.0375
0 0.45 0.9555555555555556 0.022222222222222223 0.05
0 0.6277777777777778 0.9854166666666667 0.125 0.02638888888888889
0 0.9701388888888889 0.7243055555555555 0.05694444444444444 0.06527777777777778
0 0.5361111111111111 0.5020833333333333 0.17222222222222222 0.12638888888888888
0 0.7 0.5506944444444445 0.05138888888888889 0.03958333333333333
0 0.7027777777777777 0.78125 0.09236111111111112 0.11041666666666666
0 0.5152777777777777 0.5638888888888889 0.05347222222222222 0.05555555555555555
0 0.9666666666666667 0.6104166666666667 0.05763888888888889 0.0625
0 0.7791666666666667 0.7805555555555556 0.05416666666666667 0.07083333333333333
0 0.6201388888888889 0.8819444444444444 0.0625 0.09236111111111112
0 0.5868055555555556 0.7826388888888889 0.07916666666666666 0.0625
0 0.6326388888888889 0.8381944444444445 0.07291666666666667 0.08819444444444445
0 0.9590277777777778 0.9361111111111111 0.07916666666666666 0.06388888888888888
0 0.8659722222222223 0.9 0.06527777777777778 0.06111111111111111
0 0.8986111111111111 0.4527777777777778 0.044444444444444446 0.027777777777777776
0 0.775 0.8486111111111111 0.10277777777777777 0.075
0 0.5229166666666667 0.8326388888888889 0.06805555555555555 0.049305555555555554
0 0.46597222222222223 0.8819444444444444 0.05416666666666667 0.1
0 0.9027777777777778 0.9652777777777778 0.19166666666666668 0.06666666666666667
0 0.9631944444444445 0.8631944444444445 0.07083333333333333 0.07361111111111111
0 0.9722222222222222 0.7868055555555555 0.05277777777777778 0.0875
0 0.9034722222222222 0.5152777777777777 0.03611111111111111 0.04652777777777778
0 0.8861111111111111 0.48055555555555557 0.04097222222222222 0.041666666666666664
0 0.9513888888888888 0.47430555555555554 0.03888888888888889 0.052083333333333336
0 0.7152777777777778 0.725 0.07777777777777778 0.0798611111111111
0 0.6604166666666667 0.6368055555555555 0.06388888888888888 0.07847222222222222
0 0.75625 0.6715277777777777 0.03680555555555556 0.06041666666666667
0 0.7215277777777778 0.6340277777777777 0.04861111111111111 0.06458333333333334
0 0.7493055555555556 0.6013888888888889 0.05347222222222222 0.04861111111111111
0 0.45694444444444443 0.8034722222222223 0.03611111111111111 0.043055555555555555
0 0.4527777777777778 0.7666666666666667 0.027777777777777776 0.07222222222222222
0 0.5736111111111111 0.8458333333333333 0.06805555555555555 0.09375
0 0.5208333333333334 0.8847222222222222 0.05347222222222222 0.06666666666666667
0 0.48333333333333334 0.9263888888888889 0.08888888888888889 0.08333333333333333
0 0.5444444444444444 0.725 0.058333333333333334 0.06666666666666667
0 0.5097222222222222 0.7729166666666667 0.07222222222222222 0.07430555555555556
0 0.6319444444444444 0.7444444444444445 0.049305555555555554 0.04861111111111111
0 0.9409722222222222 0.5423611111111111 0.03263888888888889 0.08680555555555555
0 0.7666666666666667 0.7173611111111111 0.06180555555555556 0.06527777777777778
0 0.7895833333333333 0.6895833333333333 0.05277777777777778 0.08055555555555556
0 0.4444444444444444 0.6402777777777777 0.011111111111111112 0.12777777777777777
0 0.46944444444444444 0.6076388888888888 0.06111111111111111 0.0763888888888889
0 0.7770833333333333 0.6236111111111111 0.05625 0.050694444444444445