0 0.0375 0.50625 0.075 0.12916666666666668
0 0.36875 0.44722222222222224 0.37916666666666665 0.3611111111111111
0 0.44513888888888886 0.10694444444444444 0.2263888888888889 0.21388888888888888
0 0.16597222222222222 0.13819444444444445 0.33194444444444443 0.2763888888888889
0 0.26666666666666666 0.18055555555555555 0.1423611111111111 0.1701388888888889
0 0.3111111111111111 0.2326388888888889 0.08611111111111111 0.11944444444444445
0 0.4701388888888889 0.2361111111111111 0.12222222222222222 0.2
0 0.37916666666666665 0.2388888888888889 0.06041666666666667 0.05277777777777778
0 0.23055555555555557 0.2916666666666667 0.15138888888888888 0.12222222222222222
0 0.07083333333333333 0.34930555555555554 0.14166666666666666 0.15138888888888888
0 0.20347222222222222 0.3861111111111111 0.11597222222222223 0.12708333333333333
0 0.14583333333333334 0.4736111111111111 0.15 0.2076388888888889
0 0.7791666666666667 0.28958333333333336 0.4388888888888889 0.5791666666666667
0 0.7326388888888888 0.40902777777777777 0.3458333333333333 0.4375
0 0.40694444444444444 0.8138888888888889 0.30277777777777776 0.36944444444444446
0 0.12916666666666668 0.8805555555555555 0.25833333333333336 0.2361111111111111
0 0.2604166666666667 0.7 0.3763888888888889 0.14166666666666666
0 0.8986111111111111 0.7097222222222223 0.2 0.16111111111111112
0 0.9138888888888889 0.8 0.12361111111111112 0.13125
0 0.9486111111111111 0.8888888888888888 0.1 0.09444444444444444
0 0.6631944444444444 0.8111111111111111 0.20694444444444443 0.2361111111111111
0 0.7236111111111111 0.6958333333333333 0.20833333333333334 0.13333333333333333