0 0.27569444444444446 0.26875 0.30416666666666664 0.5375
0 0.10694444444444444 0.3333333333333333 0.21388888888888888 0.4083333333333333
0 0.18333333333333332 0.4638888888888889 0.2916666666666667 0.14722222222222223
0 0.05 0.07430555555555556 0.1 0.1486111111111111
0 0.5270833333333333 0.36527777777777776 0.19583333333333333 0.34444444444444444
0 0.7763888888888889 0.4534722222222222 0.4444444444444444 0.16805555555555557
0 0.7256944444444444 0.18958333333333333 0.5458333333333333 0.37916666666666665
0 0.9909722222222223 0.17708333333333334 0.015277777777777777 0.14305555555555555
0 0.07361111111111111 0.88125 0.14722222222222223 0.23472222222222222
0 0.2569444444444444 0.8805555555555555 0.3416666666666667 0.2361111111111111
0 0.28958333333333336 0.7097222222222223 0.2763888888888889 0.3416666666666667
0 0.06666666666666667 0.6611111111111111 0.13333333333333333 0.21388888888888888
0 0.6069444444444444 0.8513888888888889 0.35555555555555557 0.29444444444444445
0 0.6368055555555555 0.6875 0.4152777777777778 0.2972222222222222
0 0.90625 0.7409722222222223 0.18472222222222223 0.3236111111111111