0 0.5604166666666667 0.14930555555555555 0.15416666666666667 0.2986111111111111
0 0.2791666666666667 0.14930555555555555 0.46944444444444444 0.2986111111111111
0 0.06666666666666667 0.18263888888888888 0.13333333333333333 0.23194444444444445
0 0.42083333333333334 0.041666666666666664 0.21388888888888888 0.08333333333333333
0 0.8916666666666667 0.04375 0.21388888888888888 0.0875
0 0.81875 0.14930555555555555 0.3597222222222222 0.2986111111111111
0 0.25763888888888886 0.8722222222222222 0.3541666666666667 0.25277777777777777
0 0.4326388888888889 0.9229166666666667 0.26805555555555555 0.15138888888888888
0 0.2222222222222222 0.36180555555555555 0.36944444444444446 0.12361111111111112
0 0.5256944444444445 0.37916666666666665 0.15694444444444444 0.15833333333333333
0 0.11805555555555555 0.46597222222222223 0.1701388888888889 0.23402777777777778
0 0.35 0.5631944444444444 0.3194444444444444 0.5263888888888889
0 0.525 0.5479166666666667 0.15208333333333332 0.21944444444444444
0 0.5576388888888889 0.7069444444444445 0.1597222222222222 0.5027777777777778
0 0.09513888888888888 0.7395833333333334 0.19027777777777777 0.3680555555555556
0 0.6569444444444444 0.7243055555555555 0.03611111111111111 0.06805555555555555
0 0.9576388888888889 0.9006944444444445 0.08194444444444444 0.19583333333333333
0 0.8326388888888889 0.7875 0.31875 0.3173611111111111
0 0.6763888888888889 0.78125 0.075 0.13194444444444445
0 0.6569444444444444 0.86875 0.03611111111111111 0.1125
0 0.9569444444444445 0.8152777777777778 0.07083333333333333 0.13472222222222222
0 0.6861111111111111 0.6534722222222222 0.09444444444444444 0.12638888888888888
0 0.6694444444444444 0.45069444444444445 0.06111111111111111 0.07916666666666666
0 0.7027777777777777 0.32222222222222224 0.05277777777777778 0.044444444444444446
0 0.7645833333333333 0.39861111111111114 0.03194444444444444 0.049305555555555554
0 0.7173611111111111 0.39166666666666666 0.03263888888888889 0.024305555555555556
0 0.7326388888888888 0.3597222222222222 0.05694444444444444 0.07361111111111111
0 0.8097222222222222 0.5645833333333333 0.15763888888888888 0.18263888888888888
0 0.7194444444444444 0.5104166666666666 0.034027777777777775 0.034027777777777775
0 0.7993055555555556 0.45555555555555555 0.075 0.09166666666666666
0 0.8958333333333334 0.44930555555555557 0.20555555555555555 0.2986111111111111
0 0.7013888888888888 0.9673611111111111 0.125 0.0625
0 0.6680555555555555 0.5701388888888889 0.05763888888888889 0.06111111111111111