0 0.3173611111111111 0.24930555555555556 0.42083333333333334 0.4986111111111111
0 0.10069444444444445 0.2833333333333333 0.2013888888888889 0.4305555555555556
0 0.16875 0.4201388888888889 0.30694444444444446 0.15694444444444444
0 0.34652777777777777 0.48125 0.3625 0.034722222222222224
0 0.04097222222222222 0.04375 0.08194444444444444 0.0875
0 0.5555555555555556 0.22916666666666666 0.05277777777777778 0.18611111111111112
0 0.8479166666666667 0.3298611111111111 0.24027777777777778 0.3375
0 0.9777777777777777 0.41458333333333336 0.041666666666666664 0.16805555555555557
0 0.65625 0.41041666666666665 0.25416666666666665 0.1763888888888889
0 0.6916666666666667 0.03958333333333333 0.2916666666666667 0.07916666666666666
0 0.9111111111111111 0.05138888888888889 0.175 0.10277777777777777
0 0.5826388888888889 0.07083333333333333 0.10694444444444444 0.14166666666666666
0 0.8340277777777778 0.12986111111111112 0.09722222222222222 0.11944444444444445
0 0.6736111111111112 0.1840277777777778 0.2611111111111111 0.29375
0 0.9513888888888888 0.21388888888888888 0.09444444444444444 0.42777777777777776
0 0.14166666666666666 0.8881944444444444 0.2833333333333333 0.22083333333333333
0 0.11736111111111111 0.66875 0.23472222222222222 0.3375
0 0.3972222222222222 0.6847222222222222 0.2611111111111111 0.36944444444444446
0 0.34375 0.8388888888888889 0.3680555555555556 0.3194444444444444
0 0.9652777777777778 0.7263888888888889 0.06666666666666667 0.16111111111111112
0 0.8118055555555556 0.9520833333333333 0.07083333333333333 0.09305555555555556
0 0.9840277777777777 0.6277777777777778 0.029166666666666667 0.05277777777777778
0 0.6708333333333333 0.7118055555555556 0.04097222222222222 0.05277777777777778
0 0.6180555555555556 0.7034722222222223 0.05625 0.04722222222222222
0 0.7069444444444445 0.64375 0.07152777777777777 0.08472222222222223
0 0.8701388888888889 0.6777777777777778 0.03611111111111111 0.0375
0 0.8152777777777778 0.7013888888888888 0.04583333333333333 0.043055555555555555
0 0.5388888888888889 0.7506944444444444 0.019444444444444445 0.05416666666666667
0 0.5618055555555556 0.7944444444444444 0.06527777777777778 0.04722222222222222
0 0.8125 0.6576388888888889 0.09513888888888888 0.06875
0 0.7493055555555556 0.7479166666666667 0.11597222222222223 0.10833333333333334
0 0.7 0.9069444444444444 0.08958333333333333 0.14305555555555555
0 0.6229166666666667 0.9756944444444444 0.07916666666666666 0.04583333333333333
0 0.7333333333333333 0.7930555555555555 0.05763888888888889 0.05625
0 0.5618055555555556 0.6972222222222222 0.06527777777777778 0.06666666666666667
0 0.8444444444444444 0.7451388888888889 0.07083333333333333 0.0625