0 0.19930555555555557 0.1840277777777778 0.39861111111111114 0.3680555555555556
0 0.33402777777777776 0.09166666666666666 0.12916666666666668 0.18333333333333332
0 0.74375 0.13819444444444445 0.3625 0.2763888888888889
0 0.48125 0.12013888888888889 0.1625 0.24027777777777778
0 0.9201388888888888 0.1673611111111111 0.15694444444444444 0.3347222222222222
0 0.7777777777777778 0.3173611111111111 0.14097222222222222 0.0798611111111111
0 0.3902777777777778 0.675 0.016666666666666666 0.08333333333333333
0 0.35694444444444445 0.8041666666666667 0.08333333333333333 0.1111111111111111
0 0.04027777777777778 0.71875 0.08055555555555556 0.10972222222222222
0 0.3701388888888889 0.9354166666666667 0.05694444444444444 0.08472222222222223
0 0.1451388888888889 0.9756944444444444 0.14583333333333334 0.04583333333333333
0 0.2 0.6291666666666667 0.08333333333333333 0.08055555555555556
0 0.1763888888888889 0.5402777777777777 0.058333333333333334 0.07152777777777777
0 0.25555555555555554 0.575 0.06875 0.08472222222222223
0 0.2548611111111111 0.5152777777777777 0.07222222222222222 0.06597222222222222
0 0.2847222222222222 0.6715277777777777 0.11666666666666667 0.09166666666666666
0 0.3090277777777778 0.5909722222222222 0.06666666666666667 0.09375
0 0.03125 0.93125 0.0625 0.13472222222222222
0 0.28541666666666665 0.8465277777777778 0.1388888888888889 0.175
0 0.18472222222222223 0.7979166666666667 0.10208333333333333 0.14305555555555555
0 0.3173611111111111 0.7243055555555555 0.11875 0.08333333333333333
0 0.16597222222222222 0.8958333333333334 0.13958333333333334 0.16111111111111112
0 0.06319444444444444 0.8944444444444445 0.12638888888888888 0.18333333333333332
0 0.07013888888888889 0.3784722222222222 0.0763888888888889 0.018055555555555554
0 0.34930555555555554 0.43680555555555556 0.08402777777777778 0.09375
0 0.3 0.4576388888888889 0.12986111111111112 0.09722222222222222
0 0.8256944444444444 0.8270833333333333 0.3458333333333333 0.34305555555555556
0 0.5590277777777778 0.8645833333333334 0.31805555555555554 0.26805555555555555
0 0.8020833333333334 0.42083333333333334 0.2152777777777778 0.10277777777777777
0 0.49166666666666664 0.45208333333333334 0.18333333333333332 0.16527777777777777
0 0.6083333333333333 0.42916666666666664 0.225 0.11944444444444445
0 0.8395833333333333 0.5305555555555556 0.27361111111111114 0.32222222222222224
0 0.9659722222222222 0.5444444444444444 0.06527777777777778 0.34444444444444444
0 0.5548611111111111 0.6604166666666667 0.30972222222222223 0.3736111111111111