0 0.14930555555555555 0.46944444444444444 0.2986111111111111 0.1361111111111111
0 0.09652777777777778 0.09513888888888888 0.19305555555555556 0.19027777777777777
0 0.225 0.2625 0.24444444444444444 0.525
0 0.05277777777777778 0.2902777777777778 0.10555555555555556 0.41388888888888886
0 0.45902777777777776 0.4618055555555556 0.22083333333333333 0.15138888888888888
0 0.5736111111111111 0.36527777777777776 0.21458333333333332 0.21180555555555555
0 0.16041666666666668 0.78125 0.07777777777777778 0.05138888888888889
0 0.15763888888888888 0.8930555555555556 0.09027777777777778 0.08958333333333333
0 0.08958333333333333 0.7701388888888889 0.07222222222222222 0.08194444444444444
0 0.025 0.7388888888888889 0.05 0.07222222222222222
0 0.125 0.6416666666666667 0.06111111111111111 0.07361111111111111
0 0.1986111111111111 0.7076388888888889 0.07430555555555556 0.07916666666666666
0 0.3090277777777778 0.8916666666666667 0.0763888888888889 0.13333333333333333
0 0.3416666666666667 0.8388888888888889 0.011111111111111112 0.06666666666666667
0 0.28888888888888886 0.775 0.06527777777777778 0.050694444444444445
0 0.21458333333333332 0.6222222222222222 0.07916666666666666 0.06805555555555555
0 0.1909722222222222 0.5604166666666667 0.05694444444444444 0.043055555555555555
0 0.3194444444444444 0.5743055555555555 0.05555555555555555 0.059722222222222225
0 0.22916666666666666 0.7784722222222222 0.07569444444444444 0.06527777777777778
0 0.15138888888888888 0.9868055555555556 0.09166666666666666 0.02361111111111111
0 0.2590277777777778 0.9506944444444444 0.07569444444444444 0.09375
0 0.08680555555555555 0.8756944444444444 0.06805555555555555 0.06041666666666667
0 0.1840277777777778 0.6527777777777778 0.06388888888888888 0.06388888888888888
0 0.022222222222222223 0.6645833333333333 0.044444444444444446 0.07361111111111111
0 0.12083333333333333 0.8354166666666667 0.04722222222222222 0.05416666666666667
0 0.11180555555555556 0.9486111111111111 0.10208333333333333 0.08194444444444444
0 0.17569444444444443 0.83125 0.07847222222222222 0.06041666666666667
0 0.9131944444444444 0.6284722222222222 0.17083333333333334 0.17916666666666667
0 0.7881944444444444 0.6416666666666667 0.06805555555555555 0.08819444444444445
0 0.6770833333333334 0.8604166666666667 0.11458333333333333 0.15902777777777777
0 0.8513888888888889 0.8645833333333334 0.24305555555555555 0.17083333333333334
0 0.7201388888888889 0.625 0.07291666666666667 0.09583333333333334
0 0.5701388888888889 0.6819444444444445 0.22152777777777777 0.23125
0 0.46041666666666664 0.76875 0.22361111111111112 0.4597222222222222