0 0.08472222222222223 0.22916666666666666 0.16944444444444445 0.4111111111111111
0 0.22291666666666668 0.052083333333333336 0.44583333333333336 0.10416666666666667
0 0.46458333333333335 0.1763888888888889 0.24583333333333332 0.3527777777777778
0 0.2659722222222222 0.32708333333333334 0.5319444444444444 0.48194444444444445
0 0.6555555555555556 0.25416666666666665 0.09236111111111112 0.07361111111111111
0 0.8944444444444445 0.5319444444444444 0.125 0.07222222222222222
0 0.8152777777777778 0.5493055555555556 0.07777777777777778 0.0375
0 0.9520833333333333 0.44305555555555554 0.09305555555555556 0.1111111111111111
0 0.8847222222222222 0.052083333333333336 0.09444444444444444 0.09513888888888888
0 0.9763888888888889 0.03611111111111111 0.041666666666666664 0.05555555555555555
0 0.8319444444444445 0.20069444444444445 0.05277777777777778 0.06388888888888888
0 0.8159722222222222 0.2590277777777778 0.05 0.07013888888888889
0 0.8375 0.22916666666666666 0.02013888888888889 0.034722222222222224
0 0.8048611111111111 0.07430555555555556 0.08402777777777778 0.07430555555555556
0 0.9229166666666667 0.3680555555555556 0.08958333333333333 0.06736111111111111
0 0.9465277777777777 0.06319444444444444 0.03333333333333333 0.05625
0 0.81875 0.018055555555555554 0.08194444444444444 0.03611111111111111
0 0.7604166666666666 0.03819444444444445 0.07083333333333333 0.0763888888888889
0 0.7034722222222223 0.0125 0.04027777777777778 0.025
0 0.6298611111111111 0.030555555555555555 0.08194444444444444 0.06111111111111111
0 0.6979166666666666 0.12291666666666666 0.08680555555555555 0.11319444444444444
0 0.6104166666666667 0.15416666666666667 0.043055555555555555 0.13055555555555556
0 0.6006944444444444 0.2590277777777778 0.02361111111111111 0.10416666666666667
0 0.91875 0.225 0.1597222222222222 0.17222222222222222
0 0.8041666666666667 0.4826388888888889 0.14097222222222222 0.12638888888888888
0 0.7354166666666667 0.28194444444444444 0.13819444444444445 0.09236111111111112
0 0.9826388888888888 0.33055555555555555 0.03194444444444444 0.11666666666666667
0 0.7715277777777778 0.36666666666666664 0.22569444444444445 0.12708333333333333
0 0.6201388888888889 0.34652777777777777 0.0625 0.08472222222222223
0 0.6798611111111111 0.49027777777777776 0.18194444444444444 0.15555555555555556
0 0.9090277777777778 0.48055555555555557 0.07430555555555556 0.08402777777777778
0 0.22361111111111112 0.5784722222222223 0.09444444444444444 0.018055555555555554
0 0.26805555555555555 0.9555555555555556 0.10555555555555556 0.08611111111111111
0 0.09166666666666666 0.84375 0.17777777777777778 0.12361111111111112
0 0.34305555555555556 0.6034722222222222 0.06666666666666667 0.06805555555555555
0 0.4 0.5986111111111111 0.06944444444444445 0.058333333333333334
0 0.21875 0.6923611111111111 0.04097222222222222 0.059722222222222225
0 0.3034722222222222 0.7465277777777778 0.04652777777777778 0.05347222222222222
0 0.25416666666666665 0.7590277777777777 0.04722222222222222 0.049305555555555554
0 0.26666666666666666 0.6236111111111111 0.10277777777777777 0.10486111111111111
0 0.1638888888888889 0.6194444444444445 0.07777777777777778 0.1
0 0.4486111111111111 0.7208333333333333 0.0375 0.04791666666666667
0 0.4791666666666667 0.7944444444444444 0.10138888888888889 0.09236111111111112
0 0.10694444444444444 0.5763888888888888 0.09722222222222222 0.013888888888888888
0 0.1909722222222222 0.9458333333333333 0.06527777777777778 0.10555555555555556
0 0.1 0.6027777777777777 0.058333333333333334 0.052083333333333336
0 0.5715277777777777 0.7597222222222222 0.03194444444444444 0.05277777777777778
0 0.32083333333333336 0.5930555555555556 0.06666666666666667 0.04722222222222222
0 0.5097222222222222 0.7541666666666667 0.05555555555555555 0.0375
0 0.5305555555555556 0.5875 0.06388888888888888 0.03611111111111111
0 0.3263888888888889 0.6770833333333334 0.05138888888888889 0.05277777777777778
0 0.5305555555555556 0.7958333333333333 0.041666666666666664 0.03958333333333333
0 0.5034722222222222 0.8819444444444444 0.06527777777777778 0.06041666666666667
0 0.1875 0.6472222222222223 0.059027777777777776 0.049305555555555554
0 0.3958333333333333 0.68125 0.09583333333333334 0.08611111111111111
0 0.5638888888888889 0.6326388888888889 0.04722222222222222 0.07361111111111111
0 0.1736111111111111 0.7743055555555556 0.10347222222222222 0.09652777777777778
0 0.5444444444444444 0.8868055555555555 0.08611111111111111 0.22361111111111112
0 0.79375 0.625 0.4097222222222222 0.1111111111111111
0 0.8229166666666666 0.7986111111111112 0.35138888888888886 0.4