0 0.13958333333333334 0.6625 0.2791666666666667 0.15
0 0.24375 0.14027777777777778 0.4875 0.28055555555555556
0 0.06527777777777778 0.3715277777777778 0.13055555555555556 0.7319444444444444
0 0.2986111111111111 0.4388888888888889 0.37777777777777777 0.37777777777777777
0 0.3736111111111111 0.6270833333333333 0.22777777777777777 0.22083333333333333
0 0.7680555555555556 0.25416666666666665 0.46111111111111114 0.5083333333333333
0 0.6659722222222222 0.45 0.3541666666666667 0.575
0 0.42569444444444443 0.7541666666666667 0.12361111111111112 0.030555555555555555
0 0.13680555555555557 0.8319444444444445 0.27361111111111114 0.18611111111111112
0 0.4527777777777778 0.8576388888888888 0.06944444444444445 0.2125
0 0.34375 0.9222222222222223 0.2875 0.1527777777777778
0 0.1 0.9298611111111111 0.2 0.1375
0 0.7319444444444444 0.86875 0.4861111111111111 0.25972222222222224