0 0.22291666666666668 0.5444444444444444 0.2708333333333333 0.3472222222222222
0 0.05694444444444444 0.47638888888888886 0.11388888888888889 0.48333333333333334
0 0.5256944444444445 0.1284722222222222 0.33194444444444443 0.2569444444444444
0 0.9076388888888889 0.14722222222222223 0.18194444444444444 0.29444444444444445
0 0.8201388888888889 0.11319444444444444 0.22083333333333333 0.2263888888888889
0 0.9229166666666667 0.021527777777777778 0.15138888888888888 0.043055555555555555
0 0.8506944444444444 0.3729166666666667 0.29583333333333334 0.39861111111111114
0 0.5243055555555556 0.44583333333333336 0.32916666666666666 0.5444444444444444
0 0.725 0.6513888888888889 0.5472222222222223 0.13333333333333333
0 0.5784722222222223 0.8229166666666666 0.4375 0.20694444444444443
0 0.95625 0.8840277777777777 0.08472222222222223 0.1625
0 0.6430555555555556 0.9520833333333333 0.37777777777777777 0.09305555555555556
0 0.4965277777777778 0.9569444444444445 0.06527777777777778 0.08333333333333333
0 0.4270833333333333 0.9458333333333333 0.13472222222222222 0.10555555555555556
0 0.8944444444444445 0.8416666666666667 0.20833333333333334 0.24444444444444444