0 0.5069444444444444 0.44375 0.18333333333333332 0.3680555555555556
0 0.4930555555555556 0.16666666666666666 0.2111111111111111 0.3333333333333333
0 0.21805555555555556 0.33541666666666664 0.4361111111111111 0.5847222222222223
0 0.8472222222222222 0.6090277777777777 0.1527777777777778 0.0375
0 0.6215277777777778 0.03819444444444445 0.043055555555555555 0.0763888888888889
0 0.8208333333333333 0.10069444444444445 0.05 0.06736111111111111
0 0.8611111111111112 0.075 0.043055555555555555 0.04791666666666667
0 0.8013888888888889 0.21388888888888888 0.03263888888888889 0.052083333333333336
0 0.7527777777777778 0.22777777777777777 0.03194444444444444 0.04861111111111111
0 0.7763888888888889 0.20625 0.03611111111111111 0.04027777777777778
0 0.7430555555555556 0.18819444444444444 0.03611111111111111 0.04513888888888889
0 0.6666666666666666 0.4340277777777778 0.13333333333333333 0.2986111111111111
0 0.6798611111111111 0.6131944444444445 0.1597222222222222 0.029166666666666667
0 0.8173611111111111 0.38958333333333334 0.30972222222222223 0.47638888888888886
0 0.9611111111111111 0.4444444444444444 0.075 0.18333333333333332
0 0.9895833333333334 0.5451388888888888 0.018055555555555554 0.07083333333333333
0 0.9368055555555556 0.05486111111111111 0.12361111111111112 0.10416666666666667
0 0.7208333333333333 0.06041666666666667 0.04375 0.04861111111111111
0 0.7090277777777778 0.24166666666666667 0.04236111111111111 0.06597222222222222
0 0.8131944444444444 0.1597222222222222 0.11041666666666666 0.07569444444444444
0 0.6631944444444444 0.27291666666666664 0.12638888888888888 0.15416666666666667
0 0.6763888888888889 0.09236111111111112 0.0763888888888889 0.06527777777777778
0 0.76875 0.12083333333333333 0.07013888888888889 0.10277777777777777
0 0.9229166666666667 0.09722222222222222 0.08194444444444444 0.08472222222222223
0 0.9875 0.02361111111111111 0.022222222222222223 0.04722222222222222
0 0.7361111111111112 0.03125 0.08611111111111111 0.0625
0 0.7715277777777778 0.06041666666666667 0.05694444444444444 0.03958333333333333
0 0.8305555555555556 0.016666666666666666 0.03888888888888889 0.03333333333333333
0 0.6479166666666667 0.14652777777777778 0.09583333333333334 0.15694444444444444
0 0.9548611111111112 0.25972222222222224 0.0875 0.16944444444444445
0 0.29930555555555555 0.8138888888888889 0.5986111111111111 0.36944444444444446
0 0.6173611111111111 0.6576388888888889 0.034722222222222224 0.05694444444444444
0 0.61875 0.8631944444444445 0.0375 0.09027777777777778
0 0.93125 0.9868055555555556 0.04861111111111111 0.02361111111111111
0 0.7340277777777777 0.6666666666666666 0.15138888888888888 0.075
0 0.7965277777777777 0.7131944444444445 0.07708333333333334 0.07361111111111111
0 0.7798611111111111 0.9611111111111111 0.10694444444444444 0.075
0 0.9104166666666667 0.9145833333333333 0.03888888888888889 0.05625
0 0.7618055555555555 0.7729166666666667 0.1597222222222222 0.14097222222222222
0 0.6256944444444444 0.94375 0.05138888888888889 0.10972222222222222
0 0.9020833333333333 0.9597222222222223 0.06944444444444445 0.06388888888888888
0 0.9590277777777778 0.95 0.07916666666666666 0.09722222222222222
0 0.6923611111111111 0.9 0.07847222222222222 0.05555555555555555
0 0.9791666666666666 0.7076388888888889 0.03888888888888889 0.0625
0 0.8736111111111111 0.6666666666666666 0.11666666666666667 0.075
0 0.6118055555555556 0.6958333333333333 0.02361111111111111 0.06944444444444445
0 0.7444444444444445 0.8555555555555555 0.06111111111111111 0.059722222222222225
0 0.79375 0.8944444444444445 0.04791666666666667 0.0763888888888889