0 0.23958333333333334 0.5527777777777778 0.30416666666666664 0.3111111111111111
0 0.2923611111111111 0.059027777777777776 0.43194444444444446 0.11805555555555555
0 0.1284722222222222 0.34652777777777777 0.2569444444444444 0.6930555555555555
0 0.37222222222222223 0.2611111111111111 0.2722222222222222 0.3472222222222222
0 0.4409722222222222 0.5208333333333334 0.13472222222222222 0.375
0 0.69375 0.09652777777777778 0.3680555555555556 0.19305555555555556
0 0.7291666666666666 0.44722222222222224 0.4388888888888889 0.5222222222222223
0 0.41805555555555557 0.8541666666666666 0.18055555555555555 0.28888888888888886
0 0.2076388888888889 0.9090277777777778 0.37083333333333335 0.17916666666666667
0 0.42291666666666666 0.7479166666666667 0.17083333333333334 0.0763888888888889
0 0.33194444444444443 0.7375 0.13055555555555556 0.05555555555555555
0 0.2833333333333333 0.8361111111111111 0.23333333333333334 0.25277777777777777
0 0.5791666666666667 0.8416666666666667 0.1388888888888889 0.2638888888888889
0 0.85625 0.91875 0.2847222222222222 0.1597222222222222
0 0.6375 0.9569444444444445 0.25555555555555554 0.08333333333333333
0 0.79375 0.8215277777777777 0.30694444444444446 0.22361111111111112