0 0.28680555555555554 0.20277777777777778 0.18194444444444444 0.40555555555555556
0 0.1 0.19930555555555557 0.2 0.39861111111111114
0 0.17152777777777778 0.40347222222222223 0.34305555555555556 0.16805555555555557
0 0.1625 0.0625 0.20833333333333334 0.125
0 0.07222222222222222 0.02013888888888889 0.07222222222222222 0.04027777777777778
0 0.8625 0.25277777777777777 0.18819444444444444 0.1951388888888889
0 0.6263888888888889 0.03263888888888889 0.08125 0.059027777777777776
0 0.6527777777777778 0.07361111111111111 0.059027777777777776 0.06875
0 0.5916666666666667 0.2951388888888889 0.0763888888888889 0.08680555555555555
0 0.44930555555555557 0.3486111111111111 0.14027777777777778 0.18333333333333332
0 0.5645833333333333 0.12083333333333333 0.05 0.04583333333333333
0 0.5208333333333334 0.2701388888888889 0.10555555555555556 0.14166666666666666
0 0.98125 0.3854166666666667 0.034722222222222224 0.19583333333333333
0 0.5555555555555556 0.19444444444444445 0.14375 0.06666666666666667
0 0.86875 0.46458333333333335 0.1486111111111111 0.04583333333333333
0 0.6090277777777777 0.38680555555555557 0.049305555555555554 0.10555555555555556
0 0.5 0.4618055555555556 0.15 0.05138888888888889
0 0.9493055555555555 0.08819444444444445 0.09861111111111111 0.1763888888888889
0 0.8625 0.02013888888888889 0.13333333333333333 0.04027777777777778
0 0.5125 0.010416666666666666 0.08611111111111111 0.020833333333333332
0 0.4409722222222222 0.010416666666666666 0.12361111111111112 0.020833333333333332
0 0.5256944444444445 0.13472222222222222 0.08541666666666667 0.09791666666666667
0 0.7354166666666667 0.3659722222222222 0.22083333333333333 0.24305555555555555
0 0.5548611111111111 0.3923611111111111 0.06111111111111111 0.13819444444444445
0 0.1673611111111111 0.74375 0.3347222222222222 0.5097222222222222
0 0.9833333333333333 0.86875 0.030555555555555555 0.1125
0 0.40625 0.9375 0.05416666666666667 0.05
0 0.8638888888888889 0.9368055555555556 0.1 0.12013888888888889
0 0.6777777777777778 0.7472222222222222 0.049305555555555554 0.059722222222222225
0 0.5625 0.8215277777777777 0.05486111111111111 0.05555555555555555
0 0.5993055555555555 0.8513888888888889 0.07916666666666666 0.06875
0 0.41388888888888886 0.9777777777777777 0.06944444444444445 0.041666666666666664
0 0.9659722222222222 0.9597222222222223 0.06527777777777778 0.07222222222222222
0 0.90625 0.8652777777777778 0.07708333333333334 0.06666666666666667
0 0.7208333333333333 0.9645833333333333 0.10277777777777777 0.06805555555555555