0 0.18472222222222223 0.4201388888888889 0.24444444444444444 0.0763888888888889
0 0.25625 0.09861111111111111 0.34305555555555556 0.19722222222222222
0 0.08055555555555556 0.1798611111111111 0.16111111111111112 0.3597222222222222
0 0.29375 0.2881944444444444 0.26805555555555555 0.31805555555555554
0 0.7152777777777778 0.32916666666666666 0.5166666666666667 0.25833333333333336
0 0.5159722222222223 0.08333333333333333 0.1736111111111111 0.16666666666666666
0 0.7986111111111112 0.17847222222222223 0.4 0.35694444444444445
0 0.6826388888888889 0.16666666666666666 0.23055555555555557 0.28680555555555554
0 0.5104166666666666 0.2048611111111111 0.16041666666666668 0.2222222222222222
0 0.39305555555555555 0.6506944444444445 0.06944444444444445 0.2763888888888889
0 0.050694444444444445 0.9388888888888889 0.10138888888888889 0.11944444444444445
0 0.19027777777777777 0.6270833333333333 0.38055555555555554 0.3347222222222222
0 0.9944444444444445 0.4930555555555556 0.008333333333333333 0.058333333333333334
0 0.4638888888888889 0.8173611111111111 0.06944444444444445 0.3625
0 0.6590277777777778 0.6972222222222222 0.10833333333333334 0.10347222222222222
0 0.9701388888888889 0.6381944444444444 0.05694444444444444 0.05694444444444444
0 0.9034722222222222 0.48125 0.09861111111111111 0.043055555555555555
0 0.8083333333333333 0.7368055555555556 0.17847222222222223 0.10902777777777778
0 0.6194444444444445 0.4840277777777778 0.075 0.04861111111111111
0 0.6895833333333333 0.7833333333333333 0.06875 0.08125
0 0.5763888888888888 0.8375 0.08263888888888889 0.13680555555555557
0 0.7722222222222223 0.5159722222222223 0.09861111111111111 0.05486111111111111
0 0.83125 0.6395833333333333 0.12152777777777778 0.1125
0 0.7208333333333333 0.5868055555555556 0.05625 0.06041666666666667
0 0.6784722222222223 0.60625 0.06458333333333334 0.08541666666666667
0 0.7138888888888889 0.66875 0.06736111111111111 0.11458333333333333
0 0.9402777777777778 0.6854166666666667 0.11666666666666667 0.1763888888888889
0 0.8902777777777777 0.5638888888888889 0.12916666666666668 0.06527777777777778
0 0.7097222222222223 0.4708333333333333 0.07222222222222222 0.022222222222222223
0 0.6048611111111111 0.9263888888888889 0.13472222222222222 0.10694444444444444
0 0.5423611111111111 0.5451388888888888 0.10416666666666667 0.17083333333333334
0 0.7895833333333333 0.8659722222222223 0.28888888888888886 0.1451388888888889
0 0.56875 0.6555555555555556 0.12222222222222222 0.05763888888888889
0 0.4826388888888889 0.7569444444444444 0.10694444444444444 0.12777777777777777
0 0.5611111111111111 0.6909722222222222 0.07083333333333333 0.06319444444444444
0 0.75 0.9465277777777777 0.07777777777777778 0.10416666666666667
0 0.7090277777777778 0.5243055555555556 0.09375 0.09027777777777778
0 0.8423611111111111 0.5298611111111111 0.09375 0.07777777777777778
0 0.6208333333333333 0.5465277777777777 0.0798611111111111 0.1076388888888889
0 0.5673611111111111 0.7555555555555555 0.08472222222222223 0.06875