0 0.22569444444444445 0.2833333333333333 0.2569444444444444 0.20833333333333334
0 0.08541666666666667 0.16875 0.17083333333333334 0.3375
0 0.24583333333333332 0.08125 0.4083333333333333 0.1625
0 0.45694444444444443 0.12708333333333333 0.18333333333333332 0.25416666666666665
0 0.6708333333333333 0.12569444444444444 0.03888888888888889 0.05138888888888889
0 0.7486111111111111 0.02847222222222222 0.05486111111111111 0.05555555555555555
0 0.7583333333333333 0.17708333333333334 0.06666666666666667 0.0375
0 0.9472222222222222 0.010416666666666666 0.041666666666666664 0.020833333333333332
0 0.8361111111111111 0.04791666666666667 0.13333333333333333 0.09583333333333334
0 0.6145833333333334 0.08333333333333333 0.125 0.10625
0 0.5923611111111111 0.1284722222222222 0.05138888888888889 0.075
0 0.9770833333333333 0.125 0.043055555555555555 0.07222222222222222
0 0.9763888888888889 0.15833333333333333 0.044444444444444446 0.044444444444444446
0 0.8097222222222222 0.31805555555555554 0.04513888888888889 0.05416666666666667
0 0.9736111111111111 0.3729166666666667 0.05 0.029166666666666667
0 0.5659722222222222 0.11805555555555555 0.03194444444444444 0.1
0 0.9881944444444445 0.07777777777777778 0.020833333333333332 0.06388888888888888
0 0.6861111111111111 0.0125 0.06666666666666667 0.025
0 0.7361111111111112 0.09930555555555555 0.10138888888888889 0.14097222222222222
0 0.7354166666666667 0.09652777777777778 0.10208333333333333 0.1388888888888889
0 0.43125 0.7277777777777777 0.23472222222222222 0.5416666666666666
0 0.17083333333333334 0.9083333333333333 0.2916666666666667 0.18055555555555555
0 0.05 0.9465277777777777 0.1 0.10416666666666667
0 0.4965277777777778 0.44305555555555554 0.10416666666666667 0.10833333333333334
0 0.06944444444444445 0.49930555555555556 0.1388888888888889 0.12083333333333333
0 0.31805555555555554 0.6951388888888889 0.3326388888888889 0.2590277777777778
0 0.7743055555555556 0.7416666666666667 0.4486111111111111 0.5138888888888888
0 0.7875 0.525 0.4222222222222222 0.2722222222222222