0 0.05555555555555555 0.38263888888888886 0.1111111111111111 0.13194444444444445
0 0.12361111111111112 0.28125 0.24722222222222223 0.3347222222222222
0 0.17708333333333334 0.04722222222222222 0.3541666666666667 0.09444444444444444
0 0.3888888888888889 0.09861111111111111 0.25833333333333336 0.19722222222222222
0 0.3659722222222222 0.31666666666666665 0.30416666666666664 0.2638888888888889
0 0.7159722222222222 0.175 0.39305555555555555 0.35
0 0.9541666666666667 0.04652777777777778 0.08888888888888889 0.09305555555555556
0 0.9402777777777778 0.2673611111111111 0.11666666666666667 0.3625
0 0.7256944444444444 0.37777777777777777 0.4125 0.14166666666666666
0 0.019444444444444445 0.5840277777777778 0.03888888888888889 0.12638888888888888
0 0.08958333333333333 0.7361111111111112 0.03819444444444445 0.04583333333333333
0 0.40625 0.6381944444444444 0.02847222222222222 0.04513888888888889
0 0.375 0.6069444444444444 0.07569444444444444 0.03611111111111111
0 0.34305555555555556 0.6583333333333333 0.049305555555555554 0.05555555555555555
0 0.08680555555555555 0.51875 0.08263888888888889 0.06041666666666667
0 0.12986111111111112 0.5784722222222223 0.11666666666666667 0.07430555555555556
0 0.09444444444444444 0.8104166666666667 0.09791666666666667 0.12638888888888888
0 0.13402777777777777 0.9847222222222223 0.13194444444444445 0.027777777777777776
0 0.08958333333333333 0.9291666666666667 0.17916666666666667 0.1388888888888889
0 0.02847222222222222 0.8166666666666667 0.05694444444444444 0.13333333333333333
0 0.34652777777777777 0.9631944444444445 0.1736111111111111 0.07083333333333333
0 0.4583333333333333 0.8930555555555556 0.07291666666666667 0.12986111111111112
0 0.2861111111111111 0.8993055555555556 0.12638888888888888 0.09027777777777778
0 0.2965277777777778 0.7125 0.04583333333333333 0.03819444444444445
0 0.2013888888888889 0.5666666666666667 0.043055555555555555 0.05
0 0.14583333333333334 0.5340277777777778 0.04791666666666667 0.058333333333333334
0 0.42777777777777776 0.8520833333333333 0.03333333333333333 0.04791666666666667
0 0.5041666666666667 0.7229166666666667 0.027777777777777776 0.04027777777777778
0 0.4951388888888889 0.8631944444444445 0.04583333333333333 0.043055555555555555
0 0.4354166666666667 0.66875 0.04861111111111111 0.044444444444444446
0 0.45208333333333334 0.7131944444444445 0.07013888888888889 0.04861111111111111
0 0.3888888888888889 0.7027777777777777 0.050694444444444445 0.06041666666666667
0 0.42916666666666664 0.7256944444444444 0.05 0.043055555555555555
0 0.48125 0.7576388888888889 0.075 0.06319444444444444
0 0.3368055555555556 0.8375 0.09652777777777778 0.08333333333333333
0 0.8298611111111112 0.98125 0.11805555555555555 0.034722222222222224
0 0.61875 0.9736111111111111 0.17916666666666667 0.05
0 0.7590277777777777 0.6923611111111111 0.4791666666666667 0.4847222222222222
0 0.9638888888888889 0.9722222222222222 0.06944444444444445 0.05277777777777778