0 0.1 0.41944444444444445 0.2 0.2638888888888889
0 0.3645833333333333 0.6256944444444444 0.2652777777777778 0.4236111111111111
0 0.12569444444444444 0.6597222222222222 0.2513888888888889 0.35555555555555557
0 0.3819444444444444 0.7951388888888888 0.24444444444444444 0.08472222222222223
0 0.4361111111111111 0.07013888888888889 0.1638888888888889 0.14027777777777778
0 0.20208333333333334 0.09236111111111112 0.32083333333333336 0.18472222222222223
0 0.07013888888888889 0.15486111111111112 0.14027777777777778 0.30972222222222223
0 0.33055555555555555 0.2722222222222222 0.2465277777777778 0.2777777777777778
0 0.47847222222222224 0.3263888888888889 0.07916666666666666 0.6
0 0.19930555555555557 0.3298611111111111 0.15069444444444444 0.2986111111111111
0 0.76875 0.5729166666666666 0.25416666666666665 0.2611111111111111
0 0.5875 0.6055555555555555 0.1361111111111111 0.33055555555555555
0 0.6395833333333333 0.7076388888888889 0.20416666666666666 0.25972222222222224
0 0.8979166666666667 0.64375 0.2013888888888889 0.3875
0 0.68125 0.7659722222222223 0.30694444444444446 0.14305555555555555
0 0.6173611111111111 0.10347222222222222 0.19583333333333333 0.20694444444444443
0 0.8166666666666667 0.12916666666666668 0.24444444444444444 0.25833333333333336
0 0.7798611111111111 0.32222222222222224 0.21041666666666667 0.25763888888888886
0 0.5986111111111111 0.33541666666666664 0.15833333333333333 0.2652777777777778
0 0.9291666666666667 0.3375 0.1388888888888889 0.24722222222222223
0 0.5854166666666667 0.38680555555555557 0.13194444444444445 0.2125
0 0.14444444444444443 0.9541666666666667 0.28888888888888886 0.08888888888888889
0 0.17291666666666666 0.91875 0.3458333333333333 0.1597222222222222
0 0.41388888888888886 0.91875 0.19444444444444445 0.1597222222222222
0 0.8847222222222222 0.8881944444444444 0.22777777777777777 0.09861111111111111
0 0.8833333333333333 0.9756944444444444 0.18055555555555555 0.04583333333333333
0 0.7638888888888888 0.9472222222222222 0.09722222222222222 0.10277777777777777
0 0.6423611111111112 0.8708333333333333 0.10972222222222222 0.06388888888888888
0 0.7305555555555555 0.8611111111111112 0.09444444444444444 0.044444444444444446