0 0.1423611111111111 0.20277777777777778 0.22708333333333333 0.22291666666666668
0 0.26805555555555555 0.22361111111111112 0.15833333333333333 0.21388888888888888
0 0.1736111111111111 0.45555555555555555 0.3472222222222222 0.34444444444444444
0 0.2902777777777778 0.60625 0.11388888888888889 0.043055555555555555
0 0.2326388888888889 0.0763888888888889 0.22916666666666666 0.1527777777777778
0 0.8638888888888889 0.23680555555555555 0.06458333333333334 0.052083333333333336
0 0.4979166666666667 0.28402777777777777 0.04791666666666667 0.09861111111111111
0 0.7416666666666667 0.25 0.08125 0.07222222222222222
0 0.4777777777777778 0.05347222222222222 0.07152777777777777 0.08472222222222223
0 0.36666666666666664 0.45069444444444445 0.03611111111111111 0.07916666666666666
0 0.8076388888888889 0.34375 0.03263888888888889 0.03263888888888889
0 0.7284722222222222 0.55 0.04791666666666667 0.04236111111111111
0 0.8354166666666667 0.19027777777777777 0.043055555555555555 0.05416666666666667
0 0.6555555555555556 0.20416666666666666 0.02847222222222222 0.0375
0 0.6868055555555556 0.225 0.027083333333333334 0.03958333333333333
0 0.5236111111111111 0.32222222222222224 0.03958333333333333 0.04513888888888889
0 0.6180555555555556 0.28958333333333336 0.024305555555555556 0.029861111111111113
0 0.6409722222222223 0.2861111111111111 0.0375 0.034722222222222224
0 0.5715277777777777 0.4673611111111111 0.06041666666666667 0.08611111111111111
0 0.9638888888888889 0.32708333333333334 0.049305555555555554 0.0798611111111111
0 0.7541666666666667 0.31805555555555554 0.030555555555555555 0.03125
0 0.7104166666666667 0.4951388888888889 0.034027777777777775 0.034027777777777775
0 0.70625 0.5201388888888889 0.03125 0.03125
0 0.6861111111111111 0.49583333333333335 0.022916666666666665 0.03680555555555556
0 0.5729166666666666 0.5611111111111111 0.1388888888888889 0.13333333333333333
0 0.5472222222222223 0.15902777777777777 0.17152777777777778 0.11597222222222223
0 0.4166666666666667 0.3638888888888889 0.1361111111111111 0.16666666666666666
0 0.5979166666666667 0.3645833333333333 0.125 0.13055555555555556
0 0.9944444444444445 0.28125 0.008333333333333333 0.10972222222222222
0 0.83125 0.4479166666666667 0.050694444444444445 0.058333333333333334
0 0.8736111111111111 0.44583333333333336 0.034027777777777775 0.03958333333333333
0 0.8138888888888889 0.2743055555555556 0.059027777777777776 0.05138888888888889
0 0.7763888888888889 0.18888888888888888 0.052083333333333336 0.058333333333333334
0 0.7236111111111111 0.3888888888888889 0.07916666666666666 0.05416666666666667
0 0.43194444444444446 0.48194444444444445 0.10208333333333333 0.09791666666666667
0 0.8916666666666667 0.5069444444444444 0.04027777777777778 0.04583333333333333
0 0.8493055555555555 0.5979166666666667 0.06805555555555555 0.059722222222222225
0 0.9423611111111111 0.59375 0.049305555555555554 0.052083333333333336
0 0.9847222222222223 0.5847222222222223 0.027777777777777776 0.058333333333333334
0 0.9444444444444444 0.4027777777777778 0.02847222222222222 0.03194444444444444
0 0.9708333333333333 0.2791666666666667 0.05555555555555555 0.05555555555555555
0 0.4388888888888889 0.5819444444444445 0.07847222222222222 0.0875
0 0.4986111111111111 0.44375 0.08541666666666667 0.08819444444444445
0 0.04583333333333333 0.7416666666666667 0.044444444444444446 0.034722222222222224
0 0.03194444444444444 0.7881944444444444 0.06388888888888888 0.06597222222222222
0 0.2833333333333333 0.7451388888888889 0.059027777777777776 0.049305555555555554
0 0.21805555555555556 0.7590277777777777 0.1 0.10486111111111111
0 0.022916666666666665 0.8381944444444445 0.04583333333333333 0.09583333333333334
0 0.2375 0.8638888888888889 0.059722222222222225 0.06805555555555555
0 0.49444444444444446 0.8118055555555556 0.20694444444444443 0.29444444444444445
0 0.38263888888888886 0.8236111111111111 0.06805555555555555 0.35
0 0.7791666666666667 0.8076388888888889 0.4388888888888889 0.35694444444444445
0 0.7590277777777777 0.9305555555555556 0.4097222222222222 0.1361111111111111
0 0.5715277777777777 0.7375 0.29305555555555557 0.21666666666666667