0 0.06458333333333334 0.23055555555555557 0.12916666666666668 0.3388888888888889
0 0.22430555555555556 0.2465277777777778 0.21805555555555556 0.21388888888888888
0 0.33819444444444446 0.26666666666666666 0.14027777777777778 0.20555555555555555
0 0.04652777777777778 0.43472222222222223 0.09305555555555556 0.18611111111111112
0 0.23819444444444443 0.42569444444444443 0.3402777777777778 0.20416666666666666
0 0.30486111111111114 0.09930555555555555 0.20694444444444443 0.1986111111111111
0 0.7763888888888889 0.08819444444444445 0.07708333333333334 0.07569444444444444
0 0.86875 0.2222222222222222 0.08402777777777778 0.07777777777777778
0 0.8270833333333333 0.24097222222222223 0.0625 0.03819444444444445
0 0.7138888888888889 0.049305555555555554 0.11597222222222223 0.09652777777777778
0 0.4756944444444444 0.12083333333333333 0.07430555555555556 0.07083333333333333
0 0.9145833333333333 0.06736111111111111 0.05486111111111111 0.06388888888888888
0 0.9604166666666667 0.15694444444444444 0.0763888888888889 0.06111111111111111
0 0.8527777777777777 0.02638888888888889 0.08055555555555556 0.05277777777777778
0 0.9090277777777778 0.31805555555555554 0.11527777777777778 0.10347222222222222
0 0.4423611111111111 0.06736111111111111 0.06527777777777778 0.06527777777777778
0 0.9520833333333333 0.38125 0.09305555555555556 0.10138888888888889
0 0.6645833333333333 0.1423611111111111 0.11875 0.12708333333333333
0 0.7729166666666667 0.16458333333333333 0.08194444444444444 0.09305555555555556
0 0.6729166666666667 0.025694444444444443 0.0763888888888889 0.05138888888888889
0 0.49583333333333335 0.36180555555555555 0.14375 0.16805555555555557
0 0.9604166666666667 0.28958333333333336 0.0763888888888889 0.14583333333333334
0 0.6618055555555555 0.39444444444444443 0.18055555555555555 0.19930555555555557
0 0.6395833333333333 0.2638888888888889 0.15069444444444444 0.1451388888888889
0 0.5340277777777778 0.20694444444444443 0.13125 0.15069444444444444
0 0.9270833333333334 0.49444444444444446 0.11527777777777778 0.06666666666666667
0 0.5506944444444445 0.4479166666666667 0.16805555555555557 0.1597222222222222
0 0.8388888888888889 0.46597222222222223 0.10277777777777777 0.11805555555555555
0 0.8111111111111111 0.39375 0.10416666666666667 0.07152777777777777
0 0.73125 0.22152777777777777 0.12916666666666668 0.10138888888888889
0 0.7868055555555555 0.30069444444444443 0.08819444444444445 0.07777777777777778
0 0.5694444444444444 0.1 0.07847222222222222 0.07708333333333334
0 0.86875 0.11180555555555556 0.09236111111111112 0.08958333333333333
0 0.9847222222222223 0.08402777777777778 0.027777777777777776 0.10694444444444444
0 0.7645833333333333 0.022916666666666665 0.10972222222222222 0.04583333333333333
0 0.20416666666666666 0.7638888888888888 0.4083333333333333 0.46944444444444444
0 0.49236111111111114 0.8375 0.16527777777777777 0.32222222222222224
0 0.5902777777777778 0.9027777777777778 0.26666666666666666 0.19166666666666668
0 0.8347222222222223 0.9548611111111112 0.3055555555555556 0.0875
0 0.6854166666666667 0.5819444444444445 0.14027777777777778 0.10555555555555556
0 0.5375 0.675 0.25555555555555554 0.2916666666666667
0 0.925 0.7638888888888888 0.14722222222222223 0.46944444444444444
0 0.75625 0.75625 0.24583333333333332 0.45416666666666666