0 0.13819444444444445 0.22152777777777777 0.2763888888888889 0.44305555555555554
0 0.32222222222222224 0.25833333333333336 0.23055555555555557 0.4527777777777778
0 0.041666666666666664 0.3902777777777778 0.08333333333333333 0.2638888888888889
0 0.4041666666666667 0.45902777777777776 0.06666666666666667 0.21805555555555556
0 0.19166666666666668 0.5055555555555555 0.38055555555555554 0.125
0 0.5222222222222223 0.07708333333333334 0.16666666666666666 0.15416666666666667
0 0.7388888888888889 0.13680555555555557 0.5194444444444445 0.27361111111111114
0 0.5020833333333333 0.3541666666666667 0.12638888888888888 0.2916666666666667
0 0.7951388888888888 0.3597222222222222 0.40694444444444444 0.4166666666666667
0 0.19652777777777777 0.8152777777777778 0.39305555555555555 0.36666666666666664
0 0.3923611111111111 0.9256944444444445 0.09027777777777778 0.14583333333333334
0 0.21875 0.6680555555555555 0.4375 0.19722222222222222
0 0.71875 0.775 0.5597222222222222 0.4111111111111111