0 0.1986111111111111 0.3923611111111111 0.3861111111111111 0.23194444444444445
0 0.5006944444444444 0.22777777777777777 0.29583333333333334 0.3888888888888889
0 0.275 0.2625 0.2881944444444444 0.30833333333333335
0 0.9465277777777777 0.38819444444444445 0.10416666666666667 0.24027777777777778
0 0.7041666666666667 0.009722222222222222 0.10833333333333334 0.019444444444444445
0 0.8840277777777777 0.1673611111111111 0.22916666666666666 0.3347222222222222
0 0.7847222222222222 0.25416666666666665 0.26944444444444443 0.5083333333333333
0 0.43819444444444444 0.7833333333333333 0.05486111111111111 0.04513888888888889
0 0.2791666666666667 0.8708333333333333 0.059027777777777776 0.06805555555555555
0 0.26458333333333334 0.9368055555555556 0.06875 0.08263888888888889
0 0.013194444444444444 0.6979166666666666 0.02638888888888889 0.04583333333333333
0 0.07361111111111111 0.6104166666666667 0.04722222222222222 0.05347222222222222
0 0.5631944444444444 0.8798611111111111 0.17083333333333334 0.22361111111111112
0 0.6180555555555556 0.6756944444444445 0.06111111111111111 0.09861111111111111
0 0.3527777777777778 0.9243055555555556 0.15555555555555556 0.1486111111111111
0 0.16805555555555557 0.9701388888888889 0.09444444444444444 0.05694444444444444
0 0.14305555555555555 0.8729166666666667 0.09583333333333334 0.09861111111111111
0 0.24513888888888888 0.7847222222222222 0.09930555555555555 0.12777777777777777
0 0.3472222222222222 0.8090277777777778 0.07916666666666666 0.06736111111111111
0 0.45625 0.7138888888888889 0.09513888888888888 0.11041666666666666
0 0.37777777777777777 0.7194444444444444 0.075 0.09513888888888888
0 0.2798611111111111 0.7229166666666667 0.06666666666666667 0.06319444444444444
0 0.07361111111111111 0.9555555555555556 0.06805555555555555 0.06736111111111111
0 0.11180555555555556 0.8111111111111111 0.08402777777777778 0.06944444444444445
0 0.4826388888888889 0.8708333333333333 0.08402777777777778 0.10972222222222222
0 0.5701388888888889 0.7826388888888889 0.12222222222222222 0.10208333333333333
0 0.46597222222222223 0.6486111111111111 0.26180555555555557 0.14583333333333334
0 0.6229166666666667 0.6041666666666666 0.05138888888888889 0.1388888888888889
0 0.9048611111111111 0.7958333333333333 0.1875 0.2638888888888889
0 0.7381944444444445 0.7861111111111111 0.1763888888888889 0.425
0 0.8715277777777778 0.9236111111111112 0.25416666666666665 0.15
0 0.8305555555555556 0.59375 0.33611111111111114 0.16805555555555557