0 0.19583333333333333 0.2951388888888889 0.3861111111111111 0.3263888888888889
0 0.41388888888888886 0.1388888888888889 0.12777777777777777 0.2777777777777778
0 0.2722222222222222 0.13680555555555557 0.28888888888888886 0.27361111111111114
0 0.5430555555555555 0.12222222222222222 0.12777777777777777 0.24444444444444444
0 0.7208333333333333 0.22916666666666666 0.48333333333333334 0.4583333333333333
0 0.3229166666666667 0.8930555555555556 0.30972222222222223 0.2111111111111111
0 0.32013888888888886 0.48680555555555555 0.26805555555555555 0.05416666666666667
0 0.12013888888888889 0.5631944444444444 0.22916666666666666 0.20694444444444443
0 0.38263888888888886 0.575 0.19027777777777777 0.23055555555555557
0 0.020833333333333332 0.6847222222222222 0.041666666666666664 0.24722222222222223
0 0.23541666666666666 0.7548611111111111 0.3486111111111111 0.42430555555555555
0 0.6895833333333333 0.8256944444444444 0.1527777777777778 0.10208333333333333
0 0.6861111111111111 0.6604166666666667 0.11319444444444444 0.10416666666666667
0 0.7270833333333333 0.6097222222222223 0.17847222222222223 0.12361111111111112
0 0.6388888888888888 0.9194444444444444 0.09513888888888888 0.12083333333333333
0 0.53125 0.7611111111111111 0.10416666666666667 0.11388888888888889
0 0.9680555555555556 0.56875 0.06111111111111111 0.06805555555555555
0 0.8534722222222222 0.6 0.10972222222222222 0.08333333333333333
0 0.8569444444444444 0.6604166666666667 0.04236111111111111 0.05347222222222222
0 0.9222222222222223 0.5520833333333334 0.07430555555555556 0.052083333333333336
0 0.7534722222222222 0.7090277777777778 0.12222222222222222 0.08402777777777778
0 0.5958333333333333 0.5131944444444444 0.07222222222222222 0.08194444444444444
0 0.6097222222222223 0.85625 0.10069444444444445 0.11666666666666667
0 0.5048611111111111 0.6916666666666667 0.05138888888888889 0.058333333333333334
0 0.9493055555555555 0.6180555555555556 0.09027777777777778 0.075
0 0.7944444444444444 0.7541666666666667 0.21458333333333332 0.07013888888888889
0 0.9319444444444445 0.6618055555555555 0.13333333333333333 0.09861111111111111
0 0.6277777777777778 0.7465277777777778 0.1284722222222222 0.1284722222222222
0 0.9194444444444444 0.9666666666666667 0.08055555555555556 0.06388888888888888
0 0.9715277777777778 0.9076388888888889 0.05416666666666667 0.18194444444444444
0 0.9527777777777777 0.7625 0.09166666666666666 0.1
0 0.5631944444444444 0.6868055555555556 0.07430555555555556 0.09444444444444444
0 0.8875 0.6888888888888889 0.08055555555555556 0.10694444444444444
0 0.9909722222222223 0.575 0.015277777777777777 0.1
0 0.8305555555555556 0.5138888888888888 0.05763888888888889 0.05416666666666667
0 0.6805555555555556 0.49930555555555556 0.11388888888888889 0.07916666666666666
0 0.7381944444444445 0.48680555555555555 0.06527777777777778 0.05416666666666667
0 0.5173611111111112 0.6326388888888889 0.0763888888888889 0.07361111111111111
0 0.7777777777777778 0.9215277777777777 0.24444444444444444 0.15416666666666667
0 0.5125 0.5104166666666666 0.06666666666666667 0.10138888888888889
0 0.5402777777777777 0.9201388888888888 0.12222222222222222 0.15694444444444444
0 0.85625 0.85 0.2111111111111111 0.17569444444444443
0 0.8125 0.4840277777777778 0.09166666666666666 0.04861111111111111
0 0.5159722222222223 0.8451388888888889 0.07361111111111111 0.09027777777777778