0 0.17916666666666667 0.4284722222222222 0.33055555555555555 0.1986111111111111
0 0.4305555555555556 0.2 0.36180555555555555 0.3284722222222222
0 0.12430555555555556 0.20069444444444445 0.24861111111111112 0.2569444444444444
0 0.5777777777777777 0.23958333333333334 0.1 0.3680555555555556
0 0.46458333333333335 0.40625 0.14097222222222222 0.0798611111111111
0 0.03194444444444444 0.41388888888888886 0.06388888888888888 0.22777777777777777
0 0.9409722222222222 0.34930555555555554 0.11527777777777778 0.35694444444444445
0 0.8298611111111112 0.4708333333333333 0.2263888888888889 0.11388888888888889
0 0.8548611111111111 0.02638888888888889 0.2847222222222222 0.05277777777777778
0 0.7743055555555556 0.18125 0.2902777777777778 0.3625
0 0.7027777777777777 0.37777777777777777 0.14722222222222223 0.28055555555555556
0 0.4777777777777778 0.8423611111111111 0.3 0.3125
0 0.4652777777777778 0.6423611111111112 0.325 0.2263888888888889
0 0.175 0.7638888888888888 0.35 0.46944444444444444
0 0.9458333333333333 0.6854166666666667 0.10555555555555556 0.3125
0 0.8430555555555556 0.6798611111111111 0.21666666666666667 0.3013888888888889
0 0.675 0.7208333333333333 0.09166666666666666 0.38333333333333336
0 0.7305555555555555 0.89375 0.2 0.20972222222222223
0 0.8256944444444444 0.8951388888888889 0.3458333333333333 0.20694444444444443