0 0.2777777777777778 0.32569444444444445 0.3194444444444444 0.10416666666666667
0 0.2743055555555556 0.15902777777777777 0.2673611111111111 0.28888888888888886
0 0.5881944444444445 0.2375 0.17083333333333334 0.28055555555555556
0 0.6229166666666667 0.07152777777777777 0.2263888888888889 0.14305555555555555
0 0.7368055555555556 0.19583333333333333 0.20277777777777778 0.20902777777777778
0 0.7222222222222222 0.33194444444444443 0.3333333333333333 0.09166666666666666
0 0.7986111111111112 0.05625 0.22777777777777777 0.1125
0 0.9069444444444444 0.17291666666666666 0.18333333333333332 0.3458333333333333
0 0.4756944444444444 0.18472222222222223 0.07361111111111111 0.275
0 0.34305555555555556 0.8215277777777777 0.18888888888888888 0.3541666666666667
0 0.05694444444444444 0.825 0.11388888888888889 0.3472222222222222
0 0.18888888888888888 0.8354166666666667 0.14722222222222223 0.3263888888888889
0 0.2263888888888889 0.5333333333333333 0.30833333333333335 0.30833333333333335
0 0.025694444444444443 0.5118055555555555 0.05138888888888889 0.2652777777777778
0 0.5986111111111111 0.43125 0.26944444444444443 0.10416666666666667
0 0.8236111111111111 0.8222222222222222 0.18888888888888888 0.3527777777777778
0 0.4979166666666667 0.4965277777777778 0.11805555555555555 0.23472222222222222
0 0.6951388888888889 0.5583333333333333 0.2076388888888889 0.1875
0 0.5055555555555555 0.8875 0.13333333333333333 0.16944444444444445
0 0.6430555555555556 0.7923611111111111 0.2111111111111111 0.3472222222222222
0 0.5451388888888888 0.9604166666666667 0.2125 0.0763888888888889
0 0.4548611111111111 0.71875 0.03194444444444444 0.23194444444444445
0 0.5076388888888889 0.7208333333333333 0.12430555555555556 0.22291666666666668