0 0.6277777777777778 0.20347222222222222 0.18055555555555555 0.40694444444444444
0 0.28055555555555556 0.32222222222222224 0.21388888888888888 0.25277777777777777
0 0.09722222222222222 0.3326388888888889 0.19444444444444445 0.23194444444444445
0 0.5097222222222222 0.3472222222222222 0.26666666666666666 0.20277777777777778
0 0.21805555555555556 0.04722222222222222 0.2611111111111111 0.09444444444444444
0 0.13541666666666666 0.11388888888888889 0.2708333333333333 0.19444444444444445
0 0.4027777777777778 0.14652777777777778 0.275 0.29305555555555557
0 0.8069444444444445 0.37222222222222223 0.175 0.1527777777777778
0 0.8958333333333334 0.3770833333333333 0.20555555555555555 0.14305555555555555
0 0.8284722222222223 0.05555555555555555 0.21805555555555556 0.1111111111111111
0 0.8013888888888889 0.17430555555555555 0.1638888888888889 0.2652777777777778
0 0.9270833333333334 0.18958333333333333 0.14305555555555555 0.2513888888888889
0 0.2951388888888889 0.8368055555555556 0.24583333333333332 0.3236111111111111
0 0.09375 0.8791666666666667 0.1875 0.2388888888888889
0 0.5340277777777778 0.9201388888888888 0.3680555555555556 0.15694444444444444
0 0.2777777777777778 0.4826388888888889 0.24444444444444444 0.06527777777777778
0 0.16875 0.5604166666666667 0.24861111111111112 0.22083333333333333
0 0.48680555555555555 0.65 0.4625 0.4
0 0.07430555555555556 0.7055555555555556 0.1486111111111111 0.275
0 0.8270833333333333 0.4895833333333333 0.2152777777777778 0.07916666666666666
0 0.8590277777777777 0.7555555555555555 0.2791666666666667 0.4861111111111111