0 0.08888888888888889 0.16666666666666666 0.17777777777777778 0.325
0 0.2152777777777778 0.24305555555555555 0.10555555555555556 0.26944444444444443
0 0.15555555555555556 0.05277777777777778 0.225 0.10555555555555556
0 0.8791666666666667 0.06388888888888888 0.2388888888888889 0.12777777777777777
0 0.11597222222222223 0.4361111111111111 0.15138888888888888 0.11388888888888889
0 0.16666666666666666 0.7430555555555556 0.20277777777777778 0.31666666666666665
0 0.9402777777777778 0.5118055555555555 0.11666666666666667 0.2652777777777778
0 0.6486111111111111 0.49930555555555556 0.4638888888888889 0.24027777777777778
0 0.3680555555555556 0.6027777777777777 0.19722222222222222 0.44722222222222224
0 0.9048611111111111 0.7722222222222223 0.1875 0.3472222222222222
0 0.5951388888888889 0.7743055555555556 0.4791666666666667 0.4486111111111111