0 0.55625 0.5215277777777778 0.22361111111111112 0.4513888888888889
0 0.23541666666666666 0.5534722222222223 0.4465277777777778 0.3194444444444444
0 0.04861111111111111 0.5958333333333333 0.09722222222222222 0.3138888888888889
0 0.46111111111111114 0.69375 0.3055555555555556 0.1875
0 0.20625 0.7388888888888889 0.25416666666666665 0.09722222222222222
0 0.6 0.20625 0.1361111111111111 0.2708333333333333
0 0.36875 0.22777777777777777 0.3958333333333333 0.45555555555555555
0 0.1125 0.42777777777777776 0.225 0.2972222222222222
0 0.7958333333333333 0.5625 0.25277777777777777 0.45
0 0.9256944444444445 0.6298611111111111 0.14583333333333334 0.31527777777777777
0 0.7777777777777778 0.2125 0.21666666666666667 0.3138888888888889
0 0.9402777777777778 0.3548611111111111 0.11666666666666667 0.4125
0 0.11458333333333333 0.8513888888888889 0.22916666666666666 0.125
0 0.3402777777777778 0.8576388888888888 0.23055555555555557 0.1375
0 0.5576388888888889 0.89375 0.22083333333333333 0.20972222222222223
0 0.1111111111111111 0.9305555555555556 0.2222222222222222 0.1361111111111111
0 0.4479166666666667 0.9104166666666667 0.44027777777777777 0.1763888888888889
0 0.9486111111111111 0.89375 0.1 0.20972222222222223
0 0.7861111111111111 0.89375 0.23333333333333334 0.20972222222222223