0 0.04722222222222222 0.2298611111111111 0.09444444444444444 0.34305555555555556
0 0.2222222222222222 0.3486111111111111 0.2833333333333333 0.35833333333333334
0 0.06041666666666667 0.4666666666666667 0.12083333333333333 0.12222222222222222
0 0.12916666666666668 0.08263888888888889 0.25833333333333336 0.16527777777777777
0 0.3347222222222222 0.1423611111111111 0.16666666666666666 0.2847222222222222
0 0.9708333333333333 0.0375 0.05555555555555555 0.075
0 0.5020833333333333 0.4791666666666667 0.10972222222222222 0.09722222222222222
0 0.44583333333333336 0.49166666666666664 0.05277777777777778 0.07222222222222222
0 0.5819444444444445 0.3548611111111111 0.11041666666666666 0.15138888888888888
0 0.9243055555555556 0.17430555555555555 0.1486111111111111 0.1375
0 0.6215277777777778 0.21597222222222223 0.07152777777777777 0.11458333333333333
0 0.6541666666666667 0.4576388888888889 0.07708333333333334 0.10416666666666667
0 0.5527777777777778 0.48055555555555557 0.0625 0.07222222222222222
0 0.7006944444444444 0.26666666666666666 0.050694444444444445 0.10902777777777778
0 0.7305555555555555 0.20972222222222223 0.04513888888888889 0.05694444444444444
0 0.8152777777777778 0.2013888888888889 0.08541666666666667 0.08402777777777778
0 0.45625 0.3034722222222222 0.07222222222222222 0.12708333333333333
0 0.5291666666666667 0.2701388888888889 0.1125 0.14097222222222222
0 0.5034722222222222 0.19375 0.1 0.06458333333333334
0 0.5854166666666667 0.04097222222222222 0.08472222222222223 0.08194444444444444
0 0.5701388888888889 0.01597222222222222 0.07083333333333333 0.03194444444444444
0 0.4777777777777778 0.041666666666666664 0.11666666666666667 0.08333333333333333
0 0.675 0.034027777777777775 0.12222222222222222 0.06805555555555555
0 0.8097222222222222 0.11180555555555556 0.09027777777777778 0.13472222222222222
0 0.6861111111111111 0.14375 0.11527777777777778 0.16875
0 0.66875 0.015277777777777777 0.09583333333333334 0.030555555555555555
0 0.9944444444444445 0.07847222222222222 0.008333333333333333 0.09027777777777778
0 0.42986111111111114 0.38055555555555554 0.020833333333333332 0.06388888888888888
0 0.44930555555555557 0.10277777777777777 0.059027777777777776 0.06458333333333334
0 0.65 0.2965277777777778 0.1 0.15486111111111112
0 0.8020833333333334 0.48055555555555557 0.25416666666666665 0.09444444444444444
0 0.7708333333333334 0.3368055555555556 0.2111111111111111 0.2
0 0.9583333333333334 0.4 0.08055555555555556 0.25555555555555554
0 0.9798611111111111 0.47708333333333336 0.0375 0.10138888888888889
0 0.16944444444444445 0.81875 0.3388888888888889 0.3597222222222222
0 0.36736111111111114 0.8451388888888889 0.10138888888888889 0.30694444444444446
0 0.25069444444444444 0.6069444444444444 0.19027777777777777 0.15555555555555556
0 0.10277777777777777 0.6069444444444444 0.20555555555555555 0.15555555555555556
0 0.9652777777777778 0.8361111111111111 0.06666666666666667 0.06111111111111111
0 0.8201388888888889 0.9236111111111112 0.049305555555555554 0.08819444444444445
0 0.7159722222222222 0.9465277777777777 0.24027777777777778 0.10416666666666667
0 0.6361111111111111 0.8736111111111111 0.17777777777777778 0.25
0 0.9819444444444444 0.6965277777777777 0.03333333333333333 0.09583333333333334
0 0.44166666666666665 0.8159722222222222 0.044444444444444446 0.20694444444444443
0 0.8048611111111111 0.6618055555555555 0.1284722222222222 0.14097222222222222
0 0.8006944444444445 0.6118055555555556 0.06736111111111111 0.058333333333333334
0 0.9048611111111111 0.9083333333333333 0.08958333333333333 0.08611111111111111
0 0.7708333333333334 0.5770833333333333 0.14166666666666666 0.09583333333333334
0 0.8513888888888889 0.9833333333333333 0.06666666666666667 0.030555555555555555
0 0.49375 0.9409722222222222 0.1486111111111111 0.11527777777777778
0 0.9090277777777778 0.7840277777777778 0.14375 0.11875
0 0.8694444444444445 0.8520833333333333 0.08958333333333333 0.04861111111111111
0 0.8715277777777778 0.9395833333333333 0.06319444444444444 0.06458333333333334
0 0.5902777777777778 0.6923611111111111 0.3416666666666667 0.3263888888888889