0 0.45416666666666666 0.1423611111111111 0.16666666666666666 0.2847222222222222
0 0.11388888888888889 0.21944444444444444 0.21319444444444444 0.28958333333333336
0 0.34444444444444444 0.25555555555555554 0.26666666666666666 0.2638888888888889
0 0.2361111111111111 0.08541666666666667 0.275 0.17083333333333334
0 0.6444444444444445 0.12986111111111112 0.2111111111111111 0.25972222222222224
0 0.8423611111111111 0.08333333333333333 0.3125 0.16666666666666666
0 0.76875 0.2625 0.4597222222222222 0.25
0 0.11458333333333333 0.49722222222222223 0.1111111111111111 0.125
0 0.2590277777777778 0.42083333333333334 0.08194444444444444 0.06388888888888888
0 0.44027777777777777 0.6409722222222223 0.19444444444444445 0.32916666666666666
0 0.29444444444444445 0.7715277777777778 0.4861111111111111 0.45416666666666666
0 0.35208333333333336 0.43819444444444444 0.10972222222222222 0.09861111111111111
0 0.04722222222222222 0.4201388888888889 0.09444444444444444 0.0625
0 0.15902777777777777 0.5784722222222223 0.09513888888888888 0.11319444444444444
0 0.059027777777777776 0.66875 0.11805555555555555 0.4125
0 0.5652777777777778 0.5118055555555555 0.03958333333333333 0.052083333333333336
0 0.64375 0.4152777777777778 0.05694444444444444 0.05277777777777778
0 0.6534722222222222 0.5631944444444444 0.06736111111111111 0.0375
0 0.5659722222222222 0.8423611111111111 0.05416666666666667 0.08472222222222223
0 0.96875 0.7263888888888889 0.059722222222222225 0.12777777777777777
0 0.8736111111111111 0.9618055555555556 0.10277777777777777 0.07361111111111111
0 0.8444444444444444 0.3972222222222222 0.041666666666666664 0.016666666666666666
0 0.9909722222222223 0.42916666666666664 0.015277777777777777 0.08055555555555556
0 0.7319444444444444 0.4354166666666667 0.1361111111111111 0.09305555555555556
0 0.5555555555555556 0.46944444444444444 0.03333333333333333 0.10833333333333334
0 0.8868055555555555 0.5111111111111111 0.06666666666666667 0.07083333333333333
0 0.8777777777777778 0.5444444444444444 0.05138888888888889 0.043055555555555555
0 0.7055555555555556 0.70625 0.04583333333333333 0.05486111111111111
0 0.8826388888888889 0.7784722222222222 0.07152777777777777 0.0625
0 0.9 0.46319444444444446 0.04861111111111111 0.06319444444444444
0 0.9826388888888888 0.8055555555555556 0.03194444444444444 0.10555555555555556
0 0.63125 0.4847222222222222 0.10208333333333333 0.1423611111111111
0 0.9819444444444444 0.8069444444444445 0.03333333333333333 0.10555555555555556
0 0.9194444444444444 0.4354166666666667 0.07361111111111111 0.06527777777777778
0 0.9659722222222222 0.5354166666666667 0.06527777777777778 0.1375
0 0.6305555555555555 0.4826388888888889 0.10347222222222222 0.14097222222222222