0 0.41805555555555557 0.23055555555555557 0.06111111111111111 0.46111111111111114
0 0.11041666666666666 0.38819444444444445 0.22083333333333333 0.3236111111111111
0 0.3284722222222222 0.44027777777777777 0.24027777777777778 0.31666666666666665
0 0.1625 0.56875 0.325 0.059722222222222225
0 0.08888888888888889 0.05625 0.17777777777777778 0.1125
0 0.04652777777777778 0.13541666666666666 0.09305555555555556 0.21805555555555556
0 0.2375 0.16875 0.3034722222222222 0.33055555555555555
0 0.59375 0.28958333333333336 0.18333333333333332 0.2972222222222222
0 0.9458333333333333 0.25763888888888886 0.10555555555555556 0.5097222222222222
0 0.9583333333333334 0.5638888888888889 0.08055555555555556 0.06944444444444445
0 0.8840277777777777 0.5319444444444444 0.10972222222222222 0.13333333333333333
0 0.71875 0.1986111111111111 0.10347222222222222 0.07083333333333333
0 0.7222222222222222 0.2673611111111111 0.09444444444444444 0.125
0 0.6861111111111111 0.04027777777777778 0.10833333333333334 0.08055555555555556
0 0.5861111111111111 0.059027777777777776 0.10625 0.0798611111111111
0 0.4652777777777778 0.11041666666666666 0.030555555555555555 0.09583333333333334
0 0.5090277777777777 0.48055555555555557 0.10347222222222222 0.12916666666666668
0 0.7465277777777778 0.40555555555555556 0.12222222222222222 0.13333333333333333
0 0.8458333333333333 0.4173611111111111 0.10625 0.06458333333333334
0 0.7923611111111111 0.035416666666666666 0.10972222222222222 0.07083333333333333
0 0.8423611111111111 0.09722222222222222 0.15694444444444444 0.17708333333333334
0 0.7777777777777778 0.30833333333333335 0.059722222222222225 0.09861111111111111
0 0.7340277777777777 0.1125 0.08541666666666667 0.10486111111111111
0 0.4861111111111111 0.18125 0.06180555555555556 0.1361111111111111
0 0.8194444444444444 0.21180555555555555 0.1284722222222222 0.10972222222222222
0 0.4027777777777778 0.8416666666666667 0.09166666666666666 0.125
0 0.3159722222222222 0.9388888888888889 0.19583333333333333 0.11944444444444445
0 0.1527777777777778 0.8590277777777777 0.07013888888888889 0.07222222222222222
0 0.12222222222222222 0.7486111111111111 0.11875 0.16527777777777777
0 0.23333333333333334 0.8597222222222223 0.09513888888888888 0.0798611111111111
0 0.24930555555555556 0.7770833333333333 0.18194444444444444 0.22430555555555556
0 0.18611111111111112 0.9173611111111111 0.12222222222222222 0.0625
0 0.06180555555555556 0.8840277777777777 0.12361111111111112 0.13194444444444445
0 0.18680555555555556 0.9763888888888889 0.0763888888888889 0.044444444444444446
0 0.075 0.9541666666666667 0.15 0.08888888888888889
0 0.8034722222222223 0.8277777777777777 0.05694444444444444 0.05347222222222222
0 0.8923611111111112 0.9756944444444444 0.06527777777777778 0.04583333333333333
0 0.8826388888888889 0.8020833333333334 0.02638888888888889 0.03888888888888889
0 0.5340277777777778 0.9701388888888889 0.08472222222222223 0.05694444444444444
0 0.6875 0.7652777777777777 0.08819444444444445 0.1361111111111111
0 0.6104166666666667 0.9951388888888889 0.06805555555555555 0.006944444444444444
0 0.9666666666666667 0.7756944444444445 0.0375 0.027083333333333334
0 0.9597222222222223 0.8465277777777778 0.027083333333333334 0.0375
0 0.7694444444444445 0.8611111111111112 0.03263888888888889 0.034027777777777775
0 0.7965277777777777 0.9409722222222222 0.1 0.06597222222222222
0 0.9013888888888889 0.8861111111111111 0.03958333333333333 0.03333333333333333
0 0.94375 0.9756944444444444 0.03680555555555556 0.029861111111111113
0 0.7375 0.9194444444444444 0.09236111111111112 0.07361111111111111
0 0.7145833333333333 0.9652777777777778 0.07361111111111111 0.06666666666666667
0 0.6381944444444444 0.9527777777777777 0.06041666666666667 0.07916666666666666
0 0.8416666666666667 0.98125 0.05 0.034722222222222224