0 0.3090277777777778 0.049305555555555554 0.11805555555555555 0.09861111111111111
0 0.16805555555555557 0.09722222222222222 0.2611111111111111 0.19444444444444445
0 0.16875 0.30833333333333335 0.28194444444444444 0.4583333333333333
0 0.5034722222222222 0.4409722222222222 0.26805555555555555 0.19305555555555556
0 0.8625 0.1 0.2722222222222222 0.2
0 0.6930555555555555 0.48333333333333334 0.4361111111111111 0.10833333333333334
0 0.7395833333333334 0.27152777777777776 0.4465277777777778 0.32708333333333334
0 0.5291666666666667 0.20833333333333334 0.3194444444444444 0.4166666666666667
0 0.0875 0.8375 0.175 0.32222222222222224
0 0.08819444444444445 0.9166666666666666 0.1763888888888889 0.1638888888888889
0 0.275 0.6569444444444444 0.18611111111111112 0.2361111111111111
0 0.08611111111111111 0.6159722222222223 0.17222222222222222 0.15416666666666667
0 0.42777777777777776 0.6694444444444444 0.11666666666666667 0.2611111111111111
0 0.7916666666666666 0.7 0.3111111111111111 0.32222222222222224
0 0.51875 0.8159722222222222 0.2798611111111111 0.25833333333333336
0 0.8534722222222222 0.89375 0.28194444444444444 0.20972222222222223
0 0.6729166666666667 0.9020833333333333 0.29583333333333334 0.19305555555555556
0 0.46041666666666664 0.9041666666666667 0.18194444444444444 0.18888888888888888
0 0.6006944444444444 0.6125 0.2875 0.14722222222222223
0 0.8555555555555555 0.6027777777777777 0.2861111111111111 0.12777777777777777