0 0.19305555555555556 0.15694444444444444 0.26944444444444443 0.2972222222222222
0 0.2326388888888889 0.33819444444444446 0.19027777777777777 0.13472222222222222
0 0.08125 0.3715277777777778 0.1625 0.07361111111111111
0 0.04791666666666667 0.07916666666666666 0.09583333333333334 0.15833333333333333
0 0.35694444444444445 0.24305555555555555 0.05555555555555555 0.16111111111111112
0 0.9395833333333333 0.3625 0.11805555555555555 0.09166666666666666
0 0.4111111111111111 0.07361111111111111 0.1638888888888889 0.14722222222222223
0 0.59375 0.025694444444444443 0.22361111111111112 0.05138888888888889
0 0.8833333333333333 0.3111111111111111 0.09444444444444444 0.1597222222222222
0 0.6923611111111111 0.19166666666666668 0.41388888888888886 0.3013888888888889
0 0.9173611111111111 0.044444444444444446 0.058333333333333334 0.08402777777777778
0 0.7819444444444444 0.043055555555555555 0.21944444444444444 0.08611111111111111
0 0.9430555555555555 0.2298611111111111 0.1111111111111111 0.22916666666666666
0 0.7465277777777778 0.35833333333333334 0.09861111111111111 0.1
0 0.8361111111111111 0.36736111111111114 0.10555555555555556 0.08194444444444444
0 0.525 0.3472222222222222 0.39166666666666666 0.12222222222222222
0 0.4791666666666667 0.11666666666666667 0.16458333333333333 0.1763888888888889
0 0.11666666666666667 0.5736111111111111 0.049305555555555554 0.0763888888888889
0 0.2152777777777778 0.6138888888888889 0.14166666666666666 0.12638888888888888
0 0.1597222222222222 0.74375 0.041666666666666664 0.027083333333333334
0 0.3034722222222222 0.7743055555555556 0.04861111111111111 0.19305555555555556
0 0.07152777777777777 0.7409722222222223 0.14305555555555555 0.17916666666666667
0 0.052083333333333336 0.5486111111111112 0.08541666666666667 0.10694444444444444
0 0.08472222222222223 0.5131944444444444 0.05625 0.06319444444444444
0 0.2902777777777778 0.6027777777777777 0.06944444444444445 0.0875
0 0.25625 0.6868055555555556 0.14305555555555555 0.09861111111111111
0 0.14166666666666666 0.5513888888888889 0.03263888888888889 0.029861111111111113
0 0.2638888888888889 0.5479166666666667 0.03333333333333333 0.024305555555555556
0 0.06319444444444444 0.9576388888888889 0.12638888888888888 0.08194444444444444
0 0.31805555555555554 0.6277777777777778 0.019444444444444445 0.06388888888888888
0 0.24166666666666667 0.5263888888888889 0.02638888888888889 0.04583333333333333
0 0.02847222222222222 0.5326388888888889 0.05694444444444444 0.24583333333333332
0 0.2861111111111111 0.5145833333333333 0.08333333333333333 0.20694444444444443
0 0.09375 0.6229166666666667 0.06388888888888888 0.04652777777777778
0 0.15555555555555556 0.6944444444444444 0.06666666666666667 0.07222222222222222
0 0.19375 0.5125 0.13333333333333333 0.1388888888888889
0 0.12638888888888888 0.42291666666666666 0.044444444444444446 0.02638888888888889
0 0.1840277777777778 0.8708333333333333 0.2875 0.25555555555555554
0 0.14583333333333334 0.6465277777777778 0.11666666666666667 0.10486111111111111
0 0.05277777777777778 0.6444444444444445 0.10555555555555556 0.08888888888888889
0 0.26805555555555555 0.7951388888888888 0.11944444444444445 0.14305555555555555
0 0.26805555555555555 0.41944444444444445 0.06944444444444445 0.019444444444444445
0 0.7319444444444444 0.7506944444444444 0.10347222222222222 0.08402777777777778
0 0.9590277777777778 0.8965277777777778 0.07916666666666666 0.10694444444444444
0 0.9923611111111111 0.4673611111111111 0.0125 0.059722222222222225
0 0.9284722222222223 0.6909722222222222 0.04791666666666667 0.06666666666666667
0 0.8534722222222222 0.7451388888888889 0.05138888888888889 0.04722222222222222
0 0.6430555555555556 0.8138888888888889 0.06180555555555556 0.06388888888888888
0 0.5006944444444444 0.5326388888888889 0.09166666666666666 0.08819444444444445
0 0.40347222222222223 0.6243055555555556 0.029861111111111113 0.043055555555555555
0 0.3909722222222222 0.5694444444444444 0.03819444444444445 0.058333333333333334
0 0.3611111111111111 0.6173611111111111 0.06388888888888888 0.07083333333333333
0 0.6798611111111111 0.875 0.027777777777777776 0.03125
0 0.42986111111111114 0.8729166666666667 0.027777777777777776 0.024305555555555556
0 0.9319444444444445 0.7555555555555555 0.04236111111111111 0.08402777777777778
0 0.8180555555555555 0.6048611111111111 0.059027777777777776 0.07430555555555556
0 0.9 0.95625 0.14722222222222223 0.08472222222222223
0 0.9125 0.9854166666666667 0.10277777777777777 0.02638888888888889
0 0.5638888888888889 0.5118055555555555 0.08194444444444444 0.08680555555555555
0 0.4986111111111111 0.8402777777777778 0.04236111111111111 0.04583333333333333
0 0.78125 0.7784722222222222 0.11597222222222223 0.09305555555555556
0 0.7083333333333334 0.6972222222222222 0.07222222222222222 0.043055555555555555
0 0.60625 0.5868055555555556 0.0375 0.03611111111111111
0 0.5909722222222222 0.7951388888888888 0.043055555555555555 0.04722222222222222
0 0.8395833333333333 0.875 0.041666666666666664 0.041666666666666664
0 0.8194444444444444 0.7958333333333333 0.04722222222222222 0.034027777777777775
0 0.8104166666666667 0.9895833333333334 0.05416666666666667 0.018055555555555554
0 0.7451388888888889 0.9888888888888889 0.05138888888888889 0.019444444444444445
0 0.9708333333333333 0.6326388888888889 0.05763888888888889 0.05
0 0.73125 0.6395833333333333 0.08125 0.07430555555555556