0 0.4215277777777778 0.11388888888888889 0.3125 0.22777777777777777
0 0.13958333333333334 0.11388888888888889 0.2791666666666667 0.22777777777777777
0 0.7555555555555555 0.11180555555555556 0.11041666666666666 0.1326388888888889
0 0.5965277777777778 0.13333333333333333 0.034722222222222224 0.08611111111111111
0 0.83125 0.12569444444444444 0.10833333333333334 0.12708333333333333
0 0.9243055555555556 0.08333333333333333 0.041666666666666664 0.06388888888888888
0 0.9541666666666667 0.18680555555555556 0.08888888888888889 0.08194444444444444
0 0.6736111111111112 0.1597222222222222 0.052083333333333336 0.06805555555555555
0 0.7805555555555556 0.19583333333333333 0.10555555555555556 0.06388888888888888
0 0.9631944444444445 0.0625 0.07083333333333333 0.12222222222222222
0 0.6576388888888889 0.04583333333333333 0.08680555555555555 0.07708333333333334
0 0.3 0.7833333333333333 0.08402777777777778 0.05555555555555555
0 0.2965277777777778 0.9048611111111111 0.09722222222222222 0.09652777777777778
0 0.22361111111111112 0.7715277777777778 0.07777777777777778 0.08888888888888889
0 0.13958333333333334 0.7368055555555556 0.07847222222222222 0.0763888888888889
0 0.2611111111111111 0.6319444444444444 0.06666666666666667 0.07916666666666666
0 0.017361111111111112 0.7368055555555556 0.034722222222222224 0.09027777777777778
0 0.3416666666666667 0.7034722222222223 0.08055555555555556 0.08541666666666667
0 0.46875 0.9027777777777778 0.09722222222222222 0.1423611111111111
0 0.5159722222222223 0.8451388888888889 0.05138888888888889 0.07083333333333333
0 0.4388888888888889 0.7763888888888889 0.07013888888888889 0.05486111111111111
0 0.35833333333333334 0.6111111111111112 0.08541666666666667 0.07361111111111111
0 0.3333333333333333 0.51875 0.06111111111111111 0.09513888888888888
0 0.43472222222222223 0.425 0.05555555555555555 0.0375
0 0.4826388888888889 0.5583333333333333 0.08125 0.06319444444444444
0 0.06597222222222222 0.6458333333333334 0.05694444444444444 0.06527777777777778
0 0.5402777777777777 0.6673611111111111 0.06875 0.06388888888888888
0 0.37430555555555556 0.7805555555555556 0.08194444444444444 0.07013888888888889
0 0.40694444444444444 0.9569444444444445 0.08333333333333333 0.08333333333333333
0 0.22013888888888888 0.8854166666666666 0.07361111111111111 0.06597222222222222
0 0.21180555555555555 0.2611111111111111 0.09166666666666666 0.03958333333333333
0 0.32569444444444445 0.64375 0.06944444444444445 0.06944444444444445
0 0.13472222222222222 0.6569444444444444 0.07916666666666666 0.07708333333333334
0 0.2569444444444444 0.8416666666666667 0.050694444444444445 0.058333333333333334
0 0.07708333333333334 0.8756944444444444 0.15416666666666667 0.24583333333333332
0 0.035416666666666666 0.9604166666666667 0.06805555555555555 0.0763888888888889
0 0.24722222222222223 0.9590277777777778 0.1111111111111111 0.07916666666666666
0 0.16597222222222222 0.47638888888888886 0.06527777777777778 0.059027777777777776
0 0.31666666666666665 0.8375 0.08541666666666667 0.06527777777777778
0 0.7888888888888889 0.6152777777777778 0.41944444444444445 0.5333333333333333
0 0.6541666666666667 0.8270833333333333 0.15 0.34305555555555556
0 0.825 0.9208333333333333 0.3472222222222222 0.15555555555555556
0 0.7833333333333333 0.3277777777777778 0.4083333333333333 0.19722222222222222