0 0.06805555555555555 0.1125 0.1361111111111111 0.225
0 0.5777777777777777 0.125 0.041666666666666664 0.25
0 0.1486111111111111 0.1388888888888889 0.275 0.2777777777777778
0 0.41875 0.175 0.3013888888888889 0.35
0 0.4826388888888889 0.3645833333333333 0.23194444444444445 0.3680555555555556
0 0.1798611111111111 0.38125 0.3597222222222222 0.3347222222222222
0 0.6659722222222222 0.07152777777777777 0.12013888888888889 0.10069444444444445
0 0.8277777777777777 0.03958333333333333 0.1638888888888889 0.07916666666666666
0 0.8027777777777778 0.07222222222222222 0.05138888888888889 0.029861111111111113
0 0.8166666666666667 0.017361111111111112 0.16111111111111112 0.034722222222222224
0 0.6555555555555556 0.15833333333333333 0.06666666666666667 0.06944444444444445
0 0.6131944444444445 0.16875 0.02638888888888889 0.09027777777777778
0 0.9409722222222222 0.32708333333333334 0.11527777777777778 0.3125
0 0.7763888888888889 0.4236111111111111 0.32916666666666666 0.2125
0 0.7916666666666666 0.2611111111111111 0.17847222222222223 0.11458333333333333
0 0.8416666666666667 0.15069444444444444 0.18819444444444444 0.07916666666666666
0 0.9756944444444444 0.1763888888888889 0.04583333333333333 0.11944444444444445
0 0.20069444444444445 0.9180555555555555 0.32916666666666666 0.16111111111111112
0 0.04652777777777778 0.8833333333333333 0.09305555555555556 0.23055555555555557
0 0.12430555555555556 0.6041666666666666 0.14583333333333334 0.10833333333333334
0 0.03125 0.6861111111111111 0.0625 0.2722222222222222
0 0.4222222222222222 0.7444444444444445 0.3527777777777778 0.3888888888888889
0 0.19444444444444445 0.7305555555555555 0.28888888888888886 0.3611111111111111
0 0.7993055555555556 0.7743055555555556 0.39861111111111114 0.4486111111111111
0 0.9256944444444445 0.8430555555555556 0.14583333333333334 0.3111111111111111