0 0.27569444444444446 0.4527777777777778 0.20416666666666666 0.3111111111111111
0 0.09861111111111111 0.525 0.19722222222222222 0.16666666666666666
0 0.2743055555555556 0.08055555555555556 0.20694444444444443 0.16111111111111112
0 0.33055555555555555 0.21597222222222223 0.09444444444444444 0.43194444444444446
0 0.1375 0.23194444444444445 0.275 0.45
0 0.6993055555555555 0.41180555555555554 0.2375 0.31666666666666665
0 0.8451388888888889 0.38125 0.30694444444444446 0.45416666666666666
0 0.6138888888888889 0.5347222222222222 0.21944444444444444 0.14722222222222223
0 0.5229166666666667 0.09583333333333334 0.2875 0.19166666666666668
0 0.7993055555555556 0.075 0.39861111111111114 0.15
0 0.5208333333333334 0.23541666666666666 0.2833333333333333 0.42916666666666664
0 0.18888888888888888 0.7888888888888889 0.37777777777777777 0.35833333333333334
0 0.6895833333333333 0.8041666666666667 0.6180555555555556 0.3888888888888889