0 0.46805555555555556 0.18958333333333333 0.11944444444444445 0.37916666666666665
0 0.21597222222222223 0.19027777777777777 0.3819444444444444 0.38055555555555554
0 0.22847222222222222 0.41805555555555557 0.4236111111111111 0.2388888888888889
0 0.45069444444444445 0.4583333333333333 0.15416666666666667 0.15833333333333333
0 0.3541666666666667 0.51875 0.21944444444444444 0.0375
0 0.9104166666666667 0.4270833333333333 0.03888888888888889 0.059722222222222225
0 0.7548611111111111 0.44513888888888886 0.05 0.07430555555555556
0 0.7263888888888889 0.46041666666666664 0.020833333333333332 0.027777777777777776
0 0.7291666666666666 0.3013888888888889 0.1125 0.09583333333333334
0 0.79375 0.525 0.030555555555555555 0.024305555555555556
0 0.80625 0.49444444444444446 0.0375 0.04027777777777778
0 0.6930555555555555 0.5166666666666667 0.08055555555555556 0.041666666666666664
0 0.7979166666666667 0.24097222222222223 0.04583333333333333 0.043055555555555555
0 0.7569444444444444 0.28125 0.11527777777777778 0.09375
0 0.5625 0.48055555555555557 0.06666666666666667 0.06944444444444445
0 0.6541666666666667 0.36736111111111114 0.07013888888888889 0.07916666666666666
0 0.9027777777777778 0.04236111111111111 0.052083333333333336 0.043055555555555555
0 0.9590277777777778 0.09861111111111111 0.07916666666666666 0.07777777777777778
0 0.8854166666666666 0.07291666666666667 0.06041666666666667 0.08263888888888889
0 0.9541666666666667 0.011111111111111112 0.05555555555555555 0.022222222222222223
0 0.6319444444444444 0.5104166666666666 0.09444444444444444 0.05416666666666667
0 0.7694444444444445 0.22708333333333333 0.044444444444444446 0.04513888888888889
0 0.8645833333333334 0.5076388888888889 0.08472222222222223 0.059722222222222225
0 0.8506944444444444 0.49236111111111114 0.06527777777777778 0.06736111111111111
0 0.73125 0.22569444444444445 0.059027777777777776 0.05277777777777778
0 0.9388888888888889 0.4895833333333333 0.04097222222222222 0.04583333333333333
0 0.8840277777777777 0.4638888888888889 0.07430555555555556 0.05347222222222222
0 0.6659722222222222 0.4326388888888889 0.05694444444444444 0.07777777777777778
0 0.5583333333333333 0.5097222222222222 0.058333333333333334 0.05555555555555555
0 0.7416666666666667 0.3770833333333333 0.04722222222222222 0.059722222222222225
0 0.6930555555555555 0.4791666666666667 0.06180555555555556 0.06597222222222222
0 0.9368055555555556 0.39791666666666664 0.035416666666666666 0.05138888888888889
0 0.9847222222222223 0.48125 0.027777777777777776 0.02638888888888889
0 0.9930555555555556 0.42291666666666666 0.011111111111111112 0.03194444444444444
0 0.9666666666666667 0.5083333333333333 0.022916666666666665 0.041666666666666664
0 0.9854166666666667 0.45208333333333334 0.02638888888888889 0.0375
0 0.3840277777777778 0.6875 0.1361111111111111 0.09027777777777778
0 0.06527777777777778 0.7347222222222223 0.10138888888888889 0.07083333333333333
0 0.27361111111111114 0.76875 0.05 0.09861111111111111
0 0.4701388888888889 0.5736111111111111 0.07361111111111111 0.06944444444444445
0 0.22916666666666666 0.6798611111111111 0.09583333333333334 0.08472222222222223
0 0.125 0.6819444444444445 0.07361111111111111 0.05
0 0.4583333333333333 0.85625 0.058333333333333334 0.1
0 0.3215277777777778 0.8326388888888889 0.08541666666666667 0.14097222222222222
0 0.06041666666666667 0.8 0.08472222222222223 0.0625
0 0.31805555555555554 0.6277777777777778 0.09097222222222222 0.15069444444444444
0 0.43125 0.7861111111111111 0.09791666666666667 0.09375
0 0.3597222222222222 0.7486111111111111 0.041666666666666664 0.05486111111111111
0 0.175 0.7472222222222222 0.1527777777777778 0.1875
0 0.1423611111111111 0.5979166666666667 0.11805555555555555 0.11805555555555555
0 0.24513888888888888 0.5798611111111112 0.24583333333333332 0.08194444444444444