0 0.04652777777777778 0.16805555555555557 0.09305555555555556 0.3333333333333333
0 0.5611111111111111 0.24305555555555555 0.21388888888888888 0.36944444444444446
0 0.37916666666666665 0.30833333333333335 0.19166666666666668 0.2388888888888889
0 0.18680555555555556 0.2638888888888889 0.22083333333333333 0.3277777777777778
0 0.058333333333333334 0.36180555555555555 0.11666666666666667 0.13194444444444445
0 0.38680555555555557 0.3993055555555556 0.3375 0.05694444444444444
0 0.34097222222222223 0.10138888888888889 0.4097222222222222 0.20277777777777778
0 0.08125 0.07152777777777777 0.1625 0.14305555555555555
0 0.9805555555555555 0.12708333333333333 0.03611111111111111 0.24305555555555555
0 0.9534722222222223 0.36527777777777776 0.09027777777777778 0.125
0 0.8270833333333333 0.27847222222222223 0.31527777777777777 0.2986111111111111
0 0.6888888888888889 0.28125 0.03888888888888889 0.13194444444444445
0 0.9486111111111111 0.3145833333333333 0.07083333333333333 0.13402777777777777
0 0.6979166666666666 0.15347222222222223 0.05694444444444444 0.12638888888888888
0 0.8020833333333334 0.07847222222222222 0.15694444444444444 0.15694444444444444
0 0.7118055555555556 0.014583333333333334 0.034722222222222224 0.029166666666666667
0 0.6798611111111111 0.07152777777777777 0.020833333333333332 0.0625
0 0.33055555555555555 0.7256944444444444 0.6611111111111111 0.5458333333333333
0 0.35 0.6423611111111112 0.6361111111111111 0.4263888888888889
0 0.7979166666666667 0.9347222222222222 0.2569444444444444 0.12777777777777777