0 0.17430555555555555 0.4027777777777778 0.26805555555555555 0.3111111111111111
0 0.04027777777777778 0.08125 0.08055555555555556 0.1625
0 0.18888888888888888 0.13819444444444445 0.2388888888888889 0.2763888888888889
0 0.08333333333333333 0.3388888888888889 0.16666666666666666 0.2722222222222222
0 0.5944444444444444 0.4479166666666667 0.2361111111111111 0.22083333333333333
0 0.7722222222222223 0.45902777777777776 0.175 0.1986111111111111
0 0.7930555555555555 0.14027777777777778 0.3472222222222222 0.28055555555555556
0 0.5666666666666667 0.24791666666666667 0.1986111111111111 0.39305555555555555
0 0.7270833333333333 0.2659722222222222 0.15486111111111112 0.19791666666666666
0 0.9118055555555555 0.2965277777777778 0.1736111111111111 0.5263888888888889
0 0.3861111111111111 0.3506944444444444 0.1527777777777778 0.4152777777777778
0 0.06180555555555556 0.6597222222222222 0.12361111111111112 0.2
0 0.20555555555555555 0.6673611111111111 0.20555555555555555 0.2152777777777778
0 0.21597222222222223 0.8666666666666667 0.18472222222222223 0.2638888888888889
0 0.08402777777777778 0.8430555555555556 0.16805555555555557 0.3111111111111111
0 0.8770833333333333 0.6618055555555555 0.24305555555555555 0.20416666666666666