0 0.44930555555555557 0.1798611111111111 0.1986111111111111 0.3597222222222222
0 0.17083333333333334 0.20416666666666666 0.3416666666666667 0.4083333333333333
0 0.19444444444444445 0.37916666666666665 0.21944444444444444 0.058333333333333334
0 0.3909722222222222 0.3729166666666667 0.21805555555555556 0.07083333333333333
0 0.34444444444444444 0.05694444444444444 0.2972222222222222 0.11388888888888889
0 0.8881944444444444 0.20416666666666666 0.22083333333333333 0.4083333333333333
0 0.6152777777777778 0.20902777777777778 0.13055555555555556 0.3486111111111111
0 0.75625 0.20902777777777778 0.25416666666666665 0.39861111111111114
0 0.8534722222222222 0.35555555555555557 0.2902777777777778 0.10555555555555556
0 0.10416666666666667 0.7395833333333334 0.17152777777777778 0.3013888888888889
0 0.7125 0.8979166666666667 0.325 0.2013888888888889
0 0.7326388888888888 0.45625 0.11805555555555555 0.09305555555555556
0 0.8777777777777778 0.5479166666666667 0.22777777777777777 0.2763888888888889
0 0.7138888888888889 0.7402777777777778 0.23819444444444443 0.36180555555555555
0 0.8993055555555556 0.7277777777777777 0.1986111111111111 0.5416666666666666