0 0.24097222222222223 0.3715277777777778 0.4152777777777778 0.2125
0 0.29375 0.015277777777777777 0.12361111111111112 0.030555555555555555
0 0.3819444444444444 0.09791666666666667 0.13333333333333333 0.19583333333333333
0 0.26180555555555557 0.13819444444444445 0.32083333333333336 0.2763888888888889
0 0.11458333333333333 0.22847222222222222 0.22916666666666666 0.3736111111111111
0 0.4111111111111111 0.24375 0.075 0.25972222222222224
0 0.7680555555555556 0.3763888888888889 0.04583333333333333 0.09444444444444444
0 0.98125 0.34375 0.034722222222222224 0.07083333333333333
0 0.5215277777777778 0.4652777777777778 0.12361111111111112 0.025
0 0.7486111111111111 0.15416666666666667 0.06875 0.08125
0 0.9201388888888888 0.29930555555555555 0.027083333333333334 0.03611111111111111
0 0.9506944444444444 0.32013888888888886 0.025694444444444443 0.03819444444444445
0 0.7930555555555555 0.4131944444444444 0.03819444444444445 0.04375
0 0.8840277777777777 0.3819444444444444 0.022916666666666665 0.029166666666666667
0 0.90625 0.3784722222222222 0.03611111111111111 0.03333333333333333
0 0.6 0.45 0.030555555555555555 0.05555555555555555
0 0.4736111111111111 0.3541666666666667 0.04722222222222222 0.11388888888888889
0 0.5659722222222222 0.39652777777777776 0.08333333333333333 0.09861111111111111
0 0.5493055555555556 0.34097222222222223 0.05763888888888889 0.052083333333333336
0 0.8159722222222222 0.25625 0.16527777777777777 0.11180555555555556
0 0.6895833333333333 0.42569444444444443 0.13194444444444445 0.10416666666666667
0 0.8652777777777778 0.4340277777777778 0.12222222222222222 0.0875
0 0.5368055555555555 0.42986111111111114 0.10416666666666667 0.09583333333333334
0 0.9729166666666667 0.46458333333333335 0.05138888888888889 0.02638888888888889
0 0.4798611111111111 0.18125 0.05347222222222222 0.06388888888888888
0 0.1527777777777778 0.9319444444444445 0.2638888888888889 0.13333333333333333
0 0.175 0.6986111111111111 0.12916666666666668 0.12708333333333333
0 0.06388888888888888 0.7840277777777778 0.12777777777777777 0.41805555555555557
0 0.2625 0.8097222222222222 0.08888888888888889 0.10625
0 0.2298611111111111 0.5048611111111111 0.19305555555555556 0.05138888888888889
0 0.3347222222222222 0.7583333333333333 0.22777777777777777 0.48055555555555557
0 0.7020833333333333 0.9791666666666666 0.24027777777777778 0.03888888888888889
0 0.7368055555555556 0.5104166666666666 0.2152777777777778 0.0625
0 0.9125 0.5402777777777777 0.17222222222222222 0.12222222222222222
0 0.7277777777777777 0.66875 0.22152777777777777 0.27708333333333335
0 0.5423611111111111 0.6743055555555556 0.12708333333333333 0.19027777777777777
0 0.6701388888888888 0.8277777777777777 0.21319444444444444 0.30625
0 0.8972222222222223 0.7444444444444445 0.20277777777777778 0.5083333333333333