0 0.24375 0.3763888888888889 0.4875 0.30277777777777776
0 0.39652777777777776 0.10277777777777777 0.18194444444444444 0.20555555555555555
0 0.2701388888888889 0.1625 0.23472222222222222 0.325
0 0.1361111111111111 0.22291666666666668 0.2722222222222222 0.44583333333333336
0 0.44583333333333336 0.23333333333333334 0.08333333333333333 0.30833333333333335
0 0.5875 0.25069444444444444 0.19722222222222222 0.5013888888888889
0 0.7756944444444445 0.2638888888888889 0.44583333333333336 0.5277777777777778
0 0.33125 0.9 0.07083333333333333 0.09444444444444444
0 0.4027777777777778 0.8784722222222222 0.08055555555555556 0.07847222222222222
0 0.3798611111111111 0.9458333333333333 0.06597222222222222 0.07847222222222222
0 0.45902777777777776 0.9902777777777778 0.02638888888888889 0.016666666666666666
0 0.03263888888888889 0.9527777777777777 0.06527777777777778 0.09166666666666666
0 0.1125 0.9409722222222222 0.04513888888888889 0.059027777777777776
0 0.15 0.9027777777777778 0.11527777777777778 0.1326388888888889
0 0.20208333333333334 0.8868055555555555 0.05486111111111111 0.052083333333333336
0 0.15625 0.8243055555555555 0.0875 0.06458333333333334
0 0.08958333333333333 0.8284722222222223 0.05138888888888889 0.05555555555555555
0 0.08125 0.96875 0.0375 0.059722222222222225
0 0.02361111111111111 0.8722222222222222 0.04652777777777778 0.049305555555555554
0 0.39652777777777776 0.9861111111111112 0.07083333333333333 0.025
0 0.6729166666666667 0.6298611111111111 0.11805555555555555 0.10486111111111111
0 0.9416666666666667 0.7159722222222222 0.11388888888888889 0.2375
0 0.9375 0.8590277777777777 0.07916666666666666 0.10972222222222222
0 0.7777777777777778 0.6034722222222222 0.1076388888888889 0.11180555555555556
0 0.7826388888888889 0.9680555555555556 0.10416666666666667 0.06111111111111111
0 0.5944444444444444 0.7145833333333333 0.14583333333333334 0.13333333333333333
0 0.6069444444444444 0.7548611111111111 0.10069444444444445 0.09583333333333334
0 0.74375 0.9465277777777777 0.11527777777777778 0.10416666666666667
0 0.7583333333333333 0.6277777777777778 0.0763888888888889 0.06458333333333334
0 0.9673611111111111 0.9277777777777778 0.034722222222222224 0.03194444444444444
0 0.9020833333333333 0.6604166666666667 0.12361111111111112 0.09930555555555555
0 0.7854166666666667 0.5479166666666667 0.04027777777777778 0.0375
0 0.5347222222222222 0.6090277777777777 0.041666666666666664 0.041666666666666664
0 0.5145833333333333 0.5381944444444444 0.04861111111111111 0.018055555555555554
0 0.5104166666666666 0.7409722222222223 0.043055555555555555 0.05416666666666667