0 0.4166666666666667 0.10347222222222222 0.12222222222222222 0.20694444444444443
0 0.2708333333333333 0.1673611111111111 0.2722222222222222 0.3347222222222222
0 0.16805555555555557 0.17916666666666667 0.33611111111111114 0.35833333333333334
0 0.41041666666666665 0.24097222222222223 0.13472222222222222 0.23472222222222222
0 0.8777777777777778 0.17569444444444443 0.10902777777777778 0.07291666666666667
0 0.5152777777777777 0.23402777777777778 0.04652777777777778 0.044444444444444446
0 0.9631944444444445 0.19652777777777777 0.07083333333333333 0.0625
0 0.54375 0.06111111111111111 0.06805555555555555 0.06944444444444445
0 0.7763888888888889 0.050694444444444445 0.03958333333333333 0.06111111111111111
0 0.9236111111111112 0.33958333333333335 0.09166666666666666 0.0375
0 0.9729166666666667 0.1388888888888889 0.049305555555555554 0.05694444444444444
0 0.4979166666666667 0.05 0.03333333333333333 0.043055555555555555
0 0.5319444444444444 0.3486111111111111 0.041666666666666664 0.019444444444444445
0 0.7263888888888889 0.18611111111111112 0.03680555555555556 0.06180555555555556
0 0.5027777777777778 0.18472222222222223 0.04722222222222222 0.09444444444444444
0 0.7763888888888889 0.3013888888888889 0.24722222222222223 0.11388888888888889
0 0.9069444444444444 0.2638888888888889 0.18333333333333332 0.11666666666666667
0 0.9333333333333333 0.06805555555555555 0.13055555555555556 0.1361111111111111
0 0.8173611111111111 0.12986111111111112 0.06805555555555555 0.07708333333333334
0 0.4861111111111111 0.06805555555555555 0.013888888888888888 0.06388888888888888
0 0.16041666666666668 0.46458333333333335 0.10277777777777777 0.11458333333333333
0 0.30277777777777776 0.8534722222222222 0.2048611111111111 0.23055555555555557
0 0.05277777777777778 0.60625 0.10555555555555556 0.14583333333333334
0 0.23958333333333334 0.7 0.07777777777777778 0.06805555555555555
0 0.32222222222222224 0.5013888888888889 0.1111111111111111 0.1388888888888889
0 0.08055555555555556 0.6965277777777777 0.09513888888888888 0.07916666666666666
0 0.07013888888888889 0.8194444444444444 0.14027777777777778 0.275
0 0.14791666666666667 0.3701388888888889 0.05694444444444444 0.020833333333333332
0 0.36736111111111114 0.6708333333333333 0.18055555555555555 0.2298611111111111
0 0.049305555555555554 0.5034722222222222 0.09861111111111111 0.11527777777777778
0 0.4111111111111111 0.5180555555555556 0.13333333333333333 0.08888888888888889
0 0.22847222222222222 0.7791666666666667 0.10625 0.07152777777777777
0 0.20972222222222223 0.4076388888888889 0.1527777777777778 0.09583333333333334
0 0.4152777777777778 0.42430555555555555 0.125 0.12916666666666668
0 0.44930555555555557 0.47430555555555554 0.05694444444444444 0.07083333333333333
0 0.5625 0.5923611111111111 0.16666666666666666 0.22083333333333333
0 0.9423611111111111 0.7104166666666667 0.1125 0.3013888888888889
0 0.8416666666666667 0.7756944444444445 0.0763888888888889 0.09930555555555555
0 0.7166666666666667 0.9645833333333333 0.13055555555555556 0.06805555555555555
0 0.8875 0.9638888888888889 0.2222222222222222 0.06944444444444445
0 0.7652777777777777 0.75625 0.08125 0.1076388888888889
0 0.6006944444444444 0.8201388888888889 0.24305555555555555 0.25972222222222224
0 0.5381944444444444 0.8076388888888889 0.11805555555555555 0.3819444444444444