0 0.13333333333333333 0.04027777777777778 0.12222222222222222 0.08055555555555556
0 0.3229166666666667 0.07916666666666666 0.30972222222222223 0.15833333333333333
0 0.04861111111111111 0.1638888888888889 0.09722222222222222 0.3277777777777778
0 0.15138888888888888 0.20069444444444445 0.30277777777777776 0.25416666666666665
0 0.3770833333333333 0.24166666666666667 0.2013888888888889 0.17222222222222222
0 0.5118055555555555 0.26666666666666666 0.06527777777777778 0.12222222222222222
0 0.7715277777777778 0.16319444444444445 0.2361111111111111 0.11180555555555556
0 0.725 0.008333333333333333 0.10277777777777777 0.016666666666666666
0 0.6020833333333333 0.12777777777777777 0.17430555555555555 0.10138888888888889
0 0.6451388888888889 0.2298611111111111 0.2222222222222222 0.14930555555555555
0 0.96875 0.2916666666666667 0.059722222222222225 0.07222222222222222
0 0.8333333333333334 0.26180555555555557 0.21944444444444444 0.13194444444444445
0 0.5666666666666667 0.041666666666666664 0.12222222222222222 0.08333333333333333
0 0.5465277777777777 0.30486111111111114 0.13472222222222222 0.04583333333333333
0 0.9138888888888889 0.12569444444444444 0.16944444444444445 0.1625
0 0.8326388888888889 0.06875 0.07847222222222222 0.10277777777777777
0 0.31180555555555556 0.8909722222222223 0.33194444444444443 0.2152777777777778
0 0.16875 0.6638888888888889 0.3375 0.6694444444444444
0 0.3958333333333333 0.6291666666666667 0.1638888888888889 0.39166666666666666
0 0.5131944444444444 0.9263888888888889 0.06805555555555555 0.14444444444444443
0 0.6152777777777778 0.4041666666666667 0.2722222222222222 0.15
0 0.7215277777777778 0.8041666666666667 0.12986111111111112 0.21388888888888888
0 0.8104166666666667 0.9534722222222223 0.3458333333333333 0.09027777777777778
0 0.7493055555555556 0.54375 0.10138888888888889 0.17430555555555555
0 0.5270833333333333 0.7013888888888888 0.09583333333333334 0.5166666666666667
0 0.8736111111111111 0.9736111111111111 0.06111111111111111 0.05
0 0.6284722222222222 0.5375 0.15833333333333333 0.23125
0 0.5763888888888888 0.7958333333333333 0.08472222222222223 0.0875
0 0.9472222222222222 0.94375 0.10277777777777777 0.10972222222222222
0 0.94375 0.8041666666666667 0.07430555555555556 0.06111111111111111
0 0.8284722222222223 0.7569444444444444 0.06527777777777778 0.08472222222222223
0 0.9097222222222222 0.6333333333333333 0.17777777777777778 0.21388888888888888
0 0.65 0.6243055555555556 0.1486111111111111 0.12777777777777777
0 0.8861111111111111 0.4354166666666667 0.225 0.2125
0 0.9729166666666667 0.8715277777777778 0.05138888888888889 0.09305555555555556
0 0.6319444444444444 0.7013888888888888 0.11875 0.13333333333333333