0 0.1736111111111111 0.25555555555555554 0.3472222222222222 0.34444444444444444
0 0.16597222222222222 0.04097222222222222 0.33194444444444443 0.08194444444444444
0 0.041666666666666664 0.09930555555555555 0.08333333333333333 0.1986111111111111
0 0.41388888888888886 0.18958333333333333 0.13055555555555556 0.2791666666666667
0 0.8944444444444445 0.21875 0.20833333333333334 0.4375
0 0.6208333333333333 0.21875 0.4861111111111111 0.4375
0 0.2972222222222222 0.8118055555555556 0.1 0.24305555555555555
0 0.05694444444444444 0.6076388888888888 0.11388888888888889 0.3375
0 0.10625 0.9270833333333334 0.2125 0.14305555555555555
0 0.2263888888888889 0.5631944444444444 0.2222222222222222 0.24861111111111112
0 0.33611111111111114 0.5368055555555555 0.022222222222222223 0.19583333333333333
0 0.08888888888888889 0.48333333333333334 0.11388888888888889 0.08888888888888889
0 0.8097222222222222 0.8631944444444445 0.37777777777777777 0.2708333333333333
0 0.9402777777777778 0.5618055555555556 0.11666666666666667 0.24583333333333332
0 0.7 0.5902777777777778 0.33611111111111114 0.30277777777777776
0 0.9354166666666667 0.7402777777777778 0.12638888888888888 0.35
0 0.8840277777777777 0.7458333333333333 0.06458333333333334 0.18194444444444444