0 0.22847222222222222 0.4152777777777778 0.43472222222222223 0.16666666666666666
0 0.3680555555555556 0.07013888888888889 0.2722222222222222 0.14027777777777778
0 0.05694444444444444 0.08680555555555555 0.11388888888888889 0.1736111111111111
0 0.16944444444444445 0.17430555555555555 0.3388888888888889 0.3125
0 0.41388888888888886 0.29305555555555557 0.18888888888888888 0.34444444444444444
0 0.05 0.2972222222222222 0.1 0.28888888888888886
0 0.8013888888888889 0.4131944444444444 0.1388888888888889 0.1673611111111111
0 0.8520833333333333 0.08472222222222223 0.03958333333333333 0.04097222222222222
0 0.7381944444444445 0.45694444444444443 0.11527777777777778 0.08333333333333333
0 0.9722222222222222 0.38680555555555557 0.050694444444444445 0.04236111111111111
0 0.9368055555555556 0.3472222222222222 0.052083333333333336 0.05416666666666667
0 0.5916666666666667 0.19791666666666666 0.03611111111111111 0.030555555555555555
0 0.6340277777777777 0.20347222222222222 0.05486111111111111 0.04583333333333333
0 0.6506944444444445 0.3611111111111111 0.09444444444444444 0.07708333333333334
0 0.5479166666666667 0.4166666666666667 0.04652777777777778 0.07083333333333333
0 0.5361111111111111 0.3402777777777778 0.05277777777777778 0.075
0 0.5263888888888889 0.37569444444444444 0.03333333333333333 0.05416666666666667
0 0.5881944444444445 0.3333333333333333 0.04861111111111111 0.059722222222222225
0 0.6916666666666667 0.4173611111111111 0.08125 0.04861111111111111
0 0.6069444444444444 0.4375 0.09861111111111111 0.11388888888888889
0 0.9 0.4048611111111111 0.12569444444444444 0.09375
0 0.9340277777777778 0.2722222222222222 0.044444444444444446 0.06388888888888888
0 0.7395833333333334 0.20972222222222223 0.05763888888888889 0.06388888888888888
0 0.7048611111111112 0.1673611111111111 0.04236111111111111 0.04375
0 0.89375 0.09097222222222222 0.05 0.04027777777777778
0 0.9208333333333333 0.11666666666666667 0.03819444444444445 0.041666666666666664
0 0.8847222222222222 0.12361111111111112 0.034722222222222224 0.02638888888888889
0 0.875 0.05763888888888889 0.04375 0.05555555555555555
0 0.0763888888888889 0.9590277777777778 0.1527777777777778 0.07916666666666666
0 0.11666666666666667 0.7479166666666667 0.06527777777777778 0.06180555555555556
0 0.02361111111111111 0.6152777777777778 0.04722222222222222 0.07222222222222222
0 0.07152777777777777 0.6708333333333333 0.10972222222222222 0.12777777777777777
0 0.01597222222222222 0.5375 0.03194444444444444 0.044444444444444446
0 0.2722222222222222 0.9013888888888889 0.13194444444444445 0.1638888888888889
0 0.09027777777777778 0.8472222222222222 0.1388888888888889 0.14375
0 0.42916666666666664 0.8097222222222222 0.15833333333333333 0.26944444444444443
0 0.22708333333333333 0.6444444444444445 0.16180555555555556 0.11666666666666667
0 0.1597222222222222 0.5847222222222223 0.05 0.05
0 0.10347222222222222 0.5416666666666666 0.05555555555555555 0.05
0 0.015277777777777777 0.7430555555555556 0.030555555555555555 0.11666666666666667
0 0.22361111111111112 0.7958333333333333 0.06180555555555556 0.043055555555555555
0 0.3416666666666667 0.6083333333333333 0.3333333333333333 0.21666666666666667
0 0.7055555555555556 0.6444444444444445 0.21944444444444444 0.28888888888888886
0 0.8895833333333333 0.6888888888888889 0.21805555555555556 0.37777777777777777
0 0.8368055555555556 0.7680555555555556 0.04861111111111111 0.08333333333333333
0 0.7826388888888889 0.84375 0.21875 0.21597222222222223