0 0.20347222222222222 0.2701388888888889 0.38819444444444445 0.29930555555555555
0 0.019444444444444445 0.32083333333333336 0.03888888888888889 0.24722222222222223
0 0.40069444444444446 0.4965277777777778 0.19583333333333333 0.24305555555555555
0 0.04722222222222222 0.5208333333333334 0.09444444444444444 0.19444444444444445
0 0.3125 0.5979166666666667 0.26666666666666666 0.04027777777777778
0 0.18333333333333332 0.06944444444444445 0.28888888888888886 0.1388888888888889
0 0.025694444444444443 0.1125 0.05138888888888889 0.225
0 0.4173611111111111 0.1763888888888889 0.1625 0.3527777777777778
0 0.8715277777777778 0.2833333333333333 0.25416666666666665 0.5666666666666667
0 0.10347222222222222 0.9145833333333333 0.20694444444444443 0.16805555555555557
0 0.29097222222222224 0.7708333333333334 0.4152777777777778 0.30277777777777776
0 0.12916666666666668 0.7611111111111111 0.25833333333333336 0.2833333333333333
0 0.65625 0.7506944444444444 0.1423611111111111 0.09305555555555556
0 0.7583333333333333 0.7555555555555555 0.05 0.06319444444444444
0 0.6722222222222223 0.6840277777777778 0.05138888888888889 0.06111111111111111
0 0.7465277777777778 0.7104166666666667 0.034027777777777775 0.034722222222222224
0 0.7340277777777777 0.9090277777777778 0.0763888888888889 0.06111111111111111
0 0.975 0.8270833333333333 0.04722222222222222 0.1736111111111111
0 0.5902777777777778 0.8583333333333333 0.07430555555555556 0.058333333333333334
0 0.8354166666666667 0.8 0.04652777777777778 0.04791666666666667
0 0.53125 0.8659722222222223 0.0625 0.08472222222222223
0 0.5333333333333333 0.9215277777777777 0.06666666666666667 0.09861111111111111
0 0.5958333333333333 0.9111111111111111 0.08402777777777778 0.07708333333333334
0 0.9263888888888889 0.6444444444444445 0.06111111111111111 0.05
0 0.96875 0.6701388888888888 0.059722222222222225 0.10138888888888889
0 0.8145833333333333 0.9055555555555556 0.08055555555555556 0.06527777777777778
0 0.8222222222222222 0.7104166666666667 0.059027777777777776 0.05
0 0.8763888888888889 0.7618055555555555 0.059722222222222225 0.06111111111111111
0 0.7395833333333334 0.8263888888888888 0.052083333333333336 0.050694444444444445
0 0.6625 0.8395833333333333 0.0875 0.11875
0 0.5909722222222222 0.9631944444444445 0.10694444444444444 0.07083333333333333
0 0.9097222222222222 0.9138888888888889 0.11944444444444445 0.16944444444444445
0 0.7902777777777777 0.9673611111111111 0.18888888888888888 0.0625