0 0.15902777777777777 0.37083333333333335 0.31805555555555554 0.39444444444444443
0 0.2111111111111111 0.10138888888888889 0.21388888888888888 0.20277777777777778
0 0.07569444444444444 0.22708333333333333 0.15138888888888888 0.3597222222222222
0 0.4486111111111111 0.10347222222222222 0.25833333333333336 0.20694444444444443
0 0.9479166666666666 0.15833333333333333 0.10138888888888889 0.31666666666666665
0 0.6972222222222222 0.28402777777777777 0.4444444444444444 0.5680555555555555
0 0.39375 0.3638888888888889 0.1486111111111111 0.4083333333333333
0 0.9340277777777778 0.42916666666666664 0.12916666666666668 0.2777777777777778
0 0.7402777777777778 0.46111111111111114 0.2833333333333333 0.21388888888888888
0 0.19375 0.8534722222222222 0.24861111111111112 0.2902777777777778
0 0.15902777777777777 0.7840277777777778 0.31805555555555554 0.42916666666666664
0 0.28888888888888886 0.6451388888888889 0.058333333333333334 0.15138888888888888
0 0.8361111111111111 0.9152777777777777 0.28055555555555556 0.16666666666666666
0 0.5652777777777778 0.8902777777777777 0.49166666666666664 0.21666666666666667
0 0.6590277777777778 0.7840277777777778 0.6791666666666667 0.42916666666666664