0 0.5118055555555555 0.225 0.23472222222222222 0.2923611111111111
0 0.07569444444444444 0.38958333333333334 0.15138888888888888 0.1875
0 0.49444444444444446 0.4388888888888889 0.2861111111111111 0.19722222222222222
0 0.08819444444444445 0.4840277777777778 0.1763888888888889 0.10694444444444444
0 0.51875 0.07430555555555556 0.2375 0.1486111111111111
0 0.11597222222222223 0.15208333333333332 0.20972222222222223 0.30416666666666664
0 0.2986111111111111 0.2604166666666667 0.23055555555555557 0.5208333333333334
0 0.8611111111111112 0.4263888888888889 0.24722222222222223 0.2222222222222222
0 0.6527777777777778 0.049305555555555554 0.027777777777777776 0.09861111111111111
0 0.7006944444444444 0.1625 0.08125 0.15
0 0.6916666666666667 0.48541666666666666 0.10555555555555556 0.10416666666666667
0 0.6576388888888889 0.1625 0.0375 0.14444444444444443
0 0.9486111111111111 0.35 0.1 0.18055555555555555
0 0.7180555555555556 0.03333333333333333 0.14444444444444443 0.06666666666666667
0 0.7777777777777778 0.25069444444444444 0.2777777777777778 0.38472222222222224
0 0.9583333333333334 0.1798611111111111 0.07222222222222222 0.1
0 0.31875 0.6270833333333333 0.6375 0.1763888888888889
0 0.2048611111111111 0.76875 0.4097222222222222 0.4597222222222222
0 0.5097222222222222 0.9361111111111111 0.25555555555555554 0.125
0 0.7881944444444444 0.7472222222222222 0.2986111111111111 0.4166666666666667
0 0.81875 0.8298611111111112 0.3597222222222222 0.3375