0 0.09305555555555556 0.09166666666666666 0.18611111111111112 0.18333333333333332
0 0.1736111111111111 0.2048611111111111 0.3472222222222222 0.3875
0 0.2673611111111111 0.39166666666666666 0.1597222222222222 0.25277777777777777
0 0.12361111111111112 0.43194444444444446 0.24722222222222223 0.17222222222222222
0 0.42291666666666666 0.2590277777777778 0.1486111111111111 0.22361111111111112
0 0.5006944444444444 0.12569444444444444 0.20555555555555555 0.20347222222222222
0 0.8652777777777778 0.3506944444444444 0.26666666666666666 0.30972222222222223
0 0.5895833333333333 0.43125 0.48194444444444445 0.1736111111111111
0 0.17291666666666666 0.6006944444444444 0.3458333333333333 0.1625
0 0.3145833333333333 0.8201388888888889 0.06527777777777778 0.31527777777777777
0 0.15208333333333332 0.8083333333333333 0.30416666666666664 0.38055555555555554
0 0.6138888888888889 0.7590277777777777 0.475 0.4791666666666667
0 0.44722222222222224 0.6465277777777778 0.19722222222222222 0.25416666666666665