0 0.30833333333333335 0.09375 0.375 0.1875
0 0.06527777777777778 0.12638888888888888 0.13055555555555556 0.25277777777777777
0 0.32222222222222224 0.21319444444444444 0.39166666666666666 0.4263888888888889
0 0.06736111111111111 0.29583333333333334 0.13472222222222222 0.2111111111111111
0 0.0625 0.40069444444444446 0.125 0.11527777777777778
0 0.3013888888888889 0.4131944444444444 0.43333333333333335 0.09027777777777778
0 0.8736111111111111 0.22916666666666666 0.25 0.4583333333333333
0 0.5583333333333333 0.04375 0.07777777777777778 0.0875
0 0.6319444444444444 0.24722222222222223 0.225 0.2388888888888889
0 0.7618055555555555 0.04513888888888889 0.3375 0.09027777777777778
0 0.2902777777777778 0.8340277777777778 0.24722222222222223 0.32916666666666666
0 0.4097222222222222 0.8743055555555556 0.21666666666666667 0.24861111111111112
0 0.16805555555555557 0.5708333333333333 0.225 0.2222222222222222
0 0.39652777777777776 0.6222222222222222 0.24305555555555555 0.325
0 0.08194444444444444 0.6618055555555555 0.1638888888888889 0.4041666666666667
0 0.09583333333333334 0.8201388888888889 0.19166666666666668 0.35694444444444445
0 0.6590277777777778 0.7291666666666666 0.2791666666666667 0.5388888888888889
0 0.94375 0.7506944444444444 0.10972222222222222 0.4041666666666667
0 0.8597222222222223 0.7965277777777777 0.25833333333333336 0.4041666666666667
0 0.8791666666666667 0.5729166666666666 0.2388888888888889 0.2263888888888889