0 0.03888888888888889 0.4131944444444444 0.07777777777777778 0.22916666666666666
0 0.3173611111111111 0.059722222222222225 0.2847222222222222 0.11944444444444445
0 0.4 0.09305555555555556 0.14166666666666666 0.18611111111111112
0 0.08958333333333333 0.14930555555555555 0.17916666666666667 0.2986111111111111
0 0.46805555555555556 0.2590277777777778 0.06111111111111111 0.4597222222222222
0 0.15763888888888888 0.3215277777777778 0.20694444444444443 0.4125
0 0.3375 0.3277777777777778 0.22777777777777777 0.4
0 0.6423611111111112 0.3236111111111111 0.21041666666666667 0.2902777777777778
0 0.9493055555555555 0.33194444444444443 0.09861111111111111 0.25
0 0.5277777777777778 0.33958333333333335 0.05555555555555555 0.3125
0 0.7479166666666667 0.40555555555555556 0.3375 0.24444444444444444
0 0.5770833333333333 0.09652777777777778 0.15416666666666667 0.19305555555555556
0 0.7513888888888889 0.16527777777777777 0.2861111111111111 0.33055555555555555
0 0.9208333333333333 0.12777777777777777 0.15555555555555556 0.25555555555555554
0 0.4111111111111111 0.9854166666666667 0.05555555555555555 0.02638888888888889
0 0.4465277777777778 0.9861111111111112 0.07083333333333333 0.025
0 0.08402777777777778 0.9729166666666667 0.09583333333333334 0.05138888888888889
0 0.03194444444444444 0.9520833333333333 0.06388888888888888 0.08472222222222223
0 0.08263888888888889 0.90625 0.07083333333333333 0.07708333333333334
0 0.1673611111111111 0.9541666666666667 0.0875 0.08888888888888889
0 0.22083333333333333 0.9715277777777778 0.035416666666666666 0.05555555555555555
0 0.25 0.9430555555555555 0.0375 0.06458333333333334
0 0.3368055555555556 0.8819444444444444 0.05138888888888889 0.04791666666666667
0 0.46458333333333335 0.8875 0.06805555555555555 0.08888888888888889
0 0.4888888888888889 0.9277777777777778 0.019444444444444445 0.07222222222222222
0 0.2916666666666667 0.8263888888888888 0.07361111111111111 0.05416666666666667
0 0.28680555555555554 0.8986111111111111 0.11319444444444444 0.12083333333333333
0 0.22569444444444445 0.8340277777777778 0.049305555555555554 0.06319444444444444
0 0.03333333333333333 0.8791666666666667 0.04861111111111111 0.059027777777777776
0 0.7979166666666667 0.7444444444444445 0.07916666666666666 0.07291666666666667
0 0.5555555555555556 0.6736111111111112 0.08125 0.05416666666666667
0 0.7243055555555555 0.8756944444444444 0.31805555555555554 0.24583333333333332
0 0.8034722222222223 0.8493055555555555 0.15833333333333333 0.19166666666666668
0 0.9034722222222222 0.5777777777777777 0.15138888888888888 0.09722222222222222
0 0.7131944444444445 0.7229166666666667 0.15347222222222223 0.10347222222222222
0 0.5652777777777778 0.7388888888888889 0.13055555555555556 0.10277777777777777
0 0.63125 0.6902777777777778 0.06736111111111111 0.06875
0 0.5347222222222222 0.8847222222222222 0.06944444444444445 0.10833333333333334
0 0.6805555555555556 0.9805555555555555 0.14444444444444443 0.03611111111111111
0 0.5347222222222222 0.9777777777777777 0.06944444444444445 0.041666666666666664
0 0.8340277777777778 0.9763888888888889 0.10972222222222222 0.044444444444444446
0 0.9388888888888889 0.9548611111111112 0.11388888888888889 0.0875
0 0.78125 0.61875 0.09375 0.175
0 0.56875 0.6340277777777777 0.043055555555555555 0.0375
0 0.6305555555555555 0.6506944444444445 0.08819444444444445 0.06597222222222222
0 0.5270833333333333 0.6083333333333333 0.05416666666666667 0.08333333333333333
0 0.9402777777777778 0.8909722222222223 0.11666666666666667 0.12083333333333333