0 0.2881944444444444 0.18472222222222223 0.3611111111111111 0.30833333333333335
0 0.05694444444444444 0.2048611111111111 0.11388888888888889 0.39305555555555555
0 0.35 0.28194444444444444 0.475 0.25277777777777777
0 0.14097222222222222 0.04861111111111111 0.21805555555555556 0.09722222222222222
0 0.48680555555555555 0.10277777777777777 0.2013888888888889 0.20555555555555555
0 0.9597222222222223 0.1076388888888889 0.07777777777777778 0.08194444444444444
0 0.7076388888888889 0.2125 0.15833333333333333 0.13958333333333334
0 0.6236111111111111 0.08611111111111111 0.03611111111111111 0.06805555555555555
0 0.7798611111111111 0.050694444444444445 0.08958333333333333 0.059722222222222225
0 0.6118055555555556 0.24513888888888888 0.03125 0.04375
0 0.6256944444444444 0.2125 0.034027777777777775 0.04375
0 0.9826388888888888 0.18125 0.03194444444444444 0.05138888888888889
0 0.6986111111111111 0.2881944444444444 0.10208333333333333 0.13333333333333333
0 0.6222222222222222 0.33541666666666664 0.06666666666666667 0.0763888888888889
0 0.9590277777777778 0.0375 0.05416666666666667 0.075
0 0.7993055555555556 0.2875 0.10347222222222222 0.11597222222222223
0 0.7319444444444444 0.03125 0.075 0.0625
0 0.8465277777777778 0.34791666666666665 0.1486111111111111 0.12083333333333333
0 0.7805555555555556 0.19375 0.1125 0.06875
0 0.7923611111111111 0.13194444444444445 0.08333333333333333 0.07083333333333333
0 0.8951388888888889 0.17430555555555555 0.06458333333333334 0.035416666666666666
0 0.9423611111111111 0.1875 0.03888888888888889 0.03958333333333333
0 0.8930555555555556 0.22569444444444445 0.03958333333333333 0.034722222222222224
0 0.7451388888888889 0.37222222222222223 0.08194444444444444 0.07222222222222222
0 0.7513888888888889 0.0875 0.10277777777777777 0.06805555555555555
0 0.6638888888888889 0.0625 0.06944444444444445 0.07152777777777777
0 0.6881944444444444 0.14583333333333334 0.11597222222222223 0.09722222222222222
0 0.6138888888888889 0.016666666666666666 0.05 0.03333333333333333
0 0.6166666666666667 0.17430555555555555 0.05555555555555555 0.10138888888888889
0 0.18125 0.8208333333333333 0.3625 0.35555555555555557
0 0.013888888888888888 0.8708333333333333 0.027777777777777776 0.13333333333333333
0 0.46458333333333335 0.8451388888888889 0.24583333333333332 0.30694444444444446
0 0.12777777777777777 0.9659722222222222 0.25555555555555554 0.06527777777777778
0 0.4527777777777778 0.5590277777777778 0.26944444444444443 0.2986111111111111
0 0.28125 0.5472222222222223 0.1763888888888889 0.275
0 0.11944444444444445 0.5472222222222223 0.2388888888888889 0.275
0 0.925 0.9604166666666667 0.04513888888888889 0.06597222222222222
0 0.9694444444444444 0.8944444444444445 0.04236111111111111 0.034027777777777775
0 0.8104166666666667 0.9555555555555556 0.04513888888888889 0.06388888888888888
0 0.7006944444444444 0.6979166666666666 0.06736111111111111 0.09305555555555556
0 0.84375 0.9819444444444444 0.0625 0.03333333333333333
0 0.8305555555555556 0.49444444444444446 0.13680555555555557 0.14027777777777778
0 0.8736111111111111 0.94375 0.05347222222222222 0.06111111111111111
0 0.7881944444444444 0.7361111111111112 0.015277777777777777 0.02013888888888889
0 0.7229166666666667 0.46597222222222223 0.0763888888888889 0.06527777777777778
0 0.9236111111111112 0.8555555555555555 0.06388888888888888 0.08402777777777778
0 0.7819444444444444 0.7236111111111111 0.07847222222222222 0.059722222222222225
0 0.6791666666666667 0.6104166666666667 0.07708333333333334 0.07708333333333334
0 0.9229166666666667 0.9201388888888888 0.04652777777777778 0.03958333333333333
0 0.9854166666666667 0.8798611111111111 0.02638888888888889 0.03194444444444444
0 0.9333333333333333 0.9902777777777778 0.08055555555555556 0.016666666666666666
0 0.6826388888888889 0.9854166666666667 0.1875 0.02638888888888889