0 0.51875 0.17847222222222223 0.17916666666666667 0.35694444444444445
0 0.3194444444444444 0.2361111111111111 0.19166666666666668 0.38333333333333336
0 0.12569444444444444 0.24513888888888888 0.12083333333333333 0.2673611111111111
0 0.027777777777777776 0.26944444444444443 0.05555555555555555 0.2361111111111111
0 0.425 0.3715277777777778 0.2 0.1125
0 0.47708333333333336 0.3729166666666667 0.2625 0.10972222222222222
0 0.175 0.4 0.25833333333333336 0.05555555555555555
0 0.11736111111111111 0.05486111111111111 0.23472222222222222 0.10972222222222222
0 0.40625 0.04722222222222222 0.22083333333333333 0.09444444444444444
0 0.2743055555555556 0.04236111111111111 0.1375 0.08472222222222223
0 0.6513888888888889 0.15416666666666667 0.08333333333333333 0.10277777777777777
0 0.79375 0.23472222222222222 0.0875 0.1284722222222222
0 0.7256944444444444 0.2965277777777778 0.06805555555555555 0.0798611111111111
0 0.9208333333333333 0.2902777777777778 0.08472222222222223 0.09583333333333334
0 0.7159722222222222 0.4048611111111111 0.05694444444444444 0.04583333333333333
0 0.6416666666666667 0.09305555555555556 0.06388888888888888 0.1638888888888889
0 0.6222222222222222 0.3611111111111111 0.025 0.1111111111111111
0 0.9576388888888889 0.3368055555555556 0.08194444444444444 0.10138888888888889
0 0.8361111111111111 0.32916666666666666 0.1638888888888889 0.19722222222222222
0 0.9486111111111111 0.2152777777777778 0.1 0.16944444444444445
0 0.019444444444444445 0.8666666666666667 0.03888888888888889 0.20277777777777778
0 0.5402777777777777 0.7638888888888888 0.1361111111111111 0.12361111111111112
0 0.30416666666666664 0.88125 0.6083333333333333 0.23472222222222222
0 0.40694444444444444 0.6416666666666667 0.13125 0.1909722222222222
0 0.5041666666666667 0.8680555555555556 0.11527777777777778 0.10833333333333334
0 0.5569444444444445 0.6513888888888889 0.10277777777777777 0.11666666666666667
0 0.16944444444444445 0.6229166666666667 0.3388888888888889 0.3875
0 0.42291666666666666 0.47291666666666665 0.22361111111111112 0.0875
0 0.9486111111111111 0.8958333333333334 0.1 0.2
0 0.8222222222222222 0.6743055555555556 0.3527777777777778 0.45416666666666666
0 0.6847222222222222 0.5298611111111111 0.15 0.2013888888888889