0 0.3055555555555556 0.23402777777777778 0.08333333333333333 0.3680555555555556
0 0.21666666666666667 0.26666666666666666 0.20555555555555555 0.30277777777777776
0 0.05 0.3 0.1 0.2361111111111111
0 0.25277777777777777 0.1 0.18888888888888888 0.2
0 0.09930555555555555 0.11388888888888889 0.1986111111111111 0.22777777777777777
0 0.015277777777777777 0.13819444444444445 0.030555555555555555 0.1625
0 0.7201388888888889 0.3611111111111111 0.5569444444444445 0.11388888888888889
0 0.5638888888888889 0.01597222222222222 0.11944444444444445 0.03194444444444444
0 0.7048611111111112 0.03194444444444444 0.12361111111111112 0.06388888888888888
0 0.9284722222222223 0.08611111111111111 0.14027777777777778 0.17222222222222222
0 0.8166666666666667 0.11597222222222223 0.17777777777777778 0.23194444444444445
0 0.6736111111111112 0.15694444444444444 0.325 0.3138888888888889
0 0.49444444444444446 0.2465277777777778 0.2916666666666667 0.34305555555555556
0 0.8930555555555556 0.28125 0.2111111111111111 0.2625
0 0.1736111111111111 0.6902777777777778 0.3472222222222222 0.5416666666666666
0 0.04583333333333333 0.5097222222222222 0.09166666666666666 0.17222222222222222
0 0.9520833333333333 0.5805555555555556 0.09305555555555556 0.1638888888888889
0 0.58125 0.89375 0.24097222222222223 0.2013888888888889
0 0.4534722222222222 0.7347222222222223 0.20972222222222223 0.2777777777777778
0 0.7305555555555555 0.8104166666666667 0.21319444444444444 0.15
0 0.7548611111111111 0.6256944444444444 0.10138888888888889 0.10277777777777777
0 0.70625 0.5986111111111111 0.08472222222222223 0.09513888888888888
0 0.675 0.4736111111111111 0.1 0.10833333333333334
0 0.5819444444444445 0.6270833333333333 0.2 0.1597222222222222
0 0.9256944444444445 0.44375 0.14583333333333334 0.04861111111111111
0 0.8916666666666667 0.5444444444444444 0.21388888888888888 0.225
0 0.42291666666666666 0.5652777777777778 0.1486111111111111 0.2916666666666667
0 0.7736111111111111 0.7201388888888889 0.1125 0.09861111111111111
0 0.9777777777777777 0.7555555555555555 0.041666666666666664 0.14166666666666666
0 0.4152777777777778 0.9152777777777777 0.12777777777777777 0.11180555555555556
0 0.9152777777777777 0.7416666666666667 0.16666666666666666 0.16666666666666666
0 0.9770833333333333 0.6548611111111111 0.043055555555555555 0.13472222222222222
0 0.5347222222222222 0.475 0.06458333333333334 0.08958333333333333