0 0.36180555555555555 0.05416666666666667 0.3597222222222222 0.10833333333333334
0 0.10277777777777777 0.14166666666666666 0.20555555555555555 0.2833333333333333
0 0.5916666666666667 0.17430555555555555 0.13333333333333333 0.3486111111111111
0 0.31875 0.2423611111111111 0.4152777777777778 0.2923611111111111
0 0.6402777777777777 0.37430555555555556 0.03611111111111111 0.10694444444444444
0 0.12708333333333333 0.34652777777777777 0.25416666666666665 0.1625
0 0.5229166666666667 0.36944444444444446 0.26805555555555555 0.11666666666666667
0 0.3284722222222222 0.39444444444444443 0.18194444444444444 0.06666666666666667
0 0.8291666666666667 0.16458333333333333 0.3388888888888889 0.32916666666666666
0 0.9409722222222222 0.2701388888888889 0.11527777777777778 0.31527777777777777
0 0.7847222222222222 0.35555555555555557 0.21944444444444444 0.14444444444444443
0 0.7583333333333333 0.022222222222222223 0.1388888888888889 0.044444444444444446
0 0.058333333333333334 0.6423611111111112 0.11666666666666667 0.4263888888888889
0 0.3854166666666667 0.7277777777777777 0.5375 0.5416666666666666
0 0.08125 0.8118055555555556 0.08958333333333333 0.2388888888888889
0 0.1 0.9555555555555556 0.2 0.08611111111111111
0 0.18472222222222223 0.9881944444444445 0.12222222222222222 0.020833333333333332
0 0.45208333333333334 0.5118055555555555 0.4125 0.16527777777777777
0 0.14652777777777778 0.5708333333333333 0.17083333333333334 0.2833333333333333
0 0.75 0.8888888888888888 0.1451388888888889 0.12777777777777777
0 0.7729166666666667 0.94375 0.06388888888888888 0.08680555555555555
0 0.8527777777777777 0.8673611111111111 0.07083333333333333 0.07222222222222222
0 0.9430555555555555 0.8819444444444444 0.1111111111111111 0.23333333333333334
0 0.7576388888888889 0.7354166666666667 0.10555555555555556 0.10972222222222222
0 0.8618055555555556 0.9270833333333334 0.13819444444444445 0.13958333333333334
0 0.8076388888888889 0.9798611111111111 0.16527777777777777 0.0375
0 0.8993055555555556 0.7909722222222222 0.10347222222222222 0.13333333333333333
0 0.7263888888888889 0.5798611111111112 0.06944444444444445 0.07152777777777777
0 0.8652777777777778 0.5756944444444444 0.09861111111111111 0.08333333333333333
0 0.91875 0.44583333333333336 0.05694444444444444 0.03333333333333333
0 0.9826388888888888 0.5208333333333334 0.03194444444444444 0.05277777777777778
0 0.9347222222222222 0.5131944444444444 0.034722222222222224 0.02638888888888889
0 0.9506944444444444 0.4791666666666667 0.06041666666666667 0.07847222222222222
0 0.9736111111111111 0.6972222222222222 0.05 0.19444444444444445
0 0.9361111111111111 0.6395833333333333 0.03611111111111111 0.03611111111111111
0 0.9895833333333334 0.5805555555555556 0.018055555555555554 0.1
0 0.7055555555555556 0.8222222222222222 0.09166666666666666 0.10833333333333334
0 0.8819444444444444 0.7027777777777777 0.06111111111111111 0.06527777777777778