0 0.3194444444444444 0.2326388888888889 0.18333333333333332 0.13194444444444445
0 0.13402777777777777 0.26458333333333334 0.11805555555555555 0.06805555555555555
0 0.24583333333333332 0.027777777777777776 0.2388888888888889 0.05555555555555555
0 0.11944444444444445 0.11458333333333333 0.2388888888888889 0.22916666666666666
0 0.3576388888888889 0.10694444444444444 0.12083333333333333 0.21388888888888888
0 0.275 0.12430555555555556 0.13055555555555556 0.1597222222222222
0 0.5277777777777778 0.14930555555555555 0.21458333333333332 0.22847222222222222
0 0.9756944444444444 0.027777777777777776 0.04583333333333333 0.05555555555555555
0 0.9875 0.26666666666666666 0.022222222222222223 0.06666666666666667
0 0.8972222222222223 0.16319444444444445 0.03611111111111111 0.0375
0 0.8527777777777777 0.10625 0.14583333333333334 0.09930555555555555
0 0.9194444444444444 0.01597222222222222 0.08611111111111111 0.03194444444444444
0 0.84375 0.013888888888888888 0.0763888888888889 0.027777777777777776
0 0.69375 0.03194444444444444 0.21805555555555556 0.06388888888888888
0 0.9138888888888889 0.2326388888888889 0.06666666666666667 0.06875
0 0.7 0.16666666666666666 0.07222222222222222 0.07222222222222222
0 0.7604166666666666 0.1597222222222222 0.06666666666666667 0.11041666666666666
0 0.44027777777777777 0.02361111111111111 0.041666666666666664 0.04722222222222222
0 0.9618055555555556 0.14097222222222222 0.05555555555555555 0.07361111111111111
0 0.71875 0.21458333333333332 0.07430555555555556 0.0798611111111111
0 0.4326388888888889 0.1798611111111111 0.02638888888888889 0.05416666666666667
0 0.2701388888888889 0.7611111111111111 0.04375 0.05694444444444444
0 0.23194444444444445 0.7055555555555556 0.06597222222222222 0.050694444444444445
0 0.10138888888888889 0.78125 0.04236111111111111 0.07569444444444444
0 0.05763888888888889 0.8458333333333333 0.11527777777777778 0.18055555555555555
0 0.2965277777777778 0.6506944444444445 0.05763888888888889 0.06666666666666667
0 0.28888888888888886 0.5861111111111111 0.12361111111111112 0.08125
0 0.3548611111111111 0.6326388888888889 0.07569444444444444 0.07777777777777778
0 0.3958333333333333 0.5111111111111111 0.044444444444444446 0.15555555555555556
0 0.4013888888888889 0.3548611111111111 0.03333333333333333 0.08194444444444444
0 0.07222222222222222 0.9527777777777777 0.14444444444444443 0.09166666666666666
0 0.2923611111111111 0.3451388888888889 0.075 0.04097222222222222
0 0.2722222222222222 0.9333333333333333 0.20277777777777778 0.13055555555555556
0 0.08888888888888889 0.55625 0.11041666666666666 0.12083333333333333
0 0.08541666666666667 0.5131944444444444 0.05763888888888889 0.050694444444444445
0 0.20208333333333334 0.3541666666666667 0.08958333333333333 0.09652777777777778
0 0.175 0.7673611111111112 0.07708333333333334 0.07361111111111111
0 0.12777777777777777 0.3388888888888889 0.09166666666666666 0.07777777777777778
0 0.03958333333333333 0.31527777777777777 0.07361111111111111 0.030555555555555555
0 0.39791666666666664 0.31875 0.04027777777777778 0.0375
0 0.4 0.7472222222222222 0.03611111111111111 0.10277777777777777
0 0.3701388888888889 0.6743055555555556 0.09583333333333334 0.14027777777777778
0 0.022916666666666665 0.35625 0.04583333333333333 0.08194444444444444
0 0.06041666666666667 0.4465277777777778 0.12083333333333333 0.15694444444444444
0 0.05555555555555555 0.34097222222222223 0.05347222222222222 0.07708333333333334
0 0.1326388888888889 0.3659722222222222 0.06041666666666667 0.05347222222222222
0 0.0625 0.8951388888888889 0.10486111111111111 0.06666666666666667
0 0.12777777777777777 0.8729166666666667 0.05625 0.10625
0 0.17847222222222223 0.6611111111111111 0.12430555555555556 0.10208333333333333
0 0.14444444444444443 0.7194444444444444 0.07708333333333334 0.041666666666666664
0 0.14583333333333334 0.7944444444444444 0.05416666666666667 0.05555555555555555
0 0.3111111111111111 0.7680555555555556 0.04027777777777778 0.04583333333333333
0 0.31180555555555556 0.8590277777777777 0.06458333333333334 0.075
0 0.5652777777777778 0.8527777777777777 0.19444444444444445 0.19652777777777777
0 0.59375 0.7055555555555556 0.26458333333333334 0.19305555555555556
0 0.5902777777777778 0.9895833333333334 0.1 0.018055555555555554
0 0.5388888888888889 0.9916666666666667 0.06388888888888888 0.013888888888888888
0 0.6159722222222223 0.4409722222222222 0.13055555555555556 0.1284722222222222
0 0.49375 0.5263888888888889 0.1486111111111111 0.4222222222222222
0 0.4444444444444444 0.8284722222222223 0.05 0.06527777777777778
0 0.8472222222222222 0.9868055555555556 0.16111111111111112 0.02361111111111111
0 0.7048611111111112 0.5534722222222223 0.09027777777777778 0.1076388888888889
0 0.44583333333333336 0.8819444444444444 0.05277777777777778 0.08055555555555556
0 0.8305555555555556 0.63125 0.33611111111111114 0.6625