0 0.4013888888888889 0.3458333333333333 0.13333333333333333 0.1638888888888889
0 0.19166666666666668 0.09652777777777778 0.3527777777777778 0.19305555555555556
0 0.38680555555555557 0.15 0.1625 0.2388888888888889
0 0.2604166666666667 0.2847222222222222 0.3736111111111111 0.2861111111111111
0 0.5881944444444445 0.29375 0.15555555555555556 0.12638888888888888
0 0.6270833333333333 0.14791666666666667 0.08958333333333333 0.15555555555555556
0 0.83125 0.08402777777777778 0.04722222222222222 0.08333333333333333
0 0.8736111111111111 0.08958333333333333 0.06041666666666667 0.0798611111111111
0 0.9576388888888889 0.03680555555555556 0.0763888888888889 0.07361111111111111
0 0.9159722222222222 0.025 0.029166666666666667 0.035416666666666666
0 0.4951388888888889 0.2423611111111111 0.05138888888888889 0.12916666666666668
0 0.6861111111111111 0.3736111111111111 0.09444444444444444 0.10833333333333334
0 0.9291666666666667 0.09791666666666667 0.044444444444444446 0.06180555555555556
0 0.7833333333333333 0.33194444444444443 0.11180555555555556 0.16458333333333333
0 0.6826388888888889 0.050694444444444445 0.10416666666666667 0.10138888888888889
0 0.8111111111111111 0.00625 0.03888888888888889 0.0125
0 0.5131944444444444 0.06388888888888888 0.0875 0.12777777777777777
0 0.6951388888888889 0.2604166666666667 0.07361111111111111 0.11180555555555556
0 0.8027777777777778 0.029861111111111113 0.06944444444444445 0.059722222222222225
0 0.7763888888888889 0.20347222222222222 0.08125 0.05625
0 0.8826388888888889 0.24444444444444444 0.06875 0.05763888888888889
0 0.9277777777777778 0.16597222222222222 0.04027777777777778 0.06944444444444445
0 0.96875 0.17777777777777778 0.059722222222222225 0.05
0 0.9715277777777778 0.11736111111111111 0.05416666666666667 0.09583333333333334
0 0.8791666666666667 0.3284722222222222 0.23055555555555557 0.1986111111111111
0 0.5958333333333333 0.21666666666666667 0.12291666666666666 0.13819444444444445
0 0.8701388888888889 0.03819444444444445 0.09861111111111111 0.0763888888888889
0 0.9819444444444444 0.31527777777777777 0.03333333333333333 0.06666666666666667
0 0.7597222222222222 0.14305555555555555 0.11180555555555556 0.07222222222222222
0 0.7520833333333333 0.36944444444444446 0.12638888888888888 0.11666666666666667
0 0.6118055555555556 0.3729166666666667 0.15416666666666667 0.10972222222222222
0 0.23402777777777778 0.7138888888888889 0.46805555555555556 0.5694444444444444
0 0.6708333333333333 0.8145833333333333 0.0625 0.08611111111111111
0 0.5520833333333334 0.7631944444444444 0.16527777777777777 0.2791666666666667
0 0.6291666666666667 0.6236111111111111 0.2777777777777778 0.3888888888888889
0 0.8666666666666667 0.7472222222222222 0.2638888888888889 0.5027777777777778
0 0.7034722222222223 0.9166666666666666 0.46805555555555556 0.1638888888888889