0 0.20833333333333334 0.2763888888888889 0.17430555555555555 0.14166666666666666
0 0.06180555555555556 0.3541666666666667 0.10069444444444445 0.21458333333333332
0 0.34305555555555556 0.36319444444444443 0.18888888888888888 0.25416666666666665
0 0.22152777777777777 0.49027777777777776 0.24861111111111112 0.33611111111111114
0 0.0798611111111111 0.5645833333333333 0.1597222222222222 0.1875
0 0.3625 0.5743055555555555 0.15 0.16805555555555557
0 0.2569444444444444 0.04791666666666667 0.3611111111111111 0.09583333333333334
0 0.10208333333333333 0.1361111111111111 0.20416666666666666 0.2722222222222222
0 0.38055555555555554 0.1486111111111111 0.11388888888888889 0.24444444444444444
0 0.26944444444444443 0.15694444444444444 0.16041666666666668 0.17152777777777778
0 0.8951388888888889 0.22430555555555556 0.20694444444444443 0.41805555555555557
0 0.5423611111111111 0.4027777777777778 0.20694444444444443 0.31666666666666665
0 0.7659722222222223 0.4701388888888889 0.2638888888888889 0.35138888888888886
0 0.9576388888888889 0.5319444444444444 0.08194444444444444 0.25277777777777777
0 0.8770833333333333 0.5986111111111111 0.23472222222222222 0.11944444444444445
0 0.5895833333333333 0.6125 0.3013888888888889 0.09166666666666666
0 0.7368055555555556 0.04861111111111111 0.2791666666666667 0.09722222222222222
0 0.525 0.06388888888888888 0.17222222222222222 0.12777777777777777
0 0.49722222222222223 0.1388888888888889 0.11666666666666667 0.20555555555555555
0 0.6743055555555556 0.17152777777777778 0.24861111111111112 0.34305555555555556
0 0.26458333333333334 0.7291666666666666 0.2763888888888889 0.1388888888888889
0 0.6493055555555556 0.8715277777777778 0.35694444444444445 0.25416666666666665
0 0.8652777777777778 0.9493055555555555 0.15 0.09861111111111111
0 0.9159722222222222 0.7006944444444444 0.10416666666666667 0.08194444444444444
0 0.7722222222222223 0.7638888888888888 0.3 0.20833333333333334
0 0.5298611111111111 0.8236111111111111 0.18194444444444444 0.3277777777777778
0 0.8555555555555555 0.8541666666666666 0.17152777777777778 0.13472222222222222