0 0.011111111111111112 0.14583333333333334 0.022222222222222223 0.1361111111111111
0 0.027777777777777776 0.25763888888888886 0.05555555555555555 0.12638888888888888
0 0.09305555555555556 0.26805555555555555 0.09513888888888888 0.14097222222222222
0 0.20625 0.37083333333333335 0.14027777777777778 0.175
0 0.3055555555555556 0.35 0.14444444444444443 0.21666666666666667
0 0.18888888888888888 0.17222222222222222 0.37777777777777777 0.34444444444444444
0 0.5805555555555556 0.2604166666666667 0.07222222222222222 0.09027777777777778
0 0.4444444444444444 0.034027777777777775 0.08888888888888889 0.06805555555555555
0 0.78125 0.11944444444444445 0.16041666666666668 0.17708333333333334
0 0.6083333333333333 0.049305555555555554 0.11944444444444445 0.09861111111111111
0 0.49444444444444446 0.3527777777777778 0.23055555555555557 0.2111111111111111
0 0.3875 0.225 0.016666666666666666 0.04722222222222222
0 0.8215277777777777 0.4173611111111111 0.06805555555555555 0.08194444444444444
0 0.7055555555555556 0.4486111111111111 0.06111111111111111 0.019444444444444445
0 0.6972222222222222 0.01597222222222222 0.05277777777777778 0.03194444444444444
0 0.7034722222222223 0.0875 0.05555555555555555 0.05694444444444444
0 0.5284722222222222 0.125 0.05694444444444444 0.08888888888888889
0 0.7465277777777778 0.022222222222222223 0.019444444444444445 0.03680555555555556
0 0.7756944444444445 0.0375 0.049305555555555554 0.04652777777777778
0 0.8652777777777778 0.2076388888888889 0.1111111111111111 0.12569444444444444
0 0.425 0.34444444444444444 0.09166666666666666 0.09166666666666666
0 0.4527777777777778 0.3993055555555556 0.050694444444444445 0.05277777777777778
0 0.5902777777777778 0.36944444444444446 0.18055555555555555 0.17777777777777778
0 0.5048611111111111 0.41944444444444445 0.034722222222222224 0.04722222222222222
0 0.9333333333333333 0.005555555555555556 0.044444444444444446 0.011111111111111112
0 0.5409722222222222 0.09861111111111111 0.03611111111111111 0.03125
0 0.5090277777777777 0.2708333333333333 0.050694444444444445 0.05694444444444444
0 0.9631944444444445 0.2652777777777778 0.06111111111111111 0.08055555555555556
0 0.9645833333333333 0.3902777777777778 0.06805555555555555 0.06666666666666667
0 0.46944444444444444 0.43472222222222223 0.06666666666666667 0.04722222222222222
0 0.4125 0.1798611111111111 0.06666666666666667 0.0875
0 0.4444444444444444 0.15486111111111112 0.041666666666666664 0.04791666666666667
0 0.44722222222222224 0.23402777777777778 0.02638888888888889 0.03194444444444444
0 0.4708333333333333 0.21805555555555556 0.06180555555555556 0.07569444444444444
0 0.46944444444444444 0.28402777777777777 0.04236111111111111 0.0798611111111111
0 0.5284722222222222 0.029861111111111113 0.08194444444444444 0.059722222222222225
0 0.5576388888888889 0.20208333333333334 0.03888888888888889 0.04097222222222222
0 0.7965277777777777 0.01875 0.07083333333333333 0.0375
0 0.9125 0.40902777777777777 0.16666666666666666 0.09861111111111111
0 0.7194444444444444 0.33125 0.2 0.25416666666666665
0 0.8097222222222222 0.3333333333333333 0.11944444444444445 0.12638888888888888
0 0.42083333333333334 0.26875 0.08333333333333333 0.1125
0 0.018055555555555554 0.8465277777777778 0.03611111111111111 0.09305555555555556
0 0.34652777777777777 0.8875 0.0625 0.09722222222222222
0 0.2986111111111111 0.9548611111111112 0.07777777777777778 0.0875
0 0.33611111111111114 0.8375 0.06597222222222222 0.059722222222222225
0 0.34652777777777777 0.5791666666666667 0.0625 0.075
0 0.33958333333333335 0.5111111111111111 0.06111111111111111 0.06875
0 0.2916666666666667 0.4847222222222222 0.06111111111111111 0.05
0 0.3736111111111111 0.5145833333333333 0.008333333333333333 0.05694444444444444
0 0.22430555555555556 0.7986111111111112 0.08333333333333333 0.08125
0 0.17916666666666667 0.9145833333333333 0.06597222222222222 0.08125
0 0.25069444444444444 0.8638888888888889 0.10208333333333333 0.07430555555555556
0 0.30625 0.8826388888888889 0.06805555555555555 0.05277777777777778
0 0.1125 0.8055555555555556 0.05416666666666667 0.05555555555555555
0 0.3611111111111111 0.6868055555555556 0.03333333333333333 0.08472222222222223
0 0.034027777777777775 0.66875 0.06805555555555555 0.13194444444444445
0 0.2388888888888889 0.7090277777777778 0.17430555555555555 0.16944444444444445
0 0.16597222222222222 0.8597222222222223 0.0798611111111111 0.09583333333333334
0 0.24861111111111112 0.5152777777777777 0.05347222222222222 0.06388888888888888
0 0.2708333333333333 0.7416666666666667 0.13333333333333333 0.13194444444444445
0 0.1076388888888889 0.8708333333333333 0.075 0.07777777777777778
0 0.35833333333333334 0.9618055555555556 0.03888888888888889 0.04583333333333333
0 0.1284722222222222 0.7472222222222222 0.06527777777777778 0.06041666666666667
0 0.020833333333333332 0.4826388888888889 0.041666666666666664 0.04583333333333333
0 0.1 0.6256944444444444 0.06527777777777778 0.09375
0 0.06111111111111111 0.6513888888888889 0.04097222222222222 0.035416666666666666
0 0.1597222222222222 0.6680555555555555 0.03958333333333333 0.025694444444444443
0 0.35208333333333336 0.47708333333333336 0.05138888888888889 0.034722222222222224
0 0.2125 0.9833333333333333 0.15 0.030555555555555555
0 0.30277777777777776 0.5486111111111112 0.05763888888888889 0.07013888888888889
0 0.34930555555555554 0.7284722222222222 0.05694444444444444 0.07916666666666666
0 0.2902777777777778 0.6409722222222223 0.11527777777777778 0.08958333333333333
0 0.20694444444444443 0.9534722222222223 0.14722222222222223 0.09027777777777778
0 0.08819444444444445 0.9520833333333333 0.11805555555555555 0.09305555555555556
0 0.05138888888888889 0.9340277777777778 0.10277777777777777 0.09861111111111111
0 0.03680555555555556 0.7756944444444445 0.07361111111111111 0.13194444444444445
0 0.6055555555555555 0.8506944444444444 0.4527777777777778 0.29583333333333334