0 0.25416666666666665 0.2875 0.12222222222222222 0.041666666666666664
0 0.32708333333333334 0.27291666666666664 0.020833333333333332 0.07083333333333333
0 0.13958333333333334 0.15416666666666667 0.2791666666666667 0.30833333333333335
0 0.4548611111111111 0.04861111111111111 0.23194444444444445 0.09722222222222222
0 0.7798611111111111 0.15416666666666667 0.4375 0.30833333333333335
0 0.4041666666666667 0.14791666666666667 0.13055555555555556 0.29583333333333334
0 0.5173611111111112 0.19236111111111112 0.1375 0.23194444444444445
0 0.034027777777777775 0.42430555555555555 0.06805555555555555 0.07361111111111111
0 0.3277777777777778 0.6951388888888889 0.019444444444444445 0.04861111111111111
0 0.2847222222222222 0.9770833333333333 0.08055555555555556 0.043055555555555555
0 0.17777777777777778 0.9861111111111112 0.05277777777777778 0.025
0 0.016666666666666666 0.8493055555555555 0.03333333333333333 0.06805555555555555
0 0.08472222222222223 0.8701388888888889 0.1 0.12361111111111112
0 0.27569444444444446 0.9090277777777778 0.12361111111111112 0.1625
0 0.30694444444444446 0.725 0.050694444444444445 0.06041666666666667
0 0.30069444444444443 0.9381944444444444 0.07361111111111111 0.12083333333333333
0 0.3284722222222222 0.6416666666666667 0.018055555555555554 0.058333333333333334
0 0.3055555555555556 0.6270833333333333 0.03194444444444444 0.06666666666666667
0 0.19305555555555556 0.9451388888888889 0.06180555555555556 0.05694444444444444
0 0.05138888888888889 0.6104166666666667 0.10277777777777777 0.17916666666666667
0 0.08263888888888889 0.5729166666666666 0.09513888888888888 0.10972222222222222
0 0.07916666666666666 0.6930555555555555 0.06111111111111111 0.04583333333333333
0 0.16597222222222222 0.8298611111111112 0.06180555555555556 0.08888888888888889
0 0.12916666666666668 0.8548611111111111 0.03888888888888889 0.03333333333333333
0 0.2222222222222222 0.8701388888888889 0.0375 0.025
0 0.3145833333333333 0.8444444444444444 0.04583333333333333 0.08611111111111111
0 0.025 0.4965277777777778 0.05 0.07361111111111111
0 0.041666666666666664 0.7416666666666667 0.08333333333333333 0.1
0 0.07361111111111111 0.9548611111111112 0.13333333333333333 0.0875
0 0.41041666666666665 0.43333333333333335 0.14305555555555555 0.24722222222222223
0 0.9055555555555556 0.7618055555555555 0.16041666666666668 0.23958333333333334
0 0.7888888888888889 0.39166666666666666 0.375 0.1638888888888889
0 0.8916666666666667 0.9298611111111111 0.21388888888888888 0.1375
0 0.42569444444444443 0.5409722222222222 0.1736111111111111 0.28194444444444444
0 0.9590277777777778 0.5145833333333333 0.07916666666666666 0.09305555555555556
0 0.5840277777777778 0.6541666666666667 0.49027777777777776 0.6888888888888889
0 0.94375 0.6152777777777778 0.10972222222222222 0.14722222222222223