0 0.01875 0.24305555555555555 0.0375 0.12222222222222222
0 0.03333333333333333 0.31666666666666665 0.06666666666666667 0.06111111111111111
0 0.10138888888888889 0.31805555555555554 0.08611111111111111 0.058333333333333334
0 0.1388888888888889 0.1736111111111111 0.2777777777777778 0.3472222222222222
0 0.5881944444444445 0.125 0.2625 0.25
0 0.3506944444444444 0.14375 0.14305555555555555 0.2875
0 0.7180555555555556 0.2881944444444444 0.08888888888888889 0.11805555555555555
0 0.4222222222222222 0.2826388888888889 0.2861111111111111 0.12916666666666668
0 0.6138888888888889 0.27361111111111114 0.1388888888888889 0.14722222222222223
0 0.7319444444444444 0.05555555555555555 0.10277777777777777 0.1111111111111111
0 0.8701388888888889 0.31875 0.17916666666666667 0.05694444444444444
0 0.6319444444444444 0.3333333333333333 0.13055555555555556 0.027777777777777776
0 0.8694444444444445 0.15208333333333332 0.25833333333333336 0.30416666666666664
0 0.05486111111111111 0.9784722222222222 0.10972222222222222 0.04027777777777778
0 0.26180555555555557 0.8 0.03194444444444444 0.10833333333333334
0 0.05277777777777778 0.65 0.07430555555555556 0.09722222222222222
0 0.24583333333333332 0.9020833333333333 0.06388888888888888 0.08472222222222223
0 0.009722222222222222 0.6784722222222223 0.019444444444444445 0.07083333333333333
0 0.006944444444444444 0.6305555555555555 0.013888888888888888 0.06388888888888888
0 0.021527777777777778 0.5694444444444444 0.043055555555555555 0.08888888888888889
0 0.10972222222222222 0.6854166666666667 0.07291666666666667 0.07152777777777777
0 0.12430555555555556 0.8965277777777778 0.06388888888888888 0.0625
0 0.06805555555555555 0.8305555555555556 0.07569444444444444 0.07777777777777778
0 0.01597222222222222 0.9388888888888889 0.03194444444444444 0.11944444444444445
0 0.23541666666666666 0.8770833333333333 0.04861111111111111 0.049305555555555554
0 0.2673611111111111 0.9506944444444444 0.020833333333333332 0.07361111111111111
0 0.40208333333333335 0.5819444444444445 0.06736111111111111 0.11458333333333333
0 0.7659722222222223 0.6708333333333333 0.4652777777777778 0.6111111111111112
0 0.4076388888888889 0.7972222222222223 0.23333333333333334 0.30625
0 0.6194444444444445 0.875 0.3194444444444444 0.24722222222222223
0 0.8555555555555555 0.9673611111111111 0.16111111111111112 0.0625
0 0.5020833333333333 0.9833333333333333 0.3958333333333333 0.030555555555555555
0 0.6451388888888889 0.3645833333333333 0.08194444444444444 0.03194444444444444
0 0.7847222222222222 0.3819444444444444 0.1 0.06666666666666667
0 0.7069444444444445 0.35625 0.06111111111111111 0.015277777777777777
0 0.6006944444444444 0.40347222222222223 0.10069444444444445 0.09791666666666667
0 0.9104166666666667 0.45694444444444443 0.13472222222222222 0.21666666666666667
0 0.4305555555555556 0.4361111111111111 0.18055555555555555 0.175
0 0.5597222222222222 0.4722222222222222 0.09722222222222222 0.12013888888888889
0 0.4965277777777778 0.5631944444444444 0.13402777777777777 0.15347222222222223