0 0.07847222222222222 0.13541666666666666 0.15694444444444444 0.2708333333333333
0 0.39652777777777776 0.38125 0.06458333333333334 0.050694444444444445
0 0.17430555555555555 0.3111111111111111 0.3486111111111111 0.29444444444444445
0 0.44027777777777777 0.3854166666666667 0.275 0.14583333333333334
0 0.32916666666666666 0.18125 0.49722222222222223 0.3625
0 0.8097222222222222 0.23055555555555557 0.37777777777777777 0.45555555555555555
0 0.78125 0.29444444444444445 0.4041666666666667 0.3277777777777778
0 0.7888888888888889 0.09375 0.41944444444444445 0.1875
0 0.4666666666666667 0.9270833333333334 0.2 0.14305555555555555
0 0.20208333333333334 0.5423611111111111 0.20694444444444443 0.16527777777777777
0 0.3958333333333333 0.6826388888888889 0.3638888888888889 0.44583333333333336
0 0.8423611111111111 0.4673611111111111 0.0763888888888889 0.015277777777777777
0 0.8673611111111111 0.4888888888888889 0.05694444444444444 0.058333333333333334
0 0.8104166666666667 0.6916666666666667 0.07152777777777777 0.08125
0 0.6652777777777777 0.7416666666666667 0.1527777777777778 0.16944444444444445
0 0.7847222222222222 0.5284722222222222 0.04722222222222222 0.043055555555555555
0 0.8666666666666667 0.9201388888888888 0.12777777777777777 0.12083333333333333
0 0.7444444444444445 0.6680555555555555 0.09861111111111111 0.1326388888888889
0 0.7763888888888889 0.5972222222222222 0.13472222222222222 0.0625
0 0.8263888888888888 0.7777777777777778 0.04652777777777778 0.09861111111111111
0 0.725 0.9 0.13819444444444445 0.15
0 0.6034722222222222 0.6180555555555556 0.04861111111111111 0.19166666666666668
0 0.7138888888888889 0.9798611111111111 0.10833333333333334 0.0375
0 0.6 0.85625 0.041666666666666664 0.2125
0 0.8104166666666667 0.9805555555555555 0.12083333333333333 0.03611111111111111
0 0.7486111111111111 0.5423611111111111 0.0798611111111111 0.09166666666666666
0 0.9201388888888888 0.775 0.15694444444444444 0.2611111111111111
0 0.7756944444444445 0.7826388888888889 0.05763888888888889 0.12916666666666668