0 0.11041666666666666 0.19722222222222222 0.22083333333333333 0.39444444444444443
0 0.10486111111111111 0.44166666666666665 0.20972222222222223 0.11388888888888889
0 0.19930555555555557 0.15763888888888888 0.11805555555555555 0.31527777777777777
0 0.8326388888888889 0.12083333333333333 0.08263888888888889 0.09652777777777778
0 0.4 0.44027777777777777 0.20277777777777778 0.11666666666666667
0 0.7736111111111111 0.02847222222222222 0.16111111111111112 0.05694444444444444
0 0.3055555555555556 0.044444444444444446 0.09166666666666666 0.08888888888888889
0 0.8798611111111111 0.40694444444444444 0.23472222222222222 0.18333333333333332
0 0.41805555555555557 0.03333333333333333 0.11666666666666667 0.06666666666666667
0 0.9666666666666667 0.22916666666666666 0.03680555555555556 0.04861111111111111
0 0.8194444444444444 0.25 0.06805555555555555 0.05277777777777778
0 0.8368055555555556 0.19444444444444445 0.043055555555555555 0.07361111111111111
0 0.6006944444444444 0.06388888888888888 0.05625 0.07916666666666666
0 0.68125 0.12430555555555556 0.049305555555555554 0.07916666666666666
0 0.6833333333333333 0.28125 0.07013888888888889 0.05694444444444444
0 0.3458333333333333 0.2465277777777778 0.17222222222222222 0.1375
0 0.5569444444444445 0.45694444444444443 0.13055555555555556 0.08333333333333333
0 0.7541666666666667 0.22152777777777777 0.049305555555555554 0.052083333333333336
0 0.5416666666666666 0.48819444444444443 0.08055555555555556 0.020833333333333332
0 0.6645833333333333 0.02638888888888889 0.10694444444444444 0.05277777777777778
0 0.4701388888888889 0.22916666666666666 0.0625 0.05486111111111111
0 0.7743055555555556 0.10347222222222222 0.12708333333333333 0.09236111111111112
0 0.4263888888888889 0.28194444444444444 0.06875 0.06041666666666667
0 0.5993055555555555 0.14027777777777778 0.049305555555555554 0.07777777777777778
0 0.5548611111111111 0.10416666666666667 0.034722222222222224 0.05
0 0.8583333333333333 0.035416666666666666 0.06944444444444445 0.07083333333333333
0 0.7875 0.42083333333333334 0.2361111111111111 0.15555555555555556
0 0.9118055555555555 0.1763888888888889 0.0798611111111111 0.09583333333333334
0 0.9159722222222222 0.13125 0.16527777777777777 0.2625
0 0.5916666666666667 0.011805555555555555 0.05555555555555555 0.02361111111111111
0 0.015277777777777777 0.6305555555555555 0.030555555555555555 0.08888888888888889
0 0.16111111111111112 0.6916666666666667 0.19444444444444445 0.38333333333333336
0 0.12916666666666668 0.825 0.25833333333333336 0.3472222222222222
0 0.29791666666666666 0.6833333333333333 0.0763888888888889 0.25
0 0.5736111111111111 0.7395833333333334 0.4548611111111111 0.425
0 0.8354166666666667 0.8 0.19444444444444445 0.26666666666666666
0 0.9118055555555555 0.9041666666666667 0.1736111111111111 0.18888888888888888
0 0.5819444444444445 0.9152777777777777 0.42777777777777776 0.16666666666666666
0 0.4965277777777778 0.5243055555555556 0.1125 0.04861111111111111
0 0.3680555555555556 0.5770833333333333 0.18611111111111112 0.15416666666666667
0 0.71875 0.5895833333333333 0.33194444444444443 0.17916666666666667
0 0.9263888888888889 0.6055555555555555 0.14444444444444443 0.2111111111111111