0 0.22083333333333333 0.04375 0.23333333333333334 0.0875
0 0.10208333333333333 0.19375 0.20416666666666666 0.3875
0 0.24861111111111112 0.22291666666666668 0.17777777777777778 0.32916666666666666
0 0.40347222222222223 0.03888888888888889 0.12916666666666668 0.07777777777777778
0 0.40208333333333335 0.3486111111111111 0.09305555555555556 0.07777777777777778
0 0.6805555555555556 0.22361111111111112 0.6361111111111111 0.3277777777777778
0 0.6513888888888889 0.024305555555555556 0.15833333333333333 0.04861111111111111
0 0.3597222222222222 0.2611111111111111 0.041666666666666664 0.11666666666666667
0 0.08472222222222223 0.6305555555555555 0.16944444444444445 0.48333333333333334
0 0.2604166666666667 0.9020833333333333 0.15416666666666667 0.19305555555555556
0 0.18541666666666667 0.5652777777777778 0.30416666666666664 0.3527777777777778
0 0.6888888888888889 0.8736111111111111 0.6111111111111112 0.25
0 0.9701388888888889 0.7659722222222223 0.05694444444444444 0.45694444444444443
0 0.9493055555555555 0.49027777777777776 0.09861111111111111 0.20277777777777778
0 0.7201388888888889 0.6284722222222222 0.5402777777777777 0.4791666666666667
0 0.4798611111111111 0.4701388888888889 0.28194444444444444 0.1625
0 0.38472222222222224 0.6451388888888889 0.09166666666666666 0.21805555555555556