0 0.3680555555555556 0.40625 0.1 0.2625
0 0.2951388888888889 0.24444444444444444 0.24583333333333332 0.4888888888888889
0 0.16527777777777777 0.3625 0.33055555555555555 0.35
0 0.10277777777777777 0.10902777777777778 0.20555555555555555 0.21805555555555556
0 0.925 0.1798611111111111 0.14722222222222223 0.23472222222222222
0 0.6111111111111112 0.26875 0.38333333333333336 0.5375
0 0.21736111111111112 0.6958333333333333 0.08958333333333333 0.07291666666666667
0 0.39861111111111114 0.8222222222222222 0.03888888888888889 0.09166666666666666
0 0.38819444444444445 0.6444444444444445 0.041666666666666664 0.05763888888888889
0 0.3229166666666667 0.6916666666666667 0.044444444444444446 0.04097222222222222
0 0.14097222222222222 0.7506944444444444 0.05347222222222222 0.05555555555555555
0 0.17222222222222222 0.8034722222222223 0.02361111111111111 0.027083333333333334
0 0.3902777777777778 0.7006944444444444 0.03680555555555556 0.07291666666666667
0 0.2923611111111111 0.5708333333333333 0.05138888888888889 0.06388888888888888
0 0.3590277777777778 0.8958333333333334 0.11805555555555555 0.11666666666666667
0 0.3736111111111111 0.9298611111111111 0.0875 0.08333333333333333
0 0.2326388888888889 0.9791666666666666 0.05416666666666667 0.03888888888888889
0 0.017361111111111112 0.7736111111111111 0.034722222222222224 0.041666666666666664
0 0.2604166666666667 0.7201388888888889 0.1 0.08055555555555556
0 0.19652777777777777 0.65 0.0625 0.0375
0 0.10972222222222222 0.5548611111111111 0.03333333333333333 0.03194444444444444
0 0.09583333333333334 0.7347222222222223 0.0375 0.04097222222222222
0 0.3111111111111111 0.8041666666666667 0.03611111111111111 0.03611111111111111
0 0.29305555555555557 0.7354166666666667 0.04097222222222222 0.029166666666666667
0 0.28541666666666665 0.9180555555555555 0.04583333333333333 0.04583333333333333
0 0.22916666666666666 0.9215277777777777 0.043055555555555555 0.05347222222222222
0 0.4083333333333333 0.5944444444444444 0.019444444444444445 0.044444444444444446
0 0.21666666666666667 0.6 0.07013888888888889 0.06458333333333334
0 0.6638888888888889 0.9277777777777778 0.06111111111111111 0.08194444444444444
0 0.7256944444444444 0.9090277777777778 0.06944444444444445 0.06805555555555555
0 0.7069444444444445 0.9659722222222222 0.058333333333333334 0.06527777777777778
0 0.8666666666666667 0.9881944444444445 0.05277777777777778 0.020833333333333332
0 0.8298611111111112 0.95625 0.08680555555555555 0.04722222222222222
0 0.475 0.9631944444444445 0.03888888888888889 0.05138888888888889
0 0.5069444444444444 0.9298611111111111 0.1 0.11527777777777778
0 0.5520833333333334 0.9159722222222222 0.04791666666666667 0.04513888888888889
0 0.5125 0.8625 0.07569444444444444 0.05555555555555555
0 0.4548611111111111 0.8659722222222223 0.044444444444444446 0.04791666666666667
0 0.4479166666666667 0.9805555555555555 0.03194444444444444 0.03611111111111111