0 0.15902777777777777 0.27291666666666664 0.31805555555555554 0.37083333333333335
0 0.15902777777777777 0.049305555555555554 0.31805555555555554 0.09861111111111111
0 0.41041666666666665 0.20972222222222223 0.18194444444444444 0.15
0 0.8326388888888889 0.24444444444444444 0.21805555555555556 0.36319444444444443
0 0.9680555555555556 0.27847222222222223 0.06111111111111111 0.18194444444444444
0 0.5993055555555555 0.30069444444444443 0.2965277777777778 0.2659722222222222
0 0.43680555555555556 0.3576388888888889 0.23472222222222222 0.2013888888888889
0 0.9465277777777777 0.40555555555555556 0.10416666666666667 0.10555555555555556
0 0.8097222222222222 0.03333333333333333 0.11944444444444445 0.06666666666666667
0 0.9340277777777778 0.11875 0.12916666666666668 0.2375
0 0.6555555555555556 0.10069444444444445 0.25277777777777777 0.2013888888888889
0 0.47291666666666665 0.0875 0.17083333333333334 0.175
0 0.1388888888888889 0.95 0.10555555555555556 0.09722222222222222
0 0.2569444444444444 0.9680555555555556 0.12222222222222222 0.06111111111111111
0 0.09861111111111111 0.5166666666666667 0.08263888888888889 0.10208333333333333
0 0.10069444444444445 0.7347222222222223 0.07152777777777777 0.06875
0 0.2881944444444444 0.6743055555555556 0.059722222222222225 0.10138888888888889
0 0.24791666666666667 0.7770833333333333 0.09513888888888888 0.05277777777777778
0 0.28194444444444444 0.8965277777777778 0.07222222222222222 0.10972222222222222
0 0.1986111111111111 0.8451388888888889 0.05416666666666667 0.058333333333333334
0 0.15763888888888888 0.8638888888888889 0.0625 0.08263888888888889
0 0.19166666666666668 0.9243055555555556 0.06458333333333334 0.1111111111111111
0 0.12013888888888889 0.6534722222222222 0.06944444444444445 0.07083333333333333
0 0.14097222222222222 0.5569444444444445 0.07291666666666667 0.05555555555555555
0 0.24930555555555556 0.6090277777777777 0.10833333333333334 0.11736111111111111
0 0.30694444444444446 0.5979166666666667 0.022222222222222223 0.07361111111111111
0 0.1875 0.7131944444444445 0.06875 0.059722222222222225
0 0.2708333333333333 0.5173611111111112 0.09444444444444444 0.11527777777777778
0 0.08055555555555556 0.6319444444444444 0.06111111111111111 0.06319444444444444
0 0.04861111111111111 0.5805555555555556 0.04791666666666667 0.05625
0 0.03819444444444445 0.7826388888888889 0.0763888888888889 0.20694444444444443
0 0.05555555555555555 0.9118055555555555 0.1111111111111111 0.05694444444444444
0 0.044444444444444446 0.9458333333333333 0.06875 0.06111111111111111
0 0.11388888888888889 0.6993055555555555 0.05 0.03958333333333333
0 0.1875 0.7854166666666667 0.09027777777777778 0.08680555555555555
0 0.10277777777777777 0.46805555555555556 0.075 0.016666666666666666
0 0.29375 0.7909722222222222 0.04861111111111111 0.0763888888888889
0 0.10208333333333333 0.8069444444444445 0.07708333333333334 0.10416666666666667
0 0.05 0.9868055555555556 0.08333333333333333 0.02361111111111111
0 0.6222222222222222 0.5715277777777777 0.3194444444444444 0.22361111111111112
0 0.40625 0.6451388888888889 0.1736111111111111 0.37083333333333335
0 0.8736111111111111 0.69375 0.25 0.24027777777777778
0 0.6756944444444445 0.7944444444444444 0.20833333333333334 0.24097222222222223
0 0.5041666666666667 0.8680555555555556 0.23055555555555557 0.2611111111111111
0 0.91875 0.8902777777777777 0.1597222222222222 0.21666666666666667
0 0.34305555555555556 0.9194444444444444 0.04722222222222222 0.15833333333333333
0 0.7416666666666667 0.9472222222222222 0.2222222222222222 0.10277777777777777
0 0.7527777777777778 0.5104166666666666 0.21388888888888888 0.10138888888888889