0 0.24375 0.06111111111111111 0.4875 0.12222222222222222
0 0.4083333333333333 0.21875 0.15833333333333333 0.4375
0 0.11666666666666667 0.23958333333333334 0.23333333333333334 0.39305555555555555
0 0.21041666666666667 0.3159722222222222 0.2875 0.24305555555555555
0 0.8777777777777778 0.029166666666666667 0.24166666666666667 0.058333333333333334
0 0.9229166666666667 0.13472222222222222 0.15138888888888888 0.26944444444444443
0 0.7354166666666667 0.34097222222222223 0.4930555555555556 0.19305555555555556
0 0.6125 0.03333333333333333 0.24722222222222223 0.06666666666666667
0 0.24375 0.7590277777777777 0.4875 0.4791666666666667
0 0.6694444444444444 0.7256944444444444 0.3611111111111111 0.22083333333333333
0 0.9159722222222222 0.4583333333333333 0.12916666666666668 0.03888888888888889
0 0.5541666666666667 0.5395833333333333 0.13055555555555556 0.2013888888888889
0 0.9625 0.8902777777777777 0.07222222222222222 0.10833333333333334
0 0.8 0.9111111111111111 0.25 0.175
0 0.6451388888888889 0.875 0.3125 0.24722222222222223