0 0.6263888888888889 0.14375 0.24444444444444444 0.2875
0 0.38333333333333336 0.16944444444444445 0.5527777777777778 0.2361111111111111
0 0.08194444444444444 0.14583333333333334 0.1638888888888889 0.2833333333333333
0 0.3770833333333333 0.04027777777777778 0.31805555555555554 0.08055555555555556
0 0.8743055555555556 0.2548611111111111 0.24861111111111112 0.06527777777777778
0 0.2763888888888889 0.3763888888888889 0.08888888888888889 0.11597222222222223
0 0.06180555555555556 0.4027777777777778 0.12361111111111112 0.21944444444444444
0 0.7652777777777777 0.4361111111111111 0.030555555555555555 0.06388888888888888
0 0.9347222222222222 0.9402777777777778 0.12777777777777777 0.11666666666666667
0 0.9048611111111111 0.8659722222222223 0.1486111111111111 0.21388888888888888
0 0.9048611111111111 0.35347222222222224 0.1875 0.12916666666666668
0 0.98125 0.41944444444444445 0.034722222222222224 0.08888888888888889
0 0.99375 0.35694444444444445 0.009722222222222222 0.06666666666666667
0 0.8284722222222223 0.4826388888888889 0.15694444444444444 0.12916666666666668
0 0.9430555555555555 0.49027777777777776 0.1111111111111111 0.08055555555555556
0 0.9791666666666666 0.5777777777777777 0.03888888888888889 0.1527777777777778
0 0.7993055555555556 0.9354166666666667 0.09861111111111111 0.12638888888888888
0 0.8743055555555556 0.6784722222222223 0.24861111111111112 0.3402777777777778