0 0.15902777777777777 0.08958333333333333 0.31805555555555554 0.17916666666666667
0 0.3402777777777778 0.2743055555555556 0.21666666666666667 0.5486111111111112
0 0.19583333333333333 0.45069444444444445 0.39166666666666666 0.19583333333333333
0 0.1326388888888889 0.2638888888888889 0.2652777777777778 0.2361111111111111
0 0.6659722222222222 0.2743055555555556 0.43194444444444446 0.5486111111111112
0 0.8666666666666667 0.11458333333333333 0.2638888888888889 0.22916666666666666
0 0.9375 0.2833333333333333 0.12222222222222222 0.3055555555555556
0 0.8305555555555556 0.4826388888888889 0.33611111111111114 0.13194444444444445
0 0.20972222222222223 0.9527777777777777 0.20555555555555555 0.09166666666666666
0 0.12569444444444444 0.7409722222222223 0.06319444444444444 0.03958333333333333
0 0.14791666666666667 0.7666666666666667 0.06180555555555556 0.05138888888888889
0 0.16944444444444445 0.8069444444444445 0.08819444444444445 0.04513888888888889
0 0.06944444444444445 0.9256944444444445 0.1388888888888889 0.09027777777777778
0 0.4270833333333333 0.9611111111111111 0.043055555555555555 0.075
0 0.1 0.9743055555555555 0.19444444444444445 0.04861111111111111
0 0.27361111111111114 0.7861111111111111 0.05694444444444444 0.0625
0 0.42569444444444443 0.5902777777777778 0.04583333333333333 0.05
0 0.3111111111111111 0.68125 0.18680555555555556 0.15833333333333333
0 0.3416666666666667 0.7201388888888889 0.05625 0.06805555555555555
0 0.02847222222222222 0.7527777777777778 0.05694444444444444 0.10277777777777777
0 0.04236111111111111 0.8326388888888889 0.08472222222222223 0.10972222222222222
0 0.42083333333333334 0.7930555555555555 0.05555555555555555 0.12222222222222222
0 0.33958333333333335 0.9236111111111112 0.15833333333333333 0.14027777777777778
0 0.2625 0.875 0.06805555555555555 0.08888888888888889
0 0.19236111111111112 0.7145833333333333 0.06041666666666667 0.0798611111111111
0 0.12152777777777778 0.6965277777777777 0.06805555555555555 0.049305555555555554
0 0.13333333333333333 0.6618055555555555 0.05486111111111111 0.03333333333333333
0 0.2881944444444444 0.7444444444444445 0.07291666666666667 0.05277777777777778
0 0.3819444444444444 0.7444444444444445 0.052083333333333336 0.08125
0 0.9319444444444445 0.7298611111111111 0.13333333333333333 0.3597222222222222
0 0.5055555555555555 0.7208333333333333 0.1111111111111111 0.3416666666666667
0 0.6583333333333333 0.7361111111111112 0.22152777777777777 0.21666666666666667
0 0.8118055555555556 0.75625 0.21666666666666667 0.2076388888888889
0 0.7222222222222222 0.90625 0.44722222222222224 0.18472222222222223
0 0.7618055555555555 0.61875 0.25416666666666665 0.1375