0 0.10625 0.22916666666666666 0.2125 0.4583333333333333
0 0.275 0.22916666666666666 0.2861111111111111 0.4583333333333333
0 0.8527777777777777 0.11597222222222223 0.16180555555555556 0.1076388888888889
0 0.7993055555555556 0.2152777777777778 0.1 0.12777777777777777
0 0.6840277777777778 0.05416666666666667 0.1125 0.10833333333333334
0 0.9208333333333333 0.019444444444444445 0.13055555555555556 0.03888888888888889
0 0.5277777777777778 0.3055555555555556 0.21666666666666667 0.15833333333333333
0 0.7680555555555556 0.1486111111111111 0.10625 0.12361111111111112
0 0.46111111111111114 0.06041666666666667 0.08333333333333333 0.12083333333333333
0 0.5979166666666667 0.0375 0.0763888888888889 0.075
0 0.9243055555555556 0.04097222222222222 0.1486111111111111 0.0763888888888889
0 0.7881944444444444 0.050694444444444445 0.1375 0.10138888888888889
0 0.4409722222222222 0.21666666666666667 0.043055555555555555 0.08611111111111111
0 0.4888888888888889 0.39444444444444443 0.1388888888888889 0.12777777777777777
0 0.5625 0.09513888888888888 0.0798611111111111 0.10694444444444444
0 0.71875 0.010416666666666666 0.07916666666666666 0.020833333333333332
0 0.6284722222222222 0.3659722222222222 0.1284722222222222 0.11458333333333333
0 0.6458333333333334 0.42777777777777776 0.08611111111111111 0.06111111111111111
0 0.5069444444444444 0.4340277777777778 0.175 0.04861111111111111
0 0.49722222222222223 0.14722222222222223 0.15555555555555556 0.10277777777777777
0 0.4756944444444444 0.08611111111111111 0.09027777777777778 0.09513888888888888
0 0.9076388888888889 0.24444444444444444 0.18194444444444444 0.21388888888888888
0 0.5375 0.20416666666666666 0.19444444444444445 0.09513888888888888
0 0.6868055555555556 0.23958333333333334 0.14444444444444443 0.21180555555555555
0 0.83125 0.3611111111111111 0.1486111111111111 0.19375
0 0.9576388888888889 0.1423611111111111 0.08194444444444444 0.1875
0 0.6513888888888889 0.1375 0.1111111111111111 0.09444444444444444
0 0.9527777777777777 0.38263888888888886 0.09166666666666666 0.15138888888888888
0 0.5340277777777778 0.029166666666666667 0.059722222222222225 0.058333333333333334
0 0.11597222222222223 0.775 0.23194444444444445 0.2111111111111111
0 0.36041666666666666 0.7291666666666666 0.11527777777777778 0.5388888888888889
0 0.27152777777777776 0.96875 0.29305555555555557 0.059722222222222225
0 0.21180555555555555 0.8652777777777778 0.18611111111111112 0.18125
0 0.07361111111111111 0.5583333333333333 0.14722222222222223 0.19722222222222222
0 0.2916666666666667 0.5368055555555555 0.25277777777777777 0.15416666666666667
0 0.5826388888888889 0.7423611111111111 0.21597222222222223 0.23958333333333334
0 0.7180555555555556 0.74375 0.06180555555555556 0.13472222222222222
0 0.7284722222222222 0.8541666666666666 0.10555555555555556 0.12361111111111112
0 0.8194444444444444 0.8645833333333334 0.09444444444444444 0.14027777777777778
0 0.56875 0.9138888888888889 0.2652777777777778 0.16944444444444445
0 0.9305555555555556 0.9388888888888889 0.1361111111111111 0.11944444444444445
0 0.6541666666666667 0.9611111111111111 0.46944444444444444 0.075
0 0.5972222222222222 0.5881944444444445 0.35555555555555557 0.2569444444444444
0 0.8395833333333333 0.7006944444444444 0.31805555555555554 0.48194444444444445