0 0.4423611111111111 0.00625 0.2125 0.0125
0 0.24444444444444444 0.12013888888888889 0.4583333333333333 0.24027777777777778
0 0.47708333333333336 0.25 0.14305555555555555 0.375
0 0.22777777777777777 0.30416666666666664 0.45555555555555555 0.26666666666666666
0 0.6777777777777778 0.20902777777777778 0.25555555555555554 0.3402777777777778
0 0.7743055555555556 0.09097222222222222 0.4486111111111111 0.18194444444444444
0 0.8909722222222223 0.2590277777777778 0.2152777777777778 0.27361111111111114
0 0.7 0.06388888888888888 0.06736111111111111 0.10625
0 0.6041666666666666 0.08472222222222223 0.10833333333333334 0.16944444444444445
0 0.7027777777777777 0.36666666666666664 0.3055555555555556 0.14166666666666666
0 0.22430555555555556 0.8805555555555555 0.26805555555555555 0.2361111111111111
0 0.21666666666666667 0.4666666666666667 0.30277777777777776 0.05555555555555555
0 0.11944444444444445 0.6659722222222222 0.2388888888888889 0.43472222222222223
0 0.32430555555555557 0.6916666666666667 0.23194444444444445 0.44722222222222224
0 0.6465277777777778 0.6694444444444444 0.19305555555555556 0.46111111111111114
0 0.8465277777777778 0.71875 0.30416666666666664 0.5597222222222222
0 0.6659722222222222 0.9048611111111111 0.23194444444444445 0.1875