0 0.08263888888888889 0.12569444444444444 0.16527777777777777 0.2513888888888889
0 0.10694444444444444 0.25625 0.21388888888888888 0.3625
0 0.2659722222222222 0.29097222222222224 0.21805555555555556 0.29305555555555557
0 0.46319444444444446 0.24444444444444444 0.3902777777777778 0.3861111111111111
0 0.3159722222222222 0.09375 0.49583333333333335 0.1875
0 0.5861111111111111 0.9020833333333333 0.14444444444444443 0.19305555555555556
0 0.5798611111111112 0.7479166666666667 0.13333333333333333 0.20277777777777778
0 0.15347222222222223 0.9881944444444445 0.059722222222222225 0.020833333333333332
0 0.4125 0.8479166666666667 0.2 0.17083333333333334
0 0.05694444444444444 0.8583333333333333 0.11388888888888889 0.14444444444444443
0 0.44722222222222224 0.6854166666666667 0.05486111111111111 0.08194444444444444
0 0.3736111111111111 0.6486111111111111 0.10625 0.10902777777777778
0 0.40069444444444446 0.9895833333333334 0.059722222222222225 0.018055555555555554
0 0.38819444444444445 0.9416666666666667 0.050694444444444445 0.05625
0 0.3055555555555556 0.9729166666666667 0.06458333333333334 0.04236111111111111
0 0.29097222222222224 0.8173611111111111 0.07777777777777778 0.05625
0 0.19305555555555556 0.7743055555555556 0.08263888888888889 0.06597222222222222
0 0.12291666666666666 0.7763888888888889 0.07569444444444444 0.04097222222222222
0 0.14444444444444443 0.4625 0.06666666666666667 0.04722222222222222
0 0.19791666666666666 0.5215277777777778 0.03958333333333333 0.08402777777777778
0 0.47847222222222224 0.9611111111111111 0.06736111111111111 0.06597222222222222
0 0.44375 0.76875 0.13472222222222222 0.10416666666666667
0 0.11388888888888889 0.48819444444444443 0.058333333333333334 0.06527777777777778
0 0.06875 0.4576388888888889 0.05416666666666667 0.0375
0 0.1388888888888889 0.6798611111111111 0.05138888888888889 0.06041666666666667
0 0.23194444444444445 0.5444444444444444 0.041666666666666664 0.13402777777777777
0 0.29444444444444445 0.8930555555555556 0.12361111111111112 0.11180555555555556
0 0.009722222222222222 0.5715277777777777 0.019444444444444445 0.04861111111111111
0 0.06597222222222222 0.6645833333333333 0.06597222222222222 0.08333333333333333
0 0.016666666666666666 0.6430555555555556 0.03333333333333333 0.06388888888888888
0 0.011111111111111112 0.6763888888888889 0.022222222222222223 0.10555555555555556
0 0.2902777777777778 0.5618055555555556 0.07777777777777778 0.05277777777777778
0 0.2875 0.6131944444444445 0.06736111111111111 0.07361111111111111
0 0.01875 0.775 0.0375 0.075
0 0.10694444444444444 0.8347222222222223 0.12430555555555556 0.10972222222222222
0 0.37569444444444444 0.7208333333333333 0.11666666666666667 0.1
0 0.4722222222222222 0.5625 0.3333333333333333 0.24722222222222223
0 0.6416666666666667 0.7388888888888889 0.03333333333333333 0.34444444444444444
0 0.2569444444444444 0.4888888888888889 0.1361111111111111 0.1
0 0.9423611111111111 0.5090277777777777 0.08194444444444444 0.075
0 0.9513888888888888 0.9611111111111111 0.09444444444444444 0.075
0 0.6972222222222222 0.4513888888888889 0.075 0.025
0 0.85 0.66875 0.2972222222222222 0.3013888888888889
0 0.9326388888888889 0.6173611111111111 0.13194444444444445 0.1986111111111111
0 0.8555555555555555 0.49027777777777776 0.16111111111111112 0.10277777777777777
0 0.7145833333333333 0.5041666666666667 0.10972222222222222 0.10555555555555556
0 0.7708333333333334 0.4638888888888889 0.07222222222222222 0.05
0 0.9798611111111111 0.9027777777777778 0.0375 0.15
0 0.6833333333333333 0.6534722222222222 0.04722222222222222 0.1125
0 0.7659722222222223 0.8638888888888889 0.2125 0.20555555555555555
0 0.8222222222222222 0.7861111111111111 0.14652777777777778 0.10208333333333333
0 0.8847222222222222 0.9402777777777778 0.09861111111111111 0.0798611111111111
0 0.6833333333333333 0.7805555555555556 0.04722222222222222 0.10277777777777777
0 0.7131944444444445 0.84375 0.10694444444444444 0.16527777777777777
0 0.9611111111111111 0.7798611111111111 0.075 0.10972222222222222