0 0.10347222222222222 0.11736111111111111 0.035416666666666666 0.05
0 0.3145833333333333 0.23402777777777778 0.26805555555555555 0.46805555555555556
0 0.10277777777777777 0.27569444444444446 0.20555555555555555 0.38472222222222224
0 0.1326388888888889 0.03888888888888889 0.2652777777777778 0.07777777777777778
0 0.7180555555555556 0.23402777777777778 0.5361111111111111 0.46805555555555556
0 0.22430555555555556 0.7340277777777777 0.4486111111111111 0.5291666666666667
0 0.5451388888888888 0.8756944444444444 0.15625 0.24583333333333332
0 0.8229166666666666 0.9291666666666667 0.35138888888888886 0.1388888888888889
0 0.8916666666666667 0.5541666666666667 0.21388888888888888 0.16944444444444445
0 0.6298611111111111 0.6319444444444444 0.23472222222222222 0.28125
0 0.9152777777777777 0.7715277777777778 0.16666666666666666 0.32083333333333336
0 0.675 0.8673611111111111 0.10833333333333334 0.19166666666666668