0 0.3840277777777778 0.31805555555555554 0.03125 0.04375
0 0.06458333333333334 0.4201388888888889 0.12569444444444444 0.12569444444444444
0 0.2659722222222222 0.46111111111111114 0.2847222222222222 0.34444444444444444
0 0.18333333333333332 0.5527777777777778 0.15694444444444444 0.1423611111111111
0 0.17777777777777778 0.6548611111111111 0.35555555555555557 0.10694444444444444
0 0.27847222222222223 0.06041666666666667 0.18194444444444444 0.12083333333333333
0 0.09791666666666667 0.09375 0.19583333333333333 0.1875
0 0.3375 0.16527777777777777 0.14166666666666666 0.2388888888888889
0 0.1597222222222222 0.2125 0.25972222222222224 0.28888888888888886
0 0.88125 0.5166666666666667 0.23472222222222222 0.38333333333333336
0 0.5708333333333333 0.3541666666666667 0.32222222222222224 0.7083333333333334
0 0.825 0.18194444444444444 0.3472222222222222 0.3638888888888889
0 0.325 0.8125 0.16666666666666666 0.20555555555555555
0 0.14722222222222223 0.7840277777777778 0.11944444444444445 0.1486111111111111
0 0.03888888888888889 0.7881944444444444 0.07777777777777778 0.15694444444444444
0 0.37430555555555556 0.8972222222222223 0.06805555555555555 0.20277777777777778
0 0.19444444444444445 0.925 0.25277777777777777 0.14722222222222223
0 0.46458333333333335 0.8333333333333334 0.10972222222222222 0.24722222222222223
0 0.8125 0.8465277777777778 0.24722222222222223 0.27361111111111114
0 0.5972222222222222 0.8638888888888889 0.21388888888888888 0.26944444444444443
0 0.5284722222222222 0.9465277777777777 0.2375 0.10416666666666667
0 0.5729166666666666 0.7618055555555555 0.18194444444444444 0.10416666666666667