0 0.3729166666666667 0.4638888888888889 0.22916666666666666 0.18888888888888888
0 0.16666666666666666 0.5055555555555555 0.3333333333333333 0.10555555555555556
0 0.39652777777777776 0.08194444444444444 0.18194444444444444 0.1638888888888889
0 0.09027777777777778 0.11597222222222223 0.18055555555555555 0.23194444444444445
0 0.20972222222222223 0.09166666666666666 0.25 0.18333333333333332
0 0.4013888888888889 0.22569444444444445 0.17222222222222222 0.3680555555555556
0 0.16111111111111112 0.36180555555555555 0.32222222222222224 0.39305555555555555
0 0.8402777777777778 0.2791666666666667 0.31666666666666665 0.5583333333333333
0 0.6347222222222222 0.1486111111111111 0.17222222222222222 0.1486111111111111
0 0.14583333333333334 0.6833333333333333 0.03958333333333333 0.0875
0 0.4479166666666667 0.9611111111111111 0.07916666666666666 0.075
0 0.38958333333333334 0.7763888888888889 0.16944444444444445 0.25833333333333336
0 0.3972222222222222 0.6166666666666667 0.18055555555555555 0.11388888888888889
0 0.03680555555555556 0.8611111111111112 0.07361111111111111 0.1111111111111111
0 0.2375 0.7527777777777778 0.050694444444444445 0.09861111111111111
0 0.20625 0.9145833333333333 0.059722222222222225 0.08472222222222223
0 0.2916666666666667 0.9673611111111111 0.05277777777777778 0.0625
0 0.0125 0.7173611111111111 0.025 0.10694444444444444
0 0.12916666666666668 0.7576388888888889 0.09722222222222222 0.05694444444444444
0 0.10833333333333334 0.7013888888888888 0.03263888888888889 0.06180555555555556
0 0.27361111111111114 0.8256944444444444 0.1125 0.15
0 0.12986111111111112 0.5930555555555556 0.059722222222222225 0.06666666666666667
0 0.3902777777777778 0.9527777777777777 0.1361111111111111 0.09166666666666666
0 0.20416666666666666 0.9756944444444444 0.05277777777777778 0.04583333333333333
0 0.15763888888888888 0.9569444444444445 0.03680555555555556 0.05277777777777778
0 0.4652777777777778 0.8465277777777778 0.044444444444444446 0.1486111111111111
0 0.24027777777777778 0.5993055555555555 0.07847222222222222 0.0763888888888889
0 0.06388888888888888 0.8180555555555555 0.059027777777777776 0.06944444444444445
0 0.19652777777777777 0.8354166666666667 0.05763888888888889 0.07152777777777777
0 0.8402777777777778 0.9104166666666667 0.10555555555555556 0.0798611111111111
0 0.8486111111111111 0.8298611111111112 0.06527777777777778 0.08472222222222223
0 0.91875 0.6944444444444444 0.1 0.12013888888888889
0 0.6173611111111111 0.5840277777777778 0.05694444444444444 0.04861111111111111
0 0.6534722222222222 0.6090277777777777 0.07916666666666666 0.06875
0 0.5409722222222222 0.8569444444444444 0.10416666666666667 0.10277777777777777
0 0.6923611111111111 0.9645833333333333 0.17916666666666667 0.06805555555555555
0 0.9611111111111111 0.6229166666666667 0.07708333333333334 0.06666666666666667
0 0.9756944444444444 0.8618055555555556 0.04583333333333333 0.1986111111111111
0 0.775 0.7333333333333333 0.10138888888888889 0.08888888888888889
0 0.80625 0.7895833333333333 0.09861111111111111 0.10416666666666667
0 0.9576388888888889 0.7923611111111111 0.06527777777777778 0.07222222222222222
0 0.9388888888888889 0.8645833333333334 0.07430555555555556 0.0875
0 0.7361111111111112 0.8861111111111111 0.08541666666666667 0.06944444444444445