0 0.14166666666666666 0.3388888888888889 0.2833333333333333 0.3194444444444444
0 0.3861111111111111 0.3611111111111111 0.24444444444444444 0.275
0 0.375 0.11944444444444445 0.26666666666666666 0.2388888888888889
0 0.2076388888888889 0.10833333333333334 0.1625 0.21666666666666667
0 0.08472222222222223 0.10902777777777778 0.16944444444444445 0.21805555555555556
0 0.6069444444444444 0.38472222222222224 0.19444444444444445 0.22777777777777777
0 0.7819444444444444 0.42083333333333334 0.35833333333333334 0.15555555555555556
0 0.5479166666666667 0.14791666666666667 0.0763888888888889 0.2708333333333333
0 0.7097222222222223 0.18611111111111112 0.25833333333333336 0.37222222222222223
0 0.9125 0.20277777777777778 0.17222222222222222 0.40555555555555556
0 0.5840277777777778 0.0125 0.1486111111111111 0.025
0 0.33194444444444443 0.6520833333333333 0.0375 0.06875
0 0.37222222222222223 0.5680555555555555 0.06041666666666667 0.09236111111111112
0 0.27361111111111114 0.65 0.06041666666666667 0.08055555555555556
0 0.3861111111111111 0.6972222222222222 0.13819444444444445 0.16111111111111112
0 0.11180555555555556 0.66875 0.06041666666666667 0.06111111111111111
0 0.4270833333333333 0.7875 0.10486111111111111 0.14166666666666666
0 0.49027777777777776 0.74375 0.03611111111111111 0.08194444444444444
0 0.4701388888888889 0.8638888888888889 0.0763888888888889 0.09722222222222222
0 0.04583333333333333 0.7923611111111111 0.09166666666666666 0.10694444444444444
0 0.2298611111111111 0.8791666666666667 0.07430555555555556 0.075
0 0.27569444444444446 0.5430555555555555 0.07916666666666666 0.08611111111111111
0 0.2076388888888889 0.5944444444444444 0.06736111111111111 0.06319444444444444
0 0.1 0.5375 0.06388888888888888 0.075
0 0.14930555555555555 0.7777777777777778 0.12569444444444444 0.16527777777777777
0 0.7951388888888888 0.7493055555555556 0.40694444444444444 0.4986111111111111
0 0.7541666666666667 0.8944444444444445 0.4888888888888889 0.20833333333333334