0 0.38472222222222224 0.21875 0.049305555555555554 0.07222222222222222
0 0.18055555555555555 0.3333333333333333 0.3611111111111111 0.5277777777777778
0 0.3458333333333333 0.46805555555555556 0.1638888888888889 0.3194444444444444
0 0.16041666666666668 0.5423611111111111 0.29305555555555557 0.17083333333333334
0 0.018055555555555554 0.5881944444444445 0.03611111111111111 0.07916666666666666
0 0.15486111111111112 0.05416666666666667 0.2847222222222222 0.10833333333333334
0 0.3402777777777778 0.06597222222222222 0.175 0.13194444444444445
0 0.9111111111111111 0.4875 0.175 0.28055555555555556
0 0.5340277777777778 0.06527777777777778 0.20972222222222223 0.13055555555555556
0 0.7138888888888889 0.3138888888888889 0.5694444444444444 0.6277777777777778
0 0.13819444444444445 0.78125 0.2763888888888889 0.30416666666666664
0 0.3020833333333333 0.775 0.125 0.1986111111111111
0 0.3298611111111111 0.8277777777777777 0.19583333333333333 0.3416666666666667
0 0.19444444444444445 0.9173611111111111 0.1527777777777778 0.1625
0 0.09722222222222222 0.9458333333333333 0.19444444444444445 0.10555555555555556
0 0.8055555555555556 0.8979166666666667 0.28055555555555556 0.2013888888888889
0 0.9597222222222223 0.9388888888888889 0.07777777777777778 0.11944444444444445
0 0.8916666666666667 0.725 0.21388888888888888 0.19166666666666668
0 0.6055555555555555 0.7583333333333333 0.3055555555555556 0.25833333333333336
0 0.5506944444444445 0.88125 0.24305555555555555 0.23472222222222222