0 0.22708333333333333 0.2916666666666667 0.18194444444444444 0.3972222222222222
0 0.12986111111111112 0.3277777777777778 0.09166666666666666 0.13472222222222222
0 0.06944444444444445 0.4 0.1388888888888889 0.31666666666666665
0 0.2152777777777778 0.475 0.20555555555555555 0.16666666666666666
0 0.08541666666666667 0.5458333333333333 0.14583333333333334 0.025
0 0.2125 0.06875 0.2111111111111111 0.1375
0 0.05763888888888889 0.13402777777777777 0.11527777777777778 0.26805555555555555
0 0.5701388888888889 0.18888888888888888 0.5013888888888889 0.37777777777777777
0 0.35347222222222224 0.2798611111111111 0.06805555555555555 0.30694444444444446
0 0.5708333333333333 0.4951388888888889 0.5027777777777778 0.12638888888888888
0 0.5673611111111111 0.3729166666666667 0.37777777777777777 0.21666666666666667
0 0.8708333333333333 0.2659722222222222 0.25555555555555554 0.5319444444444444
0 0.15069444444444444 0.9159722222222222 0.25972222222222224 0.16527777777777777
0 0.26319444444444445 0.7694444444444445 0.10972222222222222 0.41944444444444445
0 0.11736111111111111 0.7791666666666667 0.23472222222222222 0.4388888888888889
0 0.5006944444444444 0.5722222222222222 0.15416666666666667 0.025
0 0.6111111111111112 0.5666666666666667 0.05555555555555555 0.013888888888888888
0 0.5840277777777778 0.7048611111111112 0.08263888888888889 0.06597222222222222
0 0.8965277777777778 0.6340277777777777 0.15694444444444444 0.1486111111111111
0 0.4284722222222222 0.65 0.0798611111111111 0.0625
0 0.6930555555555555 0.5868055555555556 0.050694444444444445 0.052083333333333336
0 0.7888888888888889 0.9590277777777778 0.07777777777777778 0.07916666666666666
0 0.3597222222222222 0.6583333333333333 0.07847222222222222 0.09097222222222222
0 0.3611111111111111 0.7180555555555556 0.08333333333333333 0.10555555555555556
0 0.4354166666666667 0.7069444444444445 0.09027777777777778 0.08263888888888889
0 0.6638888888888889 0.9576388888888889 0.06805555555555555 0.07222222222222222
0 0.7256944444444444 0.9611111111111111 0.06527777777777778 0.075
0 0.37916666666666665 0.9715277777777778 0.09444444444444444 0.05416666666666667
0 0.38125 0.9131944444444444 0.04097222222222222 0.0625
0 0.3625 0.9006944444444445 0.08611111111111111 0.18194444444444444
0 0.6708333333333333 0.7013888888888888 0.08680555555555555 0.07013888888888889
0 0.9402777777777778 0.9486111111111111 0.11666666666666667 0.09444444444444444
0 0.9402777777777778 0.8083333333333333 0.11666666666666667 0.125
0 0.9326388888888889 0.7298611111111111 0.13194444444444445 0.19583333333333333
0 0.7368055555555556 0.5701388888888889 0.06527777777777778 0.020833333333333332
0 0.5902777777777778 0.6159722222222223 0.05555555555555555 0.05486111111111111
0 0.5069444444444444 0.6298611111111111 0.09444444444444444 0.12777777777777777
0 0.42986111111111114 0.7972222222222223 0.11458333333333333 0.14305555555555555
0 0.45069444444444445 0.8909722222222223 0.08958333333333333 0.1388888888888889
0 0.5395833333333333 0.9229166666666667 0.09583333333333334 0.09791666666666667
0 0.6090277777777777 0.9541666666666667 0.07013888888888889 0.06111111111111111
0 0.7722222222222223 0.7222222222222222 0.12708333333333333 0.20694444444444443
0 0.8027777777777778 0.8708333333333333 0.12708333333333333 0.10138888888888889
0 0.6444444444444445 0.8270833333333333 0.20277777777777778 0.18472222222222223