0 0.27291666666666664 0.05555555555555555 0.03125 0.043055555555555555
0 0.37916666666666665 0.19236111111111112 0.07777777777777778 0.38472222222222224
0 0.18888888888888888 0.19583333333333333 0.3458333333333333 0.33958333333333335
0 0.0763888888888889 0.28888888888888886 0.1527777777777778 0.14166666666666666
0 0.12222222222222222 0.43194444444444446 0.24444444444444444 0.19166666666666668
0 0.2833333333333333 0.4513888888888889 0.26944444444444443 0.1527777777777778
0 0.09027777777777778 0.04722222222222222 0.18055555555555555 0.09444444444444444
0 0.4361111111111111 0.23958333333333334 0.03333333333333333 0.19305555555555556
0 0.47847222222222224 0.34652777777777777 0.10625 0.2013888888888889
0 0.7229166666666667 0.3527777777777778 0.4263888888888889 0.32430555555555557
0 0.9152777777777777 0.42777777777777776 0.16666666666666666 0.2
0 0.5236111111111111 0.4847222222222222 0.20833333333333334 0.08611111111111111
0 0.6625 0.09444444444444444 0.3388888888888889 0.18888888888888888
0 0.9055555555555556 0.16111111111111112 0.18611111111111112 0.32222222222222224
0 0.5083333333333333 0.15694444444444444 0.17777777777777778 0.2833333333333333
0 0.20347222222222222 0.9347222222222222 0.2125 0.12777777777777777
0 0.06180555555555556 0.5631944444444444 0.12361111111111112 0.06805555555555555
0 0.06805555555555555 0.5930555555555556 0.12777777777777777 0.12777777777777777
0 0.21875 0.73125 0.23194444444444445 0.4041666666666667
0 0.3506944444444444 0.7854166666666667 0.13472222222222222 0.4263888888888889
0 0.05763888888888889 0.8006944444444445 0.11527777777777778 0.3958333333333333
0 0.8479166666666667 0.6263888888888889 0.3013888888888889 0.19444444444444445
0 0.5076388888888889 0.6145833333333334 0.1486111111111111 0.17083333333333334
0 0.6618055555555555 0.6784722222222223 0.19930555555555557 0.23680555555555555
0 0.6416666666666667 0.5354166666666667 0.14166666666666666 0.0125
0 0.7861111111111111 0.8319444444444445 0.21388888888888888 0.3333333333333333
0 0.58125 0.8583333333333333 0.1875 0.28055555555555556
0 0.9388888888888889 0.8659722222222223 0.11944444444444445 0.2652777777777778