0 0.3638888888888889 0.21597222222222223 0.14375 0.20347222222222222
0 0.30486111111111114 0.2777777777777778 0.08402777777777778 0.10694444444444444
0 0.21319444444444444 0.07708333333333334 0.4263888888888889 0.15416666666666667
0 0.12013888888888889 0.2152777777777778 0.24027777777777778 0.2861111111111111
0 0.6180555555555556 0.17916666666666667 0.35833333333333334 0.35833333333333334
0 0.8756944444444444 0.2833333333333333 0.24583333333333332 0.15
0 0.6493055555555556 0.06527777777777778 0.42083333333333334 0.13055555555555556
0 0.9131944444444444 0.09930555555555555 0.17083333333333334 0.1986111111111111
0 0.16944444444444445 0.5263888888888889 0.3388888888888889 0.3333333333333333
0 0.39791666666666664 0.5284722222222222 0.07916666666666666 0.2708333333333333
0 0.16805555555555557 0.8034722222222223 0.33611111111111114 0.3902777777777778
0 0.9541666666666667 0.7145833333333333 0.04791666666666667 0.03888888888888889
0 0.6076388888888888 0.3736111111111111 0.0625 0.027777777777777776
0 0.46319444444444446 0.37083333333333335 0.04861111111111111 0.022222222222222223
0 0.4513888888888889 0.47291666666666665 0.025 0.059722222222222225
0 0.8347222222222223 0.6131944444444445 0.12222222222222222 0.08194444444444444
0 0.9888888888888889 0.8729166666666667 0.019444444444444445 0.0625
0 0.8916666666666667 0.88125 0.03958333333333333 0.05347222222222222
0 0.85 0.8138888888888889 0.044444444444444446 0.0375
0 0.9423611111111111 0.8125 0.06388888888888888 0.03958333333333333
0 0.9041666666666667 0.775 0.059027777777777776 0.059722222222222225
0 0.9638888888888889 0.9333333333333333 0.05694444444444444 0.04236111111111111
0 0.8902777777777777 0.8277777777777777 0.052083333333333336 0.05486111111111111
0 0.8659722222222223 0.8673611111111111 0.05138888888888889 0.05138888888888889
0 0.6743055555555556 0.8513888888888889 0.05555555555555555 0.0798611111111111
0 0.48333333333333334 0.7576388888888889 0.08402777777777778 0.08888888888888889
0 0.4861111111111111 0.8229166666666666 0.09444444444444444 0.10138888888888889
0 0.6076388888888888 0.6194444444444445 0.08541666666666667 0.08402777777777778
0 0.5458333333333333 0.3715277777777778 0.08611111111111111 0.02361111111111111
0 0.5486111111111112 0.8138888888888889 0.07430555555555556 0.06388888888888888
0 0.5243055555555556 0.8861111111111111 0.1284722222222222 0.10486111111111111
0 0.6986111111111111 0.38819444444444445 0.05277777777777778 0.05694444444444444
0 0.7958333333333333 0.5444444444444444 0.050694444444444445 0.058333333333333334
0 0.7868055555555555 0.6604166666666667 0.06944444444444445 0.07916666666666666
0 0.5013888888888889 0.4284722222222222 0.034722222222222224 0.04652777777777778
0 0.475 0.38680555555555557 0.07222222222222222 0.05416666666666667
0 0.7152777777777778 0.6381944444444444 0.09027777777777778 0.08472222222222223
0 0.9347222222222222 0.9736111111111111 0.07777777777777778 0.05
0 0.8972222222222223 0.7111111111111111 0.049305555555555554 0.03333333333333333
0 0.5541666666666667 0.5590277777777778 0.07222222222222222 0.08611111111111111
0 0.4930555555555556 0.4673611111111111 0.05347222222222222 0.05416666666666667
0 0.60625 0.47430555555555554 0.06458333333333334 0.06805555555555555
0 0.9486111111111111 0.8604166666666667 0.08402777777777778 0.06736111111111111
0 0.9631944444444445 0.9 0.07083333333333333 0.06388888888888888
0 0.9777777777777777 0.9659722222222222 0.041666666666666664 0.06527777777777778
0 0.5923611111111111 0.5243055555555556 0.0375 0.06388888888888888
0 0.5451388888888888 0.49444444444444446 0.07083333333333333 0.07083333333333333
0 0.5930555555555556 0.6548611111111111 0.04375 0.04791666666666667
0 0.5423611111111111 0.4465277777777778 0.04791666666666667 0.07291666666666667
0 0.6118055555555556 0.6861111111111111 0.03125 0.04652777777777778
0 0.4791666666666667 0.5173611111111112 0.07083333333333333 0.06944444444444445
0 0.49166666666666664 0.5861111111111111 0.059722222222222225 0.07013888888888889
0 0.5076388888888889 0.6513888888888889 0.07569444444444444 0.06875
0 0.49583333333333335 0.7104166666666667 0.10277777777777777 0.07569444444444444
0 0.9673611111111111 0.7958333333333333 0.0625 0.05
0 0.5875 0.38333333333333336 0.04722222222222222 0.04375
0 0.8701388888888889 0.9680555555555556 0.2013888888888889 0.06111111111111111
0 0.7673611111111112 0.7680555555555556 0.225 0.16458333333333333
0 0.7805555555555556 0.925 0.1388888888888889 0.14722222222222223