0 0.3423611111111111 0.39652777777777776 0.2513888888888889 0.30416666666666664
0 0.09166666666666666 0.20833333333333334 0.18333333333333332 0.4166666666666667
0 0.09305555555555556 0.4798611111111111 0.18611111111111112 0.1375
0 0.30277777777777776 0.25277777777777777 0.33055555555555555 0.5055555555555555
0 0.6868055555555556 0.33055555555555555 0.43472222222222223 0.4361111111111111
0 0.9284722222222223 0.46319444444444446 0.14027777777777778 0.17083333333333334
0 0.6298611111111111 0.15069444444444444 0.32083333333333336 0.3013888888888889
0 0.8902777777777777 0.24861111111111112 0.21666666666666667 0.49722222222222223
0 0.7944444444444444 0.7597222222222222 0.2861111111111111 0.41944444444444445
0 0.9569444444444445 0.7833333333333333 0.08333333333333333 0.3055555555555556
0 0.6090277777777777 0.7916666666666666 0.2791666666666667 0.41388888888888886
0 0.9611111111111111 0.9555555555555556 0.075 0.07222222222222222
0 0.6854166666666667 0.9444444444444444 0.3680555555555556 0.10833333333333334
0 0.6166666666666667 0.6006944444444444 0.28055555555555556 0.10138888888888889
0 0.8527777777777777 0.5944444444444444 0.26666666666666666 0.08888888888888889