0 0.275 0.2013888888888889 0.55 0.4027777777777778
0 0.5444444444444444 0.11319444444444444 0.12777777777777777 0.19305555555555556
0 0.46875 0.16111111111111112 0.0625 0.11875
0 0.4201388888888889 0.2 0.05555555555555555 0.08125
0 0.36666666666666664 0.24583333333333332 0.050694444444444445 0.11597222222222223
0 0.06666666666666667 0.27361111111111114 0.10416666666666667 0.1638888888888889
0 0.15416666666666667 0.35833333333333334 0.08194444444444444 0.10138888888888889
0 0.3611111111111111 0.32916666666666666 0.41388888888888886 0.15833333333333333
0 0.075 0.38819444444444445 0.15 0.04027777777777778
0 0.8041666666666667 0.20416666666666666 0.3888888888888889 0.4083333333333333
0 0.12083333333333333 0.8590277777777777 0.20347222222222222 0.23680555555555555
0 0.22777777777777777 0.9833333333333333 0.11944444444444445 0.030555555555555555
0 0.37083333333333335 0.6770833333333334 0.05694444444444444 0.07777777777777778
0 0.2375 0.63125 0.20069444444444445 0.2513888888888889
0 0.08819444444444445 0.6076388888888888 0.1763888888888889 0.25416666666666665
0 0.3326388888888889 0.5458333333333333 0.2513888888888889 0.2722222222222222
0 0.51875 0.6569444444444444 0.17916666666666667 0.49444444444444446
0 0.36875 0.8472222222222222 0.4791666666666667 0.30277777777777776
0 0.9666666666666667 0.50625 0.06388888888888888 0.10972222222222222
0 0.6388888888888888 0.6208333333333333 0.034722222222222224 0.041666666666666664
0 0.8 0.5173611111111112 0.04027777777777778 0.03680555555555556
0 0.8673611111111111 0.5090277777777777 0.03194444444444444 0.03125
0 0.9083333333333333 0.7194444444444444 0.06666666666666667 0.052083333333333336
0 0.8979166666666667 0.47708333333333336 0.034027777777777775 0.03819444444444445
0 0.9847222222222223 0.56875 0.027777777777777776 0.034722222222222224
0 0.6173611111111111 0.8430555555555556 0.015277777777777777 0.05
0 0.7145833333333333 0.775 0.044444444444444446 0.04583333333333333
0 0.8138888888888889 0.8152777777777778 0.058333333333333334 0.03958333333333333
0 0.9604166666666667 0.5625 0.024305555555555556 0.0798611111111111
0 0.8701388888888889 0.7256944444444444 0.09583333333333334 0.06041666666666667
0 0.9875 0.7465277777777778 0.022222222222222223 0.06527777777777778
0 0.8402777777777778 0.4423611111111111 0.06736111111111111 0.04513888888888889
0 0.61875 0.6875 0.018055555555555554 0.044444444444444446
0 0.9861111111111112 0.5972222222222222 0.025 0.044444444444444446
0 0.7013888888888888 0.5680555555555555 0.043055555555555555 0.0375
0 0.9597222222222223 0.8569444444444444 0.07777777777777778 0.09722222222222222
0 0.8340277777777778 0.6409722222222223 0.06111111111111111 0.04861111111111111
0 0.6715277777777777 0.8277777777777777 0.09722222222222222 0.09513888888888888
0 0.6597222222222222 0.7756944444444445 0.06180555555555556 0.03194444444444444
0 0.6597222222222222 0.75 0.04583333333333333 0.04097222222222222
0 0.7368055555555556 0.74375 0.04513888888888889 0.06527777777777778
0 0.8201388888888889 0.6791666666666667 0.035416666666666666 0.04652777777777778
0 0.6541666666666667 0.6520833333333333 0.04097222222222222 0.03611111111111111
0 0.8791666666666667 0.4375 0.10277777777777777 0.05555555555555555
0 0.7451388888888889 0.5055555555555555 0.044444444444444446 0.04722222222222222
0 0.6180555555555556 0.6069444444444444 0.016666666666666666 0.06111111111111111
0 0.7395833333333334 0.6263888888888889 0.035416666666666666 0.03680555555555556