0 0.22847222222222222 0.36041666666666666 0.45694444444444443 0.31527777777777777
0 0.4708333333333333 0.4777777777777778 0.16944444444444445 0.08055555555555556
0 0.19236111111111112 0.12638888888888888 0.38472222222222224 0.25277777777777777
0 0.5222222222222223 0.2590277777777778 0.17222222222222222 0.5180555555555556
0 0.9659722222222222 0.3375 0.06527777777777778 0.15833333333333333
0 0.9361111111111111 0.01875 0.03958333333333333 0.0375
0 0.8715277777777778 0.04513888888888889 0.09305555555555556 0.09027777777777778
0 0.9916666666666667 0.14097222222222222 0.013888888888888888 0.05416666666666667
0 0.9659722222222222 0.20277777777777778 0.06527777777777778 0.07222222222222222
0 0.8236111111111111 0.39861111111111114 0.09166666666666666 0.07777777777777778
0 0.94375 0.2388888888888889 0.09652777777777778 0.0763888888888889
0 0.7854166666666667 0.2298611111111111 0.10972222222222222 0.15416666666666667
0 0.95 0.13402777777777777 0.034722222222222224 0.05138888888888889
0 0.9097222222222222 0.008333333333333333 0.07222222222222222 0.016666666666666666
0 0.7041666666666667 0.1388888888888889 0.09236111111111112 0.09583333333333334
0 0.7680555555555556 0.1388888888888889 0.0375 0.05694444444444444
0 0.9020833333333333 0.3125 0.06875 0.07430555555555556
0 0.8854166666666666 0.275 0.06875 0.05694444444444444
0 0.9125 0.375 0.05625 0.05763888888888889
0 0.9506944444444444 0.17152777777777778 0.03194444444444444 0.04097222222222222
0 0.4986111111111111 0.8527777777777777 0.11666666666666667 0.07708333333333334
0 0.12222222222222222 0.9722222222222222 0.14722222222222223 0.05277777777777778
0 0.024305555555555556 0.9638888888888889 0.04861111111111111 0.06388888888888888
0 0.02638888888888889 0.8270833333333333 0.05277777777777778 0.10694444444444444
0 0.22430555555555556 0.8930555555555556 0.0875 0.06111111111111111
0 0.22777777777777777 0.5361111111111111 0.03680555555555556 0.03194444444444444
0 0.5020833333333333 0.5402777777777777 0.07361111111111111 0.041666666666666664
0 0.42569444444444443 0.5472222222222223 0.0875 0.05555555555555555
0 0.30694444444444446 0.5645833333333333 0.13333333333333333 0.09027777777777778
0 0.40347222222222223 0.9229166666666667 0.043055555555555555 0.08472222222222223
0 0.14097222222222222 0.5833333333333334 0.03680555555555556 0.08402777777777778
0 0.5576388888888889 0.5506944444444445 0.07361111111111111 0.0625
0 0.2326388888888889 0.5243055555555556 0.04583333333333333 0.009722222222222222
0 0.27361111111111114 0.6083333333333333 0.04652777777777778 0.049305555555555554
0 0.5722222222222222 0.7534722222222222 0.0625 0.06111111111111111
0 0.5166666666666667 0.6888888888888889 0.07430555555555556 0.0763888888888889
0 0.3659722222222222 0.8465277777777778 0.08194444444444444 0.07291666666666667
0 0.2763888888888889 0.8479166666666667 0.06319444444444444 0.043055555555555555
0 0.5631944444444444 0.9763888888888889 0.05138888888888889 0.044444444444444446
0 0.4444444444444444 0.9576388888888889 0.075 0.08194444444444444
0 0.22083333333333333 0.9493055555555555 0.07291666666666667 0.05416666666666667
0 0.25833333333333336 0.7020833333333333 0.07013888888888889 0.06736111111111111
0 0.17847222222222223 0.6409722222222223 0.0375 0.052083333333333336
0 0.44166666666666665 0.8013888888888889 0.07847222222222222 0.12916666666666668
0 0.5388888888888889 0.9375 0.08402777777777778 0.08055555555555556
0 0.4777777777777778 0.9048611111111111 0.035416666666666666 0.04722222222222222
0 0.31875 0.9041666666666667 0.13125 0.16111111111111112
0 0.29097222222222224 0.7736111111111111 0.09930555555555555 0.10555555555555556
0 0.1375 0.8104166666666667 0.07777777777777778 0.08680555555555555
0 0.07916666666666666 0.7805555555555556 0.06111111111111111 0.0763888888888889
0 0.08125 0.7319444444444444 0.04097222222222222 0.04861111111111111
0 0.14583333333333334 0.7548611111111111 0.07083333333333333 0.05
0 0.09722222222222222 0.8493055555555555 0.06944444444444445 0.06319444444444444
0 0.1423611111111111 0.8833333333333333 0.08194444444444444 0.07430555555555556
0 0.14375 0.7 0.05416666666666667 0.05486111111111111
0 0.37916666666666665 0.6722222222222223 0.20972222222222223 0.2465277777777778
0 0.8222222222222222 0.7111111111111111 0.3527777777777778 0.225
0 0.6423611111111112 0.8048611111111111 0.06527777777777778 0.2263888888888889
0 0.8541666666666666 0.8958333333333334 0.24722222222222223 0.20555555555555555
0 0.6763888888888889 0.9486111111111111 0.13333333333333333 0.1
0 0.8625 0.5645833333333333 0.2722222222222222 0.09027777777777778