0 0.18680555555555556 0.32222222222222224 0.3625 0.2111111111111111
0 0.09305555555555556 0.03680555555555556 0.18611111111111112 0.07361111111111111
0 0.24097222222222223 0.13472222222222222 0.25416666666666665 0.26944444444444443
0 0.08680555555555555 0.20694444444444443 0.1736111111111111 0.2833333333333333
0 0.55 0.3368055555555556 0.2111111111111111 0.18194444444444444
0 0.9006944444444445 0.08958333333333333 0.19583333333333333 0.17916666666666667
0 0.6833333333333333 0.13055555555555556 0.36944444444444446 0.2611111111111111
0 0.8020833333333334 0.25069444444444444 0.30972222222222223 0.3541666666666667
0 0.10347222222222222 0.8416666666666667 0.19583333333333333 0.3138888888888889
0 0.23680555555555555 0.7993055555555556 0.2625 0.39861111111111114
0 0.1840277777777778 0.5756944444444444 0.3680555555555556 0.29305555555555557
0 0.7263888888888889 0.7861111111111111 0.5444444444444444 0.425
0 0.7777777777777778 0.7006944444444444 0.44166666666666665 0.5430555555555555