0 0.03888888888888889 0.5701388888888889 0.07777777777777778 0.3763888888888889
0 0.32569444444444445 0.7138888888888889 0.10416666666666667 0.08888888888888889
0 0.10486111111111111 0.7215277777777778 0.20972222222222223 0.07361111111111111
0 0.19930555555555557 0.30972222222222223 0.39861111111111114 0.6194444444444445
0 0.5118055555555555 0.6736111111111112 0.22361111111111112 0.16944444444444445
0 0.7340277777777777 0.6652777777777777 0.2791666666666667 0.18611111111111112
0 0.9298611111111111 0.6472222222222223 0.1375 0.2222222222222222
0 0.46944444444444444 0.08055555555555556 0.1388888888888889 0.16111111111111112
0 0.9277777777777778 0.08680555555555555 0.14166666666666666 0.1736111111111111
0 0.6520833333333333 0.08819444444444445 0.21805555555555556 0.1763888888888889
0 0.8659722222222223 0.2847222222222222 0.2652777777777778 0.4
0 0.8048611111111111 0.02847222222222222 0.10694444444444444 0.05694444444444444
0 0.5854166666666667 0.35138888888888886 0.37083333333333335 0.4777777777777778
0 0.8180555555555555 0.4986111111111111 0.20416666666666666 0.2791666666666667
0 0.075 0.8791666666666667 0.15 0.2388888888888889
0 0.2861111111111111 0.9277777777777778 0.225 0.14166666666666666
0 0.2722222222222222 0.8395833333333333 0.25277777777777777 0.1597222222222222
0 0.8625 0.9055555555555556 0.2722222222222222 0.18611111111111112
0 0.5590277777777778 0.9256944444444445 0.08680555555555555 0.09583333333333334
0 0.6819444444444445 0.9361111111111111 0.15833333333333333 0.125