0 0.16041666666666668 0.6083333333333333 0.32083333333333336 0.11944444444444445
0 0.24375 0.0625 0.17083333333333334 0.125
0 0.5423611111111111 0.0798611111111111 0.05138888888888889 0.1597222222222222
0 0.06458333333333334 0.12152777777777778 0.12916666666666668 0.24305555555555555
0 0.11875 0.010416666666666666 0.12361111111111112 0.020833333333333332
0 0.37777777777777777 0.01597222222222222 0.13333333333333333 0.03194444444444444
0 0.15069444444444444 0.375 0.18333333333333332 0.3611111111111111
0 0.07430555555555556 0.41388888888888886 0.1486111111111111 0.22777777777777777
0 0.38263888888888886 0.36666666666666664 0.37083333333333335 0.6027777777777777
0 0.7631944444444444 0.40069444444444446 0.3875 0.5347222222222222
0 0.2875 0.8965277777777778 0.2611111111111111 0.20416666666666666
0 0.3840277777777778 0.7548611111111111 0.27361111111111114 0.17083333333333334
0 0.14166666666666666 0.8138888888888889 0.2833333333333333 0.28888888888888886
0 0.49444444444444446 0.8847222222222222 0.14722222222222223 0.22777777777777777
0 0.9597222222222223 0.8375 0.07777777777777778 0.32222222222222224
0 0.7840277777777778 0.8340277777777778 0.42916666666666664 0.32916666666666666
0 0.6451388888888889 0.8868055555555555 0.15138888888888888 0.22361111111111112
0 0.6895833333333333 0.75 0.24027777777777778 0.16111111111111112