0 0.3298611111111111 0.48125 0.35138888888888886 0.23472222222222222
0 0.10694444444444444 0.5618055555555556 0.21388888888888888 0.07361111111111111
0 0.21736111111111112 0.04583333333333333 0.23472222222222222 0.09166666666666666
0 0.050694444444444445 0.08472222222222223 0.10138888888888889 0.16944444444444445
0 0.3541666666666667 0.21041666666666667 0.1625 0.32083333333333336
0 0.27708333333333335 0.24444444444444444 0.15 0.20069444444444445
0 0.47638888888888886 0.29305555555555557 0.1638888888888889 0.5861111111111111
0 0.1111111111111111 0.3229166666666667 0.2222222222222222 0.4013888888888889
0 0.6298611111111111 0.4222222222222222 0.14027777777777778 0.19444444444444445
0 0.6611111111111111 0.2777777777777778 0.20277777777777778 0.19166666666666668
0 0.6270833333333333 0.5729166666666666 0.09861111111111111 0.05138888888888889
0 0.5847222222222223 0.5715277777777777 0.05 0.0375
0 0.6534722222222222 0.04027777777777778 0.12916666666666668 0.08055555555555556
0 0.5833333333333334 0.15486111111111112 0.04722222222222222 0.30972222222222223
0 0.88125 0.5708333333333333 0.15694444444444444 0.05555555555555555
0 0.7409722222222223 0.12638888888888888 0.08888888888888889 0.10555555555555556
0 0.8493055555555555 0.26458333333333334 0.2986111111111111 0.5291666666666667
0 0.22847222222222222 0.7993055555555556 0.45694444444444443 0.39861111111111114
0 0.8604166666666667 0.7048611111111112 0.11041666666666666 0.1451388888888889
0 0.7145833333333333 0.6326388888888889 0.09305555555555556 0.06527777777777778
0 0.9326388888888889 0.6423611111111112 0.10138888888888889 0.08472222222222223
0 0.6805555555555556 0.9 0.04791666666666667 0.04652777777777778
0 0.9277777777777778 0.7020833333333333 0.04652777777777778 0.04236111111111111
0 0.9520833333333333 0.9152777777777777 0.09305555555555556 0.16111111111111112
0 0.8881944444444444 0.8097222222222222 0.06736111111111111 0.08333333333333333
0 0.9576388888888889 0.8173611111111111 0.08194444444444444 0.2708333333333333