0 0.30486111111111114 0.16875 0.36527777777777776 0.3375
0 0.17222222222222222 0.24861111111111112 0.34444444444444444 0.17777777777777778
0 0.14652777777777778 0.11666666666666667 0.29305555555555557 0.23333333333333334
0 0.5291666666666667 0.19791666666666666 0.08055555555555556 0.2791666666666667
0 0.81875 0.2826388888888889 0.10694444444444444 0.10972222222222222
0 0.6125 0.25277777777777777 0.2361111111111111 0.16944444444444445
0 0.6277777777777778 0.024305555555555556 0.07222222222222222 0.04861111111111111
0 0.9520833333333333 0.11458333333333333 0.09305555555555556 0.22916666666666666
0 0.54375 0.08680555555555555 0.10972222222222222 0.1736111111111111
0 0.8083333333333333 0.1375 0.2722222222222222 0.275
0 0.21388888888888888 0.7541666666666667 0.42777777777777776 0.4888888888888889
0 0.40069444444444446 0.9430555555555555 0.029861111111111113 0.029166666666666667
0 0.2916666666666667 0.9375 0.20277777777777778 0.12222222222222222
0 0.42986111111111114 0.9319444444444445 0.11527777777777778 0.13333333333333333
0 0.3020833333333333 0.41597222222222224 0.1986111111111111 0.15416666666666667
0 0.17083333333333334 0.4701388888888889 0.21388888888888888 0.2625
0 0.08680555555555555 0.5263888888888889 0.1736111111111111 0.375
0 0.3902777777777778 0.51875 0.19444444444444445 0.28194444444444444
0 0.9513888888888888 0.6361111111111111 0.09444444444444444 0.38055555555555554
0 0.6520833333333333 0.6402777777777777 0.3263888888888889 0.5361111111111111
0 0.8736111111111111 0.7298611111111111 0.25 0.44027777777777777
0 0.5583333333333333 0.8576388888888888 0.1388888888888889 0.25416666666666665
0 0.9527777777777777 0.9083333333333333 0.09166666666666666 0.18055555555555555
0 0.7333333333333333 0.9541666666666667 0.36944444444444446 0.08888888888888889
0 0.93125 0.45069444444444445 0.13472222222222222 0.08194444444444444
0 0.5111111111111111 0.5034722222222222 0.044444444444444446 0.32083333333333336