0 0.4111111111111111 0.24375 0.43333333333333335 0.4875
0 0.05416666666666667 0.2298611111111111 0.10833333333333334 0.4597222222222222
0 0.2298611111111111 0.3527777777777778 0.3819444444444444 0.26944444444444443
0 0.19166666666666668 0.14722222222222223 0.3527777777777778 0.29444444444444445
0 0.8868055555555555 0.20208333333333334 0.03958333333333333 0.034027777777777775
0 0.8 0.14305555555555555 0.04583333333333333 0.041666666666666664
0 0.9881944444444445 0.19444444444444445 0.020833333333333332 0.03333333333333333
0 0.9034722222222222 0.23541666666666666 0.030555555555555555 0.04027777777777778
0 0.9638888888888889 0.20972222222222223 0.029861111111111113 0.027083333333333334
0 0.875 0.17222222222222222 0.03680555555555556 0.04375
0 0.7625 0.3597222222222222 0.03194444444444444 0.04097222222222222
0 0.875 0.375 0.04097222222222222 0.044444444444444446
0 0.9236111111111112 0.11597222222222223 0.041666666666666664 0.06527777777777778
0 0.9361111111111111 0.39375 0.06597222222222222 0.08125
0 0.66875 0.052083333333333336 0.06388888888888888 0.05763888888888889
0 0.7166666666666667 0.06597222222222222 0.04236111111111111 0.052083333333333336
0 0.73125 0.03194444444444444 0.0798611111111111 0.058333333333333334
0 0.8381944444444445 0.06666666666666667 0.06527777777777778 0.06041666666666667
0 0.9201388888888888 0.3215277777777778 0.1076388888888889 0.14305555555555555
0 0.9930555555555556 0.2611111111111111 0.011111111111111112 0.044444444444444446
0 0.9159722222222222 0.20625 0.0375 0.04375
0 0.9298611111111111 0.16180555555555556 0.04236111111111111 0.03888888888888889
0 0.6506944444444445 0.19375 0.043055555555555555 0.06805555555555555
0 0.925 0.26180555555555557 0.04375 0.04027777777777778
0 0.7611111111111111 0.23402777777777778 0.059027777777777776 0.07916666666666666
0 0.6875 0.23055555555555557 0.06875 0.06388888888888888
0 0.6597222222222222 0.41597222222222224 0.06111111111111111 0.10138888888888889
0 0.9826388888888888 0.4111111111111111 0.03194444444444444 0.09166666666666666
0 0.9763888888888889 0.18472222222222223 0.03263888888888889 0.02847222222222222
0 0.9659722222222222 0.10694444444444444 0.06527777777777778 0.15555555555555556
0 0.8090277777777778 0.24583333333333332 0.04513888888888889 0.10347222222222222
0 0.3972222222222222 0.74375 0.46111111111111114 0.5097222222222222
0 0.09930555555555555 0.6951388888888889 0.1986111111111111 0.2152777777777778
0 0.11666666666666667 0.89375 0.23333333333333334 0.20972222222222223
0 0.12083333333333333 0.5694444444444444 0.24166666666666667 0.16111111111111112
0 0.32430555555555557 0.49583333333333335 0.17083333333333334 0.013888888888888888
0 0.8645833333333334 0.8041666666666667 0.11388888888888889 0.1625
0 0.8138888888888889 0.6618055555555555 0.36944444444444446 0.3458333333333333