0 0.24791666666666667 0.19791666666666666 0.25972222222222224 0.3958333333333333
0 0.1638888888888889 0.2965277777777778 0.3277777777777778 0.3736111111111111
0 0.22430555555555556 0.48055555555555557 0.24305555555555555 0.05555555555555555
0 0.13958333333333334 0.08958333333333333 0.2791666666666667 0.17916666666666667
0 0.4215277777777778 0.3333333333333333 0.08472222222222223 0.23333333333333334
0 0.5819444444444445 0.16180555555555556 0.2611111111111111 0.3236111111111111
0 0.7979166666666667 0.25416666666666665 0.4013888888888889 0.5083333333333333
0 0.4479166666666667 0.10416666666666667 0.1375 0.19722222222222222
0 0.08125 0.5881944444444445 0.1625 0.15694444444444444
0 0.2701388888888889 0.7472222222222222 0.19444444444444445 0.2076388888888889
0 0.10069444444444445 0.7895833333333333 0.2013888888888889 0.33194444444444443
0 0.2361111111111111 0.5826388888888889 0.22777777777777777 0.14583333333333334
0 0.7756944444444445 0.7222222222222222 0.44583333333333336 0.425
0 0.4986111111111111 0.7201388888888889 0.2388888888888889 0.4013888888888889
0 0.6506944444444445 0.9243055555555556 0.32083333333333336 0.1486111111111111
0 0.5104166666666666 0.5833333333333334 0.2263888888888889 0.14722222222222223