0 0.03958333333333333 0.37083333333333335 0.07916666666666666 0.05277777777777778
0 0.21944444444444444 0.4215277777777778 0.06944444444444445 0.0125
0 0.27291666666666664 0.11805555555555555 0.06458333333333334 0.07152777777777777
0 0.20347222222222222 0.19375 0.03333333333333333 0.04861111111111111
0 0.08680555555555555 0.14652777777777778 0.05 0.059722222222222225
0 0.10902777777777778 0.29305555555555557 0.08194444444444444 0.0875
0 0.04791666666666667 0.24861111111111112 0.04375 0.043055555555555555
0 0.29930555555555555 0.3715277777777778 0.03888888888888889 0.05486111111111111
0 0.2916666666666667 0.33958333333333335 0.03819444444444445 0.03819444444444445
0 0.175 0.2590277777777778 0.05138888888888889 0.0375
0 0.27291666666666664 0.3875 0.0625 0.08055555555555556
0 0.24444444444444444 0.3284722222222222 0.04027777777777778 0.0875
0 0.33611111111111114 0.4201388888888889 0.041666666666666664 0.015277777777777777
0 0.11666666666666667 0.1840277777777778 0.06041666666666667 0.06875
0 0.027083333333333334 0.20902777777777778 0.05416666666666667 0.05694444444444444
0 0.016666666666666666 0.33819444444444446 0.03333333333333333 0.07361111111111111
0 0.030555555555555555 0.30625 0.06111111111111111 0.0763888888888889
0 0.16805555555555557 0.14722222222222223 0.059722222222222225 0.07847222222222222
0 0.14930555555555555 0.08819444444444445 0.10486111111111111 0.07569444444444444
0 0.18541666666666667 0.3 0.06527777777777778 0.05763888888888889
0 0.38819444444444445 0.39652777777777776 0.07361111111111111 0.0625
0 0.4409722222222222 0.4041666666666667 0.05138888888888889 0.04722222222222222
0 0.059027777777777776 0.40347222222222223 0.11805555555555555 0.04861111111111111
0 0.16527777777777777 0.4 0.075 0.05555555555555555
0 0.12361111111111112 0.35138888888888886 0.05694444444444444 0.08472222222222223
0 0.2388888888888889 0.275 0.05763888888888889 0.07291666666666667
0 0.28541666666666665 0.18680555555555556 0.049305555555555554 0.05138888888888889
0 0.034027777777777775 0.13541666666666666 0.05555555555555555 0.049305555555555554
0 0.45416666666666666 0.3729166666666667 0.08472222222222223 0.06388888888888888
0 0.5604166666666667 0.40069444444444446 0.034722222222222224 0.05416666666666667
0 0.7888888888888889 0.13958333333333334 0.41944444444444445 0.2791666666666667
0 0.6277777777777778 0.21388888888888888 0.09722222222222222 0.42777777777777776
0 0.6944444444444444 0.3729166666666667 0.23055555555555557 0.10972222222222222
0 0.8770833333333333 0.21388888888888888 0.24305555555555555 0.42777777777777776
0 0.30416666666666664 0.4875 0.07083333333333333 0.08611111111111111
0 0.022222222222222223 0.5645833333333333 0.044444444444444446 0.06805555555555555
0 0.5270833333333333 0.5576388888888889 0.052083333333333336 0.07083333333333333
0 0.5618055555555556 0.53125 0.03194444444444444 0.05138888888888889
0 0.5069444444444444 0.6763888888888889 0.034027777777777775 0.05416666666666667
0 0.45555555555555555 0.6902777777777778 0.03333333333333333 0.050694444444444445
0 0.48055555555555557 0.6673611111111111 0.0375 0.04236111111111111
0 0.44513888888888886 0.6493055555555556 0.0375 0.04722222222222222
0 0.24930555555555556 0.8743055555555556 0.3736111111111111 0.24861111111111112
0 0.46944444444444444 0.8041666666666667 0.21666666666666667 0.3888888888888889
0 0.4222222222222222 0.5145833333333333 0.04583333333333333 0.05138888888888889
0 0.3451388888888889 0.44027777777777777 0.08472222222222223 0.022222222222222223
0 0.11458333333333333 0.7881944444444444 0.14930555555555555 0.20277777777777778
0 0.41041666666666665 0.7048611111111112 0.044444444444444446 0.06875
0 0.5194444444444445 0.6194444444444445 0.11597222222222223 0.07916666666666666
0 0.30972222222222223 0.7375 0.23402777777777778 0.16041666666666668
0 0.030555555555555555 0.6138888888888889 0.06111111111111111 0.13055555555555556
0 0.375 0.5486111111111112 0.0798611111111111 0.06875
0 0.47291666666666665 0.5777777777777777 0.07291666666666667 0.1076388888888889
0 0.1597222222222222 0.4895833333333333 0.07222222222222222 0.07569444444444444
0 0.03819444444444445 0.5 0.0763888888888889 0.10277777777777777
0 0.08541666666666667 0.5611111111111111 0.10625 0.1486111111111111
0 0.4388888888888889 0.48055555555555557 0.08888888888888889 0.07013888888888889
0 0.4756944444444444 0.5145833333333333 0.059722222222222225 0.04097222222222222
0 0.5361111111111111 0.4618055555555556 0.03958333333333333 0.04722222222222222
0 0.19791666666666666 0.4583333333333333 0.20972222222222223 0.058333333333333334
0 0.31666666666666665 0.6041666666666666 0.15555555555555556 0.16319444444444445
0 0.04861111111111111 0.8840277777777777 0.09722222222222222 0.22916666666666666
0 0.9583333333333334 0.8229166666666666 0.08055555555555556 0.35138888888888886
0 0.7555555555555555 0.8430555555555556 0.3527777777777778 0.3111111111111111
0 0.6569444444444444 0.4736111111111111 0.15555555555555556 0.08888888888888889
0 0.8354166666666667 0.5743055555555555 0.31805555555555554 0.2902777777777778
0 0.6541666666666667 0.7472222222222222 0.15 0.4111111111111111