0 0.3020833333333333 0.009722222222222222 0.0375 0.019444444444444445
0 0.011111111111111112 0.32708333333333334 0.022222222222222223 0.04583333333333333
0 0.013888888888888888 0.36180555555555555 0.027777777777777776 0.03194444444444444
0 0.44930555555555557 0.2652777777777778 0.0763888888888889 0.07013888888888889
0 0.04097222222222222 0.31666666666666665 0.07152777777777777 0.10208333333333333
0 0.4173611111111111 0.36736111111111114 0.10416666666666667 0.020833333333333332
0 0.36527777777777776 0.2777777777777778 0.11527777777777778 0.15625
0 0.3909722222222222 0.14375 0.03125 0.041666666666666664
0 0.2833333333333333 0.08611111111111111 0.03888888888888889 0.043055555555555555
0 0.24097222222222223 0.15 0.024305555555555556 0.03819444444444445
0 0.06805555555555555 0.225 0.03958333333333333 0.06527777777777778
0 0.02361111111111111 0.20277777777777778 0.04722222222222222 0.03611111111111111
0 0.2361111111111111 0.2590277777777778 0.06041666666666667 0.05138888888888889
0 0.17777777777777778 0.28680555555555554 0.035416666666666666 0.034722222222222224
0 0.15416666666666667 0.29583333333333334 0.05555555555555555 0.06388888888888888
0 0.12777777777777777 0.3263888888888889 0.05347222222222222 0.059027777777777776
0 0.2826388888888889 0.22291666666666668 0.05416666666666667 0.07777777777777778
0 0.29791666666666666 0.04236111111111111 0.05277777777777778 0.049305555555555554
0 0.4284722222222222 0.05347222222222222 0.14027777777777778 0.10694444444444444
0 0.2152777777777778 0.09652777777777778 0.07152777777777777 0.09236111111111112
0 0.28541666666666665 0.3215277777777778 0.14583333333333334 0.1125
0 0.3215277777777778 0.1597222222222222 0.13541666666666666 0.14166666666666666
0 0.47291666666666665 0.15138888888888888 0.05138888888888889 0.10555555555555556
0 0.004861111111111111 0.2465277777777778 0.009722222222222222 0.043055555555555555
0 0.5256944444444445 0.13541666666666666 0.05138888888888889 0.043055555555555555
0 0.8805555555555555 0.3125 0.09722222222222222 0.13055555555555556
0 0.9902777777777778 0.28888888888888886 0.016666666666666666 0.075
0 0.9152777777777777 0.015277777777777777 0.06666666666666667 0.030555555555555555
0 0.6006944444444444 0.022222222222222223 0.15138888888888888 0.044444444444444446
0 0.7743055555555556 0.07708333333333334 0.075 0.07916666666666666
0 0.7638888888888888 0.11458333333333333 0.05763888888888889 0.04861111111111111
0 0.5708333333333333 0.2965277777777778 0.05138888888888889 0.06111111111111111
0 0.76875 0.3597222222222222 0.08194444444444444 0.03611111111111111
0 0.95 0.16597222222222222 0.09722222222222222 0.1625
0 0.7888888888888889 0.029861111111111113 0.05555555555555555 0.059722222222222225
0 0.9166666666666666 0.36319444444444443 0.10833333333333334 0.029166666666666667
0 0.9673611111111111 0.05347222222222222 0.0625 0.10694444444444444
0 0.5229166666666667 0.06458333333333334 0.04583333333333333 0.12916666666666668
0 0.9180555555555555 0.36319444444444443 0.1111111111111111 0.029166666666666667
0 0.8104166666666667 0.014583333333333334 0.08472222222222223 0.029166666666666667
0 0.8638888888888889 0.10347222222222222 0.0763888888888889 0.1527777777777778
0 0.5229166666666667 0.0625 0.04583333333333333 0.125
0 0.08611111111111111 0.6569444444444444 0.06944444444444445 0.09375
0 0.15694444444444444 0.6361111111111111 0.07916666666666666 0.07777777777777778
0 0.13472222222222222 0.7027777777777777 0.06458333333333334 0.07708333333333334
0 0.21736111111111112 0.8152777777777778 0.05416666666666667 0.05
0 0.2125 0.7652777777777777 0.025 0.05277777777777778
0 0.24513888888888888 0.7645833333333333 0.035416666666666666 0.0798611111111111
0 0.29375 0.825 0.09652777777777778 0.13680555555555557
0 0.3173611111111111 0.7486111111111111 0.059027777777777776 0.06805555555555555
0 0.275 0.6895833333333333 0.09930555555555555 0.05347222222222222
0 0.1111111111111111 0.8944444444444445 0.2222222222222222 0.20833333333333334
0 0.015277777777777777 0.9055555555555556 0.030555555555555555 0.1638888888888889
0 0.18611111111111112 0.9840277777777777 0.16111111111111112 0.029166666666666667
0 0.3923611111111111 0.7736111111111111 0.2125 0.45
0 0.06458333333333334 0.7833333333333333 0.07083333333333333 0.07152777777777777
0 0.15138888888888888 0.7659722222222223 0.06875 0.07013888888888889
0 0.7881944444444444 0.39305555555555555 0.08194444444444444 0.027777777777777776
0 0.6756944444444445 0.4 0.1125 0.041666666666666664
0 0.8756944444444444 0.41944444444444445 0.05694444444444444 0.05486111111111111
0 0.60625 0.4076388888888889 0.059722222222222225 0.05694444444444444
0 0.6423611111111112 0.9 0.10833333333333334 0.14791666666666667
0 0.9520833333333333 0.7229166666666667 0.09305555555555556 0.13472222222222222
0 0.8736111111111111 0.40625 0.058333333333333334 0.05416666666666667
0 0.925 0.4173611111111111 0.05416666666666667 0.04652777777777778
0 0.68125 0.7638888888888888 0.07013888888888889 0.1125
0 0.7131944444444445 0.9736111111111111 0.0763888888888889 0.05
0 0.7590277777777777 0.8138888888888889 0.049305555555555554 0.10694444444444444
0 0.7881944444444444 0.7576388888888889 0.04375 0.05555555555555555
0 0.8708333333333333 0.75 0.08402777777777778 0.08194444444444444
0 0.5277777777777778 0.85 0.05555555555555555 0.125
0 0.5902777777777778 0.8173611111111111 0.11041666666666666 0.13819444444444445
0 0.5659722222222222 0.7423611111111111 0.09861111111111111 0.06319444444444444
0 0.6451388888888889 0.5902777777777778 0.08194444444444444 0.08472222222222223
0 0.6305555555555555 0.5229166666666667 0.06875 0.12013888888888889
0 0.5486111111111112 0.5770833333333333 0.09722222222222222 0.11527777777777778
0 0.7333333333333333 0.5729166666666666 0.11805555555555555 0.08958333333333333
0 0.8659722222222223 0.6618055555555555 0.08888888888888889 0.13194444444444445
0 0.7444444444444445 0.6930555555555555 0.11319444444444444 0.16527777777777777
0 0.7270833333333333 0.5284722222222222 0.09166666666666666 0.10694444444444444
0 0.7840277777777778 0.4597222222222222 0.0763888888888889 0.06388888888888888
0 0.8236111111111111 0.4395833333333333 0.05694444444444444 0.0798611111111111
0 0.53125 0.46597222222222223 0.0625 0.08194444444444444
0 0.5215277777777778 0.6534722222222222 0.043055555555555555 0.06527777777777778
0 0.7090277777777778 0.8423611111111111 0.09861111111111111 0.15138888888888888
0 0.8270833333333333 0.8819444444444444 0.20694444444444443 0.19583333333333333