0 0.5111111111111111 0.5701388888888889 0.06666666666666667 0.05694444444444444
0 0.4486111111111111 0.30972222222222223 0.03888888888888889 0.06041666666666667
0 0.2923611111111111 0.3277777777777778 0.05 0.075
0 0.26319444444444445 0.34305555555555556 0.020833333333333332 0.02847222222222222
0 0.4097222222222222 0.5756944444444444 0.044444444444444446 0.04583333333333333
0 0.43819444444444444 0.5722222222222222 0.05694444444444444 0.05277777777777778
0 0.2659722222222222 0.18263888888888888 0.11319444444444444 0.09652777777777778
0 0.3215277777777778 0.43680555555555556 0.035416666666666666 0.035416666666666666
0 0.33125 0.4083333333333333 0.03125 0.024305555555555556
0 0.34375 0.37777777777777777 0.0375 0.04027777777777778
0 0.0875 0.5152777777777777 0.0375 0.04513888888888889
0 0.30277777777777776 0.4708333333333333 0.05486111111111111 0.041666666666666664
0 0.21805555555555556 0.47152777777777777 0.07430555555555556 0.03333333333333333
0 0.22916666666666666 0.41944444444444445 0.0798611111111111 0.07916666666666666
0 0.3347222222222222 0.12222222222222222 0.04652777777777778 0.043055555555555555
0 0.29444444444444445 0.1625 0.11597222222222223 0.09444444444444444
0 0.08888888888888889 0.3638888888888889 0.08402777777777778 0.06944444444444445
0 0.19027777777777777 0.24930555555555556 0.07083333333333333 0.0798611111111111
0 0.37777777777777777 0.5409722222222222 0.1486111111111111 0.08611111111111111
0 0.5020833333333333 0.009027777777777777 0.09027777777777778 0.018055555555555554
0 0.4909722222222222 0.4701388888888889 0.09513888888888888 0.11527777777777778
0 0.16805555555555557 0.40694444444444444 0.09375 0.08125
0 0.5479166666666667 0.3597222222222222 0.020833333333333332 0.03611111111111111
0 0.30625 0.10833333333333334 0.04513888888888889 0.04513888888888889
0 0.3548611111111111 0.48055555555555557 0.08333333333333333 0.08125
0 0.40208333333333335 0.3972222222222222 0.08333333333333333 0.07152777777777777
0 0.38819444444444445 0.375 0.06597222222222222 0.06736111111111111
0 0.26805555555555555 0.10694444444444444 0.059722222222222225 0.05347222222222222
0 0.4284722222222222 0.46944444444444444 0.03333333333333333 0.02847222222222222
0 0.4409722222222222 0.44027777777777777 0.05763888888888889 0.04236111111111111
0 0.47708333333333336 0.37222222222222223 0.04097222222222222 0.04583333333333333
0 0.4222222222222222 0.3472222222222222 0.075 0.05416666666666667
0 0.01597222222222222 0.49722222222222223 0.03194444444444444 0.05
0 0.05694444444444444 0.47291666666666665 0.035416666666666666 0.05416666666666667
0 0.20277777777777778 0.31527777777777777 0.05763888888888889 0.07847222222222222
0 0.06805555555555555 0.4166666666666667 0.1076388888888889 0.10277777777777777
0 0.27847222222222223 0.2590277777777778 0.04722222222222222 0.06041666666666667
0 0.22916666666666666 0.3625 0.0625 0.06666666666666667
0 0.475 0.28055555555555556 0.03611111111111111 0.05138888888888889
0 0.5243055555555556 0.3638888888888889 0.029861111111111113 0.024305555555555556
0 0.5423611111111111 0.3055555555555556 0.03194444444444444 0.030555555555555555
0 0.5055555555555555 0.39166666666666666 0.022916666666666665 0.041666666666666664
0 0.03819444444444445 0.29930555555555555 0.03194444444444444 0.05347222222222222
0 0.525 0.3347222222222222 0.02847222222222222 0.03611111111111111
0 0.8888888888888888 0.29930555555555555 0.21944444444444444 0.5986111111111111
0 0.7159722222222222 0.43125 0.3125 0.3347222222222222
0 0.7791666666666667 0.18055555555555555 0.4388888888888889 0.3611111111111111
0 0.2 0.7993055555555556 0.4 0.39861111111111114
0 0.3645833333333333 0.8444444444444444 0.3875 0.30833333333333335
0 0.8972222222222223 0.65 0.08888888888888889 0.1
0 0.9104166666666667 0.925 0.1763888888888889 0.14722222222222223
0 0.8826388888888889 0.7833333333333333 0.07152777777777777 0.05555555555555555
0 0.9013888888888889 0.725 0.04513888888888889 0.07708333333333334
0 0.6541666666666667 0.6152777777777778 0.06111111111111111 0.030555555555555555
0 0.7388888888888889 0.6520833333333333 0.05138888888888889 0.08263888888888889
0 0.7402777777777778 0.8166666666666667 0.07361111111111111 0.059722222222222225
0 0.6180555555555556 0.9777777777777777 0.11666666666666667 0.041666666666666664
0 0.8145833333333333 0.7541666666666667 0.052083333333333336 0.05416666666666667
0 0.8354166666666667 0.6395833333333333 0.13472222222222222 0.07916666666666666
0 0.6527777777777778 0.6680555555555555 0.05138888888888889 0.08125
0 0.60625 0.6305555555555555 0.03611111111111111 0.052083333333333336
0 0.85 0.9395833333333333 0.24444444444444444 0.11805555555555555
0 0.9680555555555556 0.70625 0.06111111111111111 0.10138888888888889