0 0.46805555555555556 0.2847222222222222 0.08194444444444444 0.09722222222222222
0 0.2652777777777778 0.45416666666666666 0.12777777777777777 0.027777777777777776
0 0.007638888888888889 0.3326388888888889 0.015277777777777777 0.09861111111111111
0 0.021527777777777778 0.10833333333333334 0.043055555555555555 0.06944444444444445
0 0.03680555555555556 0.04513888888888889 0.06805555555555555 0.09027777777777778
0 0.08263888888888889 0.09861111111111111 0.07430555555555556 0.06180555555555556
0 0.14305555555555555 0.2152777777777778 0.06041666666666667 0.1
0 0.19236111111111112 0.2625 0.06319444444444444 0.06319444444444444
0 0.2861111111111111 0.19375 0.058333333333333334 0.043055555555555555
0 0.4895833333333333 0.23541666666666666 0.0763888888888889 0.10138888888888889
0 0.36666666666666664 0.2263888888888889 0.07291666666666667 0.04722222222222222
0 0.22083333333333333 0.21458333333333332 0.10555555555555556 0.08819444444444445
0 0.5097222222222222 0.02638888888888889 0.03611111111111111 0.05277777777777778
0 0.25416666666666665 0.04027777777777778 0.06944444444444445 0.08055555555555556
0 0.36875 0.2861111111111111 0.06180555555555556 0.07916666666666666
0 0.4270833333333333 0.24375 0.07083333333333333 0.10902777777777778
0 0.32708333333333334 0.32569444444444445 0.09791666666666667 0.0875
0 0.2701388888888889 0.3055555555555556 0.05694444444444444 0.09652777777777778
0 0.18819444444444444 0.3138888888888889 0.10694444444444444 0.06666666666666667
0 0.06597222222222222 0.3388888888888889 0.0875 0.08888888888888889
0 0.06666666666666667 0.22708333333333333 0.11388888888888889 0.15069444444444444
0 0.14722222222222223 0.4048611111111111 0.09444444444444444 0.12638888888888888
0 0.06180555555555556 0.41805555555555557 0.12361111111111112 0.1
0 0.0125 0.04375 0.025 0.06805555555555555
0 0.009722222222222222 0.23055555555555557 0.019444444444444445 0.058333333333333334
0 0.013194444444444444 0.28888888888888886 0.02638888888888889 0.075
0 0.475 0.4270833333333333 0.10555555555555556 0.08194444444444444
0 0.38263888888888886 0.04722222222222222 0.05486111111111111 0.044444444444444446
0 0.16041666666666668 0.14027777777777778 0.16041666666666668 0.1
0 0.2798611111111111 0.15347222222222223 0.08194444444444444 0.07916666666666666
0 0.3541666666666667 0.16041666666666668 0.08194444444444444 0.08263888888888889
0 0.39166666666666666 0.10625 0.06805555555555555 0.07708333333333334
0 0.44722222222222224 0.17222222222222222 0.09722222222222222 0.07847222222222222
0 0.2972222222222222 0.25555555555555554 0.075 0.06805555555555555
0 0.5340277777777778 0.4222222222222222 0.009722222222222222 0.06666666666666667
0 0.7333333333333333 0.13402777777777777 0.04097222222222222 0.02847222222222222
0 0.7979166666666667 0.22569444444444445 0.034027777777777775 0.029166666666666667
0 0.84375 0.2520833333333333 0.03680555555555556 0.027083333333333334
0 0.9861111111111112 0.06111111111111111 0.025 0.07777777777777778
0 0.7923611111111111 0.06527777777777778 0.04236111111111111 0.04375
0 0.9326388888888889 0.3902777777777778 0.03125 0.041666666666666664
0 0.8243055555555555 0.3326388888888889 0.03888888888888889 0.043055555555555555
0 0.7826388888888889 0.39652777777777776 0.024305555555555556 0.03819444444444445
0 0.6090277777777777 0.4534722222222222 0.04027777777777778 0.029166666666666667
0 0.5604166666666667 0.4486111111111111 0.05486111111111111 0.034722222222222224
0 0.8236111111111111 0.44930555555555557 0.05555555555555555 0.0375
0 0.8388888888888889 0.28888888888888886 0.05277777777777778 0.049305555555555554
0 0.9493055555555555 0.25972222222222224 0.09861111111111111 0.18888888888888888
0 0.75625 0.34305555555555556 0.07152777777777777 0.09236111111111112
0 0.8888888888888888 0.18680555555555556 0.06944444444444445 0.06944444444444445
0 0.7791666666666667 0.18263888888888888 0.04513888888888889 0.03333333333333333
0 0.8631944444444445 0.4013888888888889 0.1375 0.13333333333333333
0 0.9541666666666667 0.1375 0.08888888888888889 0.07777777777777778
0 0.2048611111111111 0.5583333333333333 0.4097222222222222 0.17777777777777778
0 0.42083333333333334 0.7340277777777777 0.21388888888888888 0.5291666666666667
0 0.24722222222222223 0.9215277777777777 0.49444444444444446 0.15416666666666667
0 0.17569444444444443 0.7444444444444445 0.35138888888888886 0.26944444444444443
0 0.9256944444444445 0.8277777777777777 0.14583333333333334 0.3416666666666667
0 0.7423611111111111 0.9395833333333333 0.4263888888888889 0.11805555555555555
0 0.6729166666666667 0.625 0.2875 0.3111111111111111
0 0.8236111111111111 0.6909722222222222 0.35 0.44305555555555554