0 0.04027777777777778 0.5826388888888889 0.08055555555555556 0.06527777777777778
0 0.13819444444444445 0.6041666666666666 0.09583333333333334 0.04722222222222222
0 0.5020833333333333 0.4701388888888889 0.09305555555555556 0.15694444444444444
0 0.19444444444444445 0.5631944444444444 0.09166666666666666 0.12916666666666668
0 0.2708333333333333 0.5875 0.10555555555555556 0.08055555555555556
0 0.24305555555555555 0.4548611111111111 0.04861111111111111 0.05138888888888889
0 0.2743055555555556 0.4895833333333333 0.04097222222222222 0.04027777777777778
0 0.29097222222222224 0.46041666666666664 0.04652777777777778 0.06875
0 0.33541666666666664 0.4388888888888889 0.04861111111111111 0.059722222222222225
0 0.26875 0.28055555555555556 0.05625 0.04791666666666667
0 0.2590277777777778 0.2986111111111111 0.03958333333333333 0.035416666666666666
0 0.5395833333333333 0.3416666666666667 0.018055555555555554 0.05277777777777778
0 0.4236111111111111 0.4097222222222222 0.16527777777777777 0.14930555555555555
0 0.5090277777777777 0.32430555555555557 0.07569444444444444 0.05763888888888889
0 0.2298611111111111 0.3611111111111111 0.03958333333333333 0.034722222222222224
0 0.14027777777777778 0.3625 0.04097222222222222 0.03611111111111111
0 0.5027777777777778 0.575 0.09166666666666666 0.10555555555555556
0 0.2881944444444444 0.5423611111111111 0.04375 0.08541666666666667
0 0.21666666666666667 0.49722222222222223 0.10833333333333334 0.10972222222222222
0 0.5347222222222222 0.16111111111111112 0.027777777777777776 0.06111111111111111
0 0.37916666666666665 0.2916666666666667 0.05625 0.07152777777777777
0 0.5173611111111112 0.3840277777777778 0.0625 0.07361111111111111
0 0.5347222222222222 0.22291666666666668 0.027777777777777776 0.07083333333333333
0 0.12916666666666668 0.4840277777777778 0.07430555555555556 0.10972222222222222
0 0.3104166666666667 0.36666666666666664 0.06666666666666667 0.07222222222222222
0 0.3840277777777778 0.5270833333333333 0.15694444444444444 0.2013888888888889
0 0.3111111111111111 0.28055555555555556 0.03888888888888889 0.05277777777777778
0 0.3388888888888889 0.27152777777777776 0.03611111111111111 0.04097222222222222
0 0.5368055555555555 0.09722222222222222 0.02361111111111111 0.03888888888888889
0 0.21388888888888888 0.4041666666666667 0.059722222222222225 0.06527777777777778
0 0.48125 0.29375 0.05 0.034722222222222224
0 0.40902777777777777 0.20902777777777778 0.03125 0.024305555555555556
0 0.4083333333333333 0.24861111111111112 0.03888888888888889 0.041666666666666664
0 0.70625 0.43125 0.08680555555555555 0.075
0 0.5604166666666667 0.5673611111111111 0.020833333333333332 0.06527777777777778
0 0.8125 0.5645833333333333 0.06875 0.06736111111111111
0 0.7034722222222223 0.28680555555555554 0.06736111111111111 0.06319444444444444
0 0.8548611111111111 0.10416666666666667 0.20694444444444443 0.20833333333333334
0 0.68125 0.49930555555555556 0.22083333333333333 0.2569444444444444
0 0.8826388888888889 0.5902777777777778 0.19583333333333333 0.075
0 0.6020833333333333 0.35555555555555557 0.052083333333333336 0.06527777777777778
0 0.9701388888888889 0.35 0.03888888888888889 0.06944444444444445
0 0.9729166666666667 0.49166666666666664 0.05138888888888889 0.09722222222222222
0 0.9180555555555555 0.2798611111111111 0.16041666666666668 0.16805555555555557
0 0.9715277777777778 0.06944444444444445 0.05416666666666667 0.1388888888888889
0 0.5993055555555555 0.1798611111111111 0.09861111111111111 0.1597222222222222
0 0.6048611111111111 0.0798611111111111 0.10972222222222222 0.1375
0 0.5840277777777778 0.02847222222222222 0.06805555555555555 0.05694444444444444
0 0.8041666666666667 0.4756944444444444 0.07708333333333334 0.10972222222222222
0 0.9805555555555555 0.40347222222222223 0.03611111111111111 0.1125
0 0.5611111111111111 0.6020833333333333 0.022222222222222223 0.05138888888888889
0 0.7638888888888888 0.3388888888888889 0.1 0.1388888888888889
0 0.6291666666666667 0.24513888888888888 0.04861111111111111 0.09513888888888888
0 0.6597222222222222 0.37083333333333335 0.06180555555555556 0.06388888888888888
0 0.7194444444444444 0.3840277777777778 0.06319444444444444 0.059722222222222225
0 0.95 0.1625 0.08194444444444444 0.08680555555555555
0 0.2743055555555556 0.8138888888888889 0.5486111111111112 0.36944444444444446
0 0.8125 0.6972222222222222 0.37222222222222223 0.1361111111111111
0 0.6319444444444444 0.7173611111111111 0.1638888888888889 0.1763888888888889
0 0.9618055555555556 0.8243055555555555 0.07361111111111111 0.3486111111111111
0 0.8222222222222222 0.8694444444444445 0.25555555555555554 0.25833333333333336
0 0.6347222222222222 0.8993055555555556 0.16944444444444445 0.1986111111111111