0 0.1763888888888889 0.11736111111111111 0.09166666666666666 0.06388888888888888
0 0.13819444444444445 0.049305555555555554 0.10138888888888889 0.08541666666666667
0 0.22013888888888888 0.4979166666666667 0.10416666666666667 0.059722222222222225
0 0.06736111111111111 0.4013888888888889 0.13472222222222222 0.12222222222222222
0 0.09166666666666666 0.024305555555555556 0.06944444444444445 0.04861111111111111
0 0.027083333333333334 0.03888888888888889 0.05416666666666667 0.03888888888888889
0 0.29375 0.15694444444444444 0.06319444444444444 0.0798611111111111
0 0.35208333333333336 0.08194444444444444 0.05138888888888889 0.058333333333333334
0 0.3472222222222222 0.15208333333333332 0.06111111111111111 0.07361111111111111
0 0.17152777777777778 0.2520833333333333 0.04027777777777778 0.059027777777777776
0 0.25555555555555554 0.3055555555555556 0.04583333333333333 0.05277777777777778
0 0.20625 0.31805555555555554 0.04652777777777778 0.04791666666666667
0 0.21944444444444444 0.18472222222222223 0.10138888888888889 0.10277777777777777
0 0.11805555555555555 0.17847222222222223 0.07569444444444444 0.10138888888888889
0 0.2673611111111111 0.035416666666666666 0.0763888888888889 0.07083333333333333
0 0.007638888888888889 0.11319444444444444 0.015277777777777777 0.043055555555555555
0 0.0625 0.12430555555555556 0.09513888888888888 0.03819444444444445
0 0.14444444444444443 0.4888888888888889 0.06388888888888888 0.07777777777777778
0 0.05486111111111111 0.16458333333333333 0.05694444444444444 0.050694444444444445
0 0.2722222222222222 0.1326388888888889 0.06388888888888888 0.08958333333333333
0 0.1875 0.06458333333333334 0.07152777777777777 0.0798611111111111
0 0.2777777777777778 0.2375 0.050694444444444445 0.052083333333333336
0 0.14097222222222222 0.2076388888888889 0.058333333333333334 0.04861111111111111
0 0.33819444444444446 0.24166666666666667 0.07916666666666666 0.08611111111111111
0 0.04027777777777778 0.06736111111111111 0.03888888888888889 0.043055555555555555
0 0.12777777777777777 0.3326388888888889 0.10208333333333333 0.09513888888888888
0 0.8069444444444445 0.06388888888888888 0.09513888888888888 0.11875
0 0.40694444444444444 0.3145833333333333 0.05555555555555555 0.37916666666666665
0 0.6368055555555555 0.31666666666666665 0.41875 0.42083333333333334
0 0.9680555555555556 0.32569444444444445 0.06111111111111111 0.17083333333333334
0 0.9416666666666667 0.46875 0.11388888888888889 0.11805555555555555
0 0.5402777777777777 0.10486111111111111 0.32222222222222224 0.20972222222222223
0 0.17152777777777778 0.7638888888888888 0.34305555555555556 0.46944444444444444
0 0.6305555555555555 0.9118055555555555 0.4388888888888889 0.1736111111111111
0 0.8659722222222223 0.5465277777777777 0.16527777777777777 0.034722222222222224
0 0.4986111111111111 0.5826388888888889 0.2388888888888889 0.10694444444444444
0 0.9083333333333333 0.6125 0.18055555555555555 0.16666666666666666
0 0.675 0.6340277777777777 0.34444444444444444 0.20972222222222223
0 0.5555555555555556 0.7340277777777777 0.10694444444444444 0.2222222222222222
0 0.45069444444444445 0.7875 0.14305555555555555 0.32222222222222224
0 0.7708333333333334 0.8131944444444444 0.31805555555555554 0.31666666666666665
0 0.9493055555555555 0.8333333333333334 0.09861111111111111 0.33055555555555555