0 0.12986111111111112 0.5013888888888889 0.13472222222222222 0.13333333333333333
0 0.20694444444444443 0.38680555555555557 0.09236111111111112 0.10138888888888889
0 0.41180555555555554 0.10972222222222222 0.10347222222222222 0.07013888888888889
0 0.06597222222222222 0.16527777777777777 0.044444444444444446 0.04236111111111111
0 0.022916666666666665 0.19305555555555556 0.04583333333333333 0.10555555555555556
0 0.15763888888888888 0.30277777777777776 0.07083333333333333 0.059027777777777776
0 0.4986111111111111 0.12916666666666668 0.07777777777777778 0.058333333333333334
0 0.09305555555555556 0.016666666666666666 0.06666666666666667 0.03333333333333333
0 0.3145833333333333 0.010416666666666666 0.04027777777777778 0.020833333333333332
0 0.45555555555555555 0.2923611111111111 0.08680555555555555 0.08680555555555555
0 0.3458333333333333 0.5472222222222223 0.11388888888888889 0.041666666666666664
0 0.11736111111111111 0.37222222222222223 0.10833333333333334 0.07916666666666666
0 0.23472222222222222 0.4736111111111111 0.08611111111111111 0.09305555555555556
0 0.07430555555555556 0.4131944444444444 0.10833333333333334 0.08611111111111111
0 0.4479166666666667 0.5388888888888889 0.09027777777777778 0.058333333333333334
0 0.3298611111111111 0.41458333333333336 0.11041666666666666 0.1375
0 0.5020833333333333 0.07430555555555556 0.04722222222222222 0.05416666666666667
0 0.04861111111111111 0.005555555555555556 0.03333333333333333 0.011111111111111112
0 0.08125 0.29444444444444445 0.03888888888888889 0.058333333333333334
0 0.2673611111111111 0.11944444444444445 0.034722222222222224 0.059027777777777776
0 0.03819444444444445 0.11805555555555555 0.0763888888888889 0.08888888888888889
0 0.5083333333333333 0.5138888888888888 0.058333333333333334 0.10833333333333334
0 0.3145833333333333 0.2916666666666667 0.23472222222222222 0.23194444444444445
0 0.44305555555555554 0.19305555555555556 0.18263888888888888 0.10972222222222222
0 0.4701388888888889 0.035416666666666666 0.13472222222222222 0.07083333333333333
0 0.3541666666666667 0.06597222222222222 0.06458333333333334 0.07361111111111111
0 0.43472222222222223 0.43819444444444444 0.043055555555555555 0.03611111111111111
0 0.4986111111111111 0.3993055555555556 0.05 0.03958333333333333
0 0.43333333333333335 0.3548611111111111 0.03333333333333333 0.041666666666666664
0 0.3958333333333333 0.5083333333333333 0.03888888888888889 0.06944444444444445
0 0.39444444444444443 0.44930555555555557 0.02638888888888889 0.04583333333333333
0 0.03333333333333333 0.4965277777777778 0.06666666666666667 0.08472222222222223
0 0.02361111111111111 0.4548611111111111 0.04722222222222222 0.06527777777777778
0 0.03958333333333333 0.5506944444444445 0.06527777777777778 0.034722222222222224
0 0.08194444444444444 0.3375 0.03611111111111111 0.04583333333333333
0 0.022916666666666665 0.01875 0.043055555555555555 0.0375
0 0.76875 0.28402777777777777 0.4597222222222222 0.5680555555555555
0 0.3229166666666667 0.8041666666666667 0.06805555555555555 0.09097222222222222
0 0.39166666666666666 0.7840277777777778 0.07708333333333334 0.07569444444444444
0 0.3701388888888889 0.8486111111111111 0.06319444444444444 0.075
0 0.45069444444444445 0.9583333333333334 0.05277777777777778 0.04861111111111111
0 0.44583333333333336 0.9097222222222222 0.024305555555555556 0.05138888888888889
0 0.4777777777777778 0.9090277777777778 0.034722222222222224 0.07777777777777778
0 0.5076388888888889 0.9493055555555555 0.059722222222222225 0.09861111111111111
0 0.5277777777777778 0.8930555555555556 0.019444444444444445 0.06666666666666667
0 0.4979166666666667 0.8361111111111111 0.07916666666666666 0.05277777777777778
0 0.3375 0.9659722222222222 0.2361111111111111 0.06527777777777778
0 0.034027777777777775 0.8604166666666667 0.06805555555555555 0.09861111111111111
0 0.11319444444444444 0.84375 0.043055555555555555 0.05694444444444444
0 0.1486111111111111 0.8069444444444445 0.11041666666666666 0.12777777777777777
0 0.19930555555555557 0.7916666666666666 0.05277777777777778 0.05
0 0.15555555555555556 0.7319444444444444 0.08402777777777778 0.06180555555555556
0 0.09097222222222222 0.7354166666666667 0.049305555555555554 0.05347222222222222
0 0.20902777777777778 0.9618055555555556 0.09861111111111111 0.07361111111111111
0 0.08263888888888889 0.8722222222222222 0.034027777777777775 0.058333333333333334
0 0.027777777777777776 0.7777777777777778 0.04513888888888889 0.04722222222222222
0 0.10416666666666667 0.9743055555555555 0.20833333333333334 0.04861111111111111
0 0.22916666666666666 0.9826388888888888 0.07777777777777778 0.03194444444444444
0 0.3020833333333333 0.9270833333333334 0.06875 0.07013888888888889
0 0.3861111111111111 0.9104166666666667 0.06736111111111111 0.06805555555555555
0 0.9277777777777778 0.9402777777777778 0.14166666666666666 0.11666666666666667
0 0.825 0.9006944444444445 0.2013888888888889 0.1451388888888889
0 0.7694444444444445 0.7236111111111111 0.4 0.30833333333333335