0 0.09652777777777778 0.3277777777777778 0.06597222222222222 0.044444444444444446
0 0.04652777777777778 0.3236111111111111 0.05763888888888889 0.0763888888888889
0 0.03611111111111111 0.5458333333333333 0.07222222222222222 0.06666666666666667
0 0.2222222222222222 0.3055555555555556 0.10347222222222222 0.0875
0 0.41458333333333336 0.23541666666666666 0.06458333333333334 0.11180555555555556
0 0.2222222222222222 0.10277777777777777 0.12777777777777777 0.07847222222222222
0 0.35208333333333336 0.3215277777777778 0.04375 0.07569444444444444
0 0.18611111111111112 0.1451388888888889 0.030555555555555555 0.021527777777777778
0 0.33958333333333335 0.3819444444444444 0.034722222222222224 0.03611111111111111
0 0.18611111111111112 0.009722222222222222 0.04722222222222222 0.019444444444444445
0 0.12083333333333333 0.5548611111111111 0.18333333333333332 0.10694444444444444
0 0.034722222222222224 0.2569444444444444 0.05 0.07013888888888889
0 0.06041666666666667 0.05416666666666667 0.04861111111111111 0.03125
0 0.1451388888888889 0.05694444444444444 0.07291666666666667 0.052083333333333336
0 0.19791666666666666 0.1673611111111111 0.0625 0.022222222222222223
0 0.4375 0.3 0.022222222222222223 0.09166666666666666
0 0.14722222222222223 0.33611111111111114 0.04861111111111111 0.044444444444444446
0 0.08680555555555555 0.14097222222222222 0.1736111111111111 0.12361111111111112
0 0.13333333333333333 0.30069444444444443 0.08263888888888889 0.025694444444444443
0 0.025694444444444443 0.37777777777777777 0.05138888888888889 0.08888888888888889
0 0.04097222222222222 0.4666666666666667 0.06319444444444444 0.03958333333333333
0 0.01597222222222222 0.07013888888888889 0.03194444444444444 0.043055555555555555
0 0.42569444444444443 0.05 0.04583333333333333 0.06111111111111111
0 0.08611111111111111 0.5055555555555555 0.10555555555555556 0.10208333333333333
0 0.2152777777777778 0.15486111111111112 0.08680555555555555 0.059027777777777776
0 0.08472222222222223 0.28055555555555556 0.08194444444444444 0.06111111111111111
0 0.08472222222222223 0.3993055555555556 0.12152777777777778 0.12569444444444444
0 0.6986111111111111 0.5090277777777777 0.49722222222222223 0.1986111111111111
0 0.9486111111111111 0.4131944444444444 0.1 0.3902777777777778
0 0.6958333333333333 0.025694444444444443 0.3416666666666667 0.05138888888888889
0 0.9291666666666667 0.13333333333333333 0.1388888888888889 0.26666666666666666
0 0.6965277777777777 0.2701388888888889 0.49166666666666664 0.49583333333333335
0 0.5277777777777778 0.11458333333333333 0.15555555555555556 0.22916666666666666
0 0.22430555555555556 0.7618055555555555 0.4486111111111111 0.30416666666666664
0 0.10208333333333333 0.8041666666666667 0.20416666666666666 0.3888888888888889
0 0.7208333333333333 0.9159722222222222 0.2861111111111111 0.16527777777777777
0 0.5479166666666667 0.8493055555555555 0.18194444444444444 0.13125
0 0.5638888888888889 0.71875 0.22777777777777777 0.21805555555555556