0 0.2388888888888889 0.07708333333333334 0.16111111111111112 0.15416666666666667
0 0.12916666666666668 0.5541666666666667 0.21666666666666667 0.18888888888888888
0 0.40347222222222223 0.6208333333333333 0.10972222222222222 0.05555555555555555
0 0.07569444444444444 0.06041666666666667 0.07430555555555556 0.07569444444444444
0 0.14444444444444443 0.27569444444444446 0.28888888888888886 0.2791666666666667
0 0.3215277777777778 0.022916666666666665 0.05694444444444444 0.04583333333333333
0 0.12916666666666668 0.035416666666666666 0.1111111111111111 0.07083333333333333
0 0.44305555555555554 0.48680555555555555 0.08888888888888889 0.1486111111111111
0 0.45069444444444445 0.23333333333333334 0.07361111111111111 0.12777777777777777
0 0.30069444444444443 0.6138888888888889 0.12638888888888888 0.06944444444444445
0 0.3819444444444444 0.25972222222222224 0.09027777777777778 0.09444444444444444
0 0.32083333333333336 0.5625 0.08680555555555555 0.058333333333333334
0 0.19652777777777777 0.39305555555555555 0.22152777777777777 0.1388888888888889
0 0.37430555555555556 0.5159722222222223 0.09791666666666667 0.2
0 0.3548611111111111 0.40555555555555556 0.10277777777777777 0.12777777777777777
0 0.5090277777777777 0.3729166666666667 0.04027777777777778 0.0375
0 0.9055555555555556 0.28888888888888886 0.18611111111111112 0.26944444444444443
0 0.9166666666666666 0.5104166666666666 0.1638888888888889 0.12361111111111112
0 0.5118055555555555 0.3145833333333333 0.04583333333333333 0.16805555555555557
0 0.5569444444444445 0.5729166666666666 0.1361111111111111 0.15138888888888888
0 0.6986111111111111 0.6298611111111111 0.13333333333333333 0.0375
0 0.5215277777777778 0.2965277777777778 0.03611111111111111 0.027083333333333334
0 0.6020833333333333 0.42083333333333334 0.08194444444444444 0.06041666666666667
0 0.7729166666666667 0.37916666666666665 0.08055555555555556 0.043055555555555555
0 0.6902777777777778 0.23819444444444443 0.0875 0.10347222222222222
0 0.5472222222222223 0.3854166666666667 0.050694444444444445 0.04861111111111111
0 0.5611111111111111 0.3368055555555556 0.05625 0.058333333333333334
0 0.6590277777777778 0.43333333333333335 0.05 0.06527777777777778
0 0.8368055555555556 0.4263888888888889 0.0763888888888889 0.07291666666666667
0 0.7465277777777778 0.33125 0.034722222222222224 0.044444444444444446
0 0.7104166666666667 0.4444444444444444 0.05694444444444444 0.07847222222222222
0 0.7326388888888888 0.4895833333333333 0.041666666666666664 0.05486111111111111
0 0.6506944444444445 0.5291666666666667 0.08541666666666667 0.07430555555555556
0 0.8305555555555556 0.6243055555555556 0.07777777777777778 0.04861111111111111
0 0.83125 0.5854166666666667 0.08541666666666667 0.05763888888888889
0 0.5763888888888888 0.24861111111111112 0.05138888888888889 0.0625
0 0.6090277777777777 0.19652777777777777 0.08611111111111111 0.06111111111111111
0 0.5236111111111111 0.1763888888888889 0.06944444444444445 0.08333333333333333
0 0.7055555555555556 0.39166666666666666 0.03888888888888889 0.044444444444444446
0 0.7770833333333333 0.45069444444444445 0.0375 0.03680555555555556
0 0.7798611111111111 0.5055555555555555 0.04722222222222222 0.050694444444444445
0 0.7458333333333333 0.5486111111111112 0.07291666666666667 0.06805555555555555
0 0.8090277777777778 0.53125 0.06597222222222222 0.0625
0 0.9736111111111111 0.6104166666666667 0.05 0.06527777777777778
0 0.6277777777777778 0.60625 0.0798611111111111 0.07430555555555556
0 0.6333333333333333 0.31805555555555554 0.04861111111111111 0.05
0 0.5236111111111111 0.4263888888888889 0.05138888888888889 0.05
0 0.5979166666666667 0.3729166666666667 0.05763888888888889 0.029166666666666667
0 0.7243055555555555 0.5840277777777778 0.08541666666666667 0.07222222222222222
0 0.7888888888888889 0.6006944444444444 0.049305555555555554 0.058333333333333334
0 0.9673611111111111 0.41041666666666665 0.0625 0.08194444444444444
0 0.7868055555555555 0.3034722222222222 0.06527777777777778 0.09236111111111112
0 0.6236111111111111 0.4597222222222222 0.06805555555555555 0.05625
0 0.6395833333333333 0.35833333333333334 0.04583333333333333 0.04583333333333333
0 0.6111111111111112 0.2826388888888889 0.04722222222222222 0.044444444444444446
0 0.32013888888888886 0.9020833333333333 0.29305555555555557 0.19305555555555556
0 0.14375 0.8763888888888889 0.11458333333333333 0.12430555555555556
0 0.41597222222222224 0.6909722222222222 0.13472222222222222 0.08194444444444444
0 0.10625 0.7993055555555556 0.05347222222222222 0.06597222222222222
0 0.2701388888888889 0.6694444444444444 0.05416666666666667 0.03888888888888889
0 0.34305555555555556 0.6673611111111111 0.09166666666666666 0.034722222222222224
0 0.034027777777777775 0.8520833333333333 0.06805555555555555 0.08472222222222223
0 0.02013888888888889 0.7222222222222222 0.04027777777777778 0.1361111111111111
0 0.4166666666666667 0.7590277777777777 0.14166666666666666 0.12361111111111112
0 0.11458333333333333 0.9416666666666667 0.22916666666666666 0.11388888888888889
0 0.2916666666666667 0.7361111111111112 0.09375 0.06875
0 0.4534722222222222 0.8645833333333334 0.06805555555555555 0.1125
0 0.5270833333333333 0.7625 0.050694444444444445 0.04027777777777778
0 0.5861111111111111 0.8458333333333333 0.030555555555555555 0.029166666666666667
0 0.9708333333333333 0.8520833333333333 0.05555555555555555 0.1486111111111111
0 0.5027777777777778 0.8486111111111111 0.027777777777777776 0.03611111111111111
0 0.5548611111111111 0.9590277777777778 0.043055555555555555 0.030555555555555555
0 0.9791666666666666 0.9673611111111111 0.03888888888888889 0.0625
0 0.7916666666666666 0.9875 0.06944444444444445 0.022222222222222223
0 0.7381944444444445 0.925 0.05625 0.04375
0 0.6368055555555555 0.9805555555555555 0.10972222222222222 0.03611111111111111
0 0.6236111111111111 0.9506944444444444 0.06666666666666667 0.06944444444444445
0 0.6944444444444444 0.9645833333333333 0.05138888888888889 0.034722222222222224
0 0.7763888888888889 0.9493055555555555 0.0375 0.05625
0 0.6243055555555556 0.8159722222222222 0.06111111111111111 0.05138888888888889
0 0.7479166666666667 0.675 0.08472222222222223 0.05
0 0.7583333333333333 0.75 0.12986111111111112 0.12222222222222222
0 0.7951388888888888 0.8027777777777778 0.07152777777777777 0.052083333333333336
0 0.7020833333333333 0.6576388888888889 0.043055555555555555 0.015277777777777777
0 0.6131944444444445 0.6972222222222222 0.11527777777777778 0.09444444444444444
0 0.6777777777777778 0.8840277777777777 0.0798611111111111 0.029166666666666667
0 0.9833333333333333 0.7555555555555555 0.030555555555555555 0.03888888888888889
0 0.9597222222222223 0.7791666666666667 0.03888888888888889 0.03958333333333333
0 0.55625 0.8215277777777777 0.06805555555555555 0.04861111111111111
0 0.8340277777777778 0.6923611111111111 0.05138888888888889 0.050694444444444445
0 0.8375 0.6576388888888889 0.044444444444444446 0.015277777777777777
0 0.9243055555555556 0.9722222222222222 0.09583333333333334 0.05277777777777778