0 0.35 0.23541666666666666 0.15069444444444444 0.13680555555555557
0 0.3597222222222222 0.5861111111111111 0.2361111111111111 0.28055555555555556
0 0.35347222222222224 0.8152777777777778 0.175 0.12638888888888888
0 0.12430555555555556 0.9590277777777778 0.1375 0.07916666666666666
0 0.03333333333333333 0.7222222222222222 0.06666666666666667 0.06388888888888888
0 0.20069444444444445 0.6791666666666667 0.08402777777777778 0.04513888888888889
0 0.11527777777777778 0.5333333333333333 0.09097222222222222 0.10694444444444444
0 0.08263888888888889 0.7354166666666667 0.052083333333333336 0.06736111111111111
0 0.2673611111111111 0.7284722222222222 0.07916666666666666 0.07569444444444444
0 0.1736111111111111 0.6298611111111111 0.03611111111111111 0.04583333333333333
0 0.1361111111111111 0.7472222222222222 0.059027777777777776 0.08125
0 0.15902777777777777 0.79375 0.043055555555555555 0.05694444444444444
0 0.07430555555555556 0.8347222222222223 0.08888888888888889 0.07708333333333334
0 0.2611111111111111 0.9541666666666667 0.08055555555555556 0.08888888888888889
0 0.2611111111111111 0.89375 0.08819444444444445 0.059722222222222225
0 0.011805555555555555 0.5444444444444444 0.02361111111111111 0.06666666666666667
0 0.03819444444444445 0.49027777777777776 0.0763888888888889 0.06388888888888888
0 0.13055555555555556 0.6923611111111111 0.04027777777777778 0.04583333333333333
0 0.20555555555555555 0.7534722222222222 0.03888888888888889 0.03819444444444445
0 0.20833333333333334 0.8111111111111111 0.049305555555555554 0.052083333333333336
0 0.17291666666666666 0.8548611111111111 0.07569444444444444 0.07013888888888889
0 0.4597222222222222 0.8222222222222222 0.03611111111111111 0.06944444444444445
0 0.2388888888888889 0.8368055555555556 0.06805555555555555 0.06527777777777778
0 0.4305555555555556 0.9194444444444444 0.09444444444444444 0.06666666666666667
0 0.05 0.9152777777777777 0.08263888888888889 0.07708333333333334
0 0.05625 0.6159722222222223 0.05 0.052083333333333336
0 0.025 0.6729166666666667 0.05 0.03194444444444444
0 0.15 0.8923611111111112 0.08888888888888889 0.075
0 0.23194444444444445 0.9847222222222223 0.10277777777777777 0.027777777777777776
0 0.21736111111111112 0.9097222222222222 0.05138888888888889 0.06041666666666667
0 0.4236111111111111 0.7118055555555556 0.10833333333333334 0.08472222222222223
0 0.2152777777777778 0.6013888888888889 0.06805555555555555 0.09583333333333334
0 0.04583333333333333 0.7631944444444444 0.07083333333333333 0.058333333333333334
0 0.0625 0.6576388888888889 0.04791666666666667 0.04791666666666667
0 0.46319444444444446 0.7729166666666667 0.029166666666666667 0.07361111111111111
0 0.03263888888888889 0.5798611111111112 0.049305555555555554 0.04583333333333333
0 0.6201388888888889 0.8763888888888889 0.28194444444444444 0.24444444444444444
0 0.6298611111111111 0.47708333333333336 0.24583333333333332 0.0763888888888889
0 0.8736111111111111 0.48819444444444443 0.25 0.09861111111111111
0 0.9451388888888889 0.6354166666666666 0.10694444444444444 0.3347222222222222
0 0.8416666666666667 0.6520833333333333 0.1840277777777778 0.2423611111111111
0 0.6097222222222223 0.6930555555555555 0.2611111111111111 0.35
0 0.8465277777777778 0.8486111111111111 0.30416666666666664 0.23055555555555557