0 0.2513888888888889 0.08819444444444445 0.05555555555555555 0.07430555555555556
0 0.4666666666666667 0.02847222222222222 0.10277777777777777 0.05694444444444444
0 0.20694444444444443 0.30625 0.08333333333333333 0.075
0 0.20694444444444443 0.26666666666666666 0.07013888888888889 0.05486111111111111
0 0.21388888888888888 0.225 0.06041666666666667 0.052083333333333336
0 0.1388888888888889 0.2125 0.06666666666666667 0.06388888888888888
0 0.4284722222222222 0.25 0.17916666666666667 0.2222222222222222
0 0.4951388888888889 0.44583333333333336 0.04583333333333333 0.08055555555555556
0 0.44305555555555554 0.4048611111111111 0.12777777777777777 0.13055555555555556
0 0.31180555555555556 0.035416666666666666 0.19305555555555556 0.07083333333333333
0 0.32083333333333336 0.3527777777777778 0.1361111111111111 0.1638888888888889
0 0.23194444444444445 0.024305555555555556 0.10277777777777777 0.04861111111111111
0 0.24791666666666667 0.44583333333333336 0.18194444444444444 0.08333333333333333
0 0.02847222222222222 0.35208333333333336 0.05694444444444444 0.0875
0 0.03958333333333333 0.44722222222222224 0.07916666666666666 0.08055555555555556
0 0.16180555555555556 0.25069444444444444 0.06041666666666667 0.08680555555555555
0 0.12152777777777778 0.44930555555555557 0.1486111111111111 0.0763888888888889
0 0.05347222222222222 0.2590277777777778 0.10694444444444444 0.13472222222222222
0 0.30486111111111114 0.16805555555555557 0.09236111111111112 0.11041666666666666
0 0.2791666666666667 0.2923611111111111 0.12916666666666668 0.10277777777777777
0 0.45 0.3034722222222222 0.1361111111111111 0.11527777777777778
0 0.7590277777777777 0.24375 0.4791666666666667 0.4875
0 0.16875 0.9527777777777777 0.11527777777777778 0.09166666666666666
0 0.49166666666666664 0.9006944444444445 0.05277777777777778 0.059722222222222225
0 0.42430555555555555 0.7173611111111111 0.10069444444444445 0.07916666666666666
0 0.32430555555555557 0.9722222222222222 0.1875 0.05277777777777778
0 0.125 0.5166666666666667 0.09166666666666666 0.05555555555555555
0 0.12708333333333333 0.7256944444444444 0.07777777777777778 0.07430555555555556
0 0.3576388888888889 0.6604166666666667 0.11666666666666667 0.10833333333333334
0 0.28680555555555554 0.7715277777777778 0.10277777777777777 0.05763888888888889
0 0.3486111111111111 0.9013888888888889 0.12708333333333333 0.11805555555555555
0 0.23333333333333334 0.8458333333333333 0.059027777777777776 0.06319444444444444
0 0.18819444444444444 0.8659722222222223 0.06736111111111111 0.08958333333333333
0 0.22569444444444445 0.9319444444444445 0.07013888888888889 0.12013888888888889
0 0.14791666666666667 0.6375 0.075 0.07708333333333334
0 0.1701388888888889 0.5326388888888889 0.07916666666666666 0.06041666666666667
0 0.46041666666666664 0.9277777777777778 0.11527777777777778 0.14166666666666666
0 0.2881944444444444 0.5888888888888889 0.11736111111111111 0.12777777777777777
0 0.3638888888888889 0.5770833333333333 0.05 0.07916666666666666
0 0.4111111111111111 0.8222222222222222 0.13541666666666666 0.06875
0 0.22083333333333333 0.7027777777777777 0.075 0.06527777777777778
0 0.3416666666666667 0.5215277777777778 0.16111111111111112 0.06527777777777778
0 0.10555555555555556 0.6138888888888889 0.06666666666666667 0.06875
0 0.07013888888888889 0.5590277777777778 0.052083333333333336 0.06111111111111111
0 0.05 0.7777777777777778 0.1 0.225
0 0.07361111111111111 0.9180555555555555 0.1284722222222222 0.059722222222222225
0 0.4965277777777778 0.6 0.043055555555555555 0.075
0 0.45416666666666666 0.6173611111111111 0.09583333333333334 0.12569444444444444
0 0.06597222222222222 0.9555555555555556 0.07430555555555556 0.06666666666666667
0 0.14166666666666666 0.6875 0.05416666666666667 0.04236111111111111
0 0.22083333333333333 0.7805555555555556 0.09791666666666667 0.09444444444444444
0 0.3597222222222222 0.7861111111111111 0.09791666666666667 0.08194444444444444
0 0.1284722222222222 0.8041666666666667 0.08333333333333333 0.1125
0 0.5777777777777777 0.7673611111111112 0.11666666666666667 0.4625
0 0.7256944444444444 0.8659722222222223 0.3236111111111111 0.2652777777777778
0 0.8819444444444444 0.8131944444444444 0.23333333333333334 0.37083333333333335
0 0.8923611111111112 0.55 0.2125 0.12222222222222222
0 0.7118055555555556 0.5923611111111111 0.17916666666666667 0.20694444444444443
0 0.8118055555555556 0.6347222222222222 0.3458333333333333 0.2916666666666667