0 0.04513888888888889 0.2826388888888889 0.09027777777777778 0.07083333333333333
0 0.4013888888888889 0.2923611111111111 0.03333333333333333 0.05138888888888889
0 0.11319444444444444 0.20069444444444445 0.06666666666666667 0.06875
0 0.15902777777777777 0.15902777777777777 0.0625 0.0625
0 0.31666666666666665 0.10277777777777777 0.06041666666666667 0.07083333333333333
0 0.2951388888888889 0.14722222222222223 0.07291666666666667 0.06458333333333334
0 0.3416666666666667 0.16458333333333333 0.06597222222222222 0.059722222222222225
0 0.34305555555555556 0.07291666666666667 0.03819444444444445 0.04791666666666667
0 0.39375 0.1763888888888889 0.04861111111111111 0.05277777777777778
0 0.09861111111111111 0.1451388888888889 0.09444444444444444 0.09236111111111112
0 0.18888888888888888 0.22777777777777777 0.052083333333333336 0.04236111111111111
0 0.28125 0.21180555555555555 0.14027777777777778 0.10138888888888889
0 0.16458333333333333 0.08888888888888889 0.07222222222222222 0.08541666666666667
0 0.14097222222222222 0.27569444444444446 0.07361111111111111 0.08472222222222223
0 0.3923611111111111 0.11805555555555555 0.05138888888888889 0.09166666666666666
0 0.27152777777777776 0.30694444444444446 0.0625 0.022222222222222223
0 0.052083333333333336 0.027083333333333334 0.04027777777777778 0.04652777777777778
0 0.029861111111111113 0.17847222222222223 0.059722222222222225 0.09861111111111111
0 0.08958333333333333 0.09236111111111112 0.043055555555555555 0.04027777777777778
0 0.12361111111111112 0.09722222222222222 0.027777777777777776 0.029166666666666667
0 0.19236111111111112 0.15347222222222223 0.05277777777777778 0.06041666666666667
0 0.03263888888888889 0.24166666666666667 0.06041666666666667 0.044444444444444446
0 0.3055555555555556 0.29791666666666666 0.041666666666666664 0.04027777777777778
0 0.35 0.31180555555555556 0.058333333333333334 0.0125
0 0.36319444444444443 0.12569444444444444 0.043055555555555555 0.05625
0 0.27847222222222223 0.05416666666666667 0.03819444444444445 0.07222222222222222
0 0.06041666666666667 0.0798611111111111 0.03194444444444444 0.04722222222222222
0 0.5201388888888889 0.16527777777777777 0.2013888888888889 0.20277777777777778
0 0.6013888888888889 0.24097222222222223 0.18055555555555555 0.15416666666666667
0 0.8423611111111111 0.15902777777777777 0.3125 0.31805555555555554
0 0.12083333333333333 0.8791666666666667 0.24166666666666667 0.20277777777777778
0 0.2659722222222222 0.4534722222222222 0.24027777777777778 0.26805555555555555
0 0.0763888888888889 0.4027777777777778 0.1527777777777778 0.16666666666666666
0 0.22361111111111112 0.9388888888888889 0.18055555555555555 0.11944444444444445
0 0.08055555555555556 0.6368055555555555 0.16111111111111112 0.2569444444444444
0 0.29791666666666666 0.63125 0.24027777777777778 0.18472222222222223
0 0.9611111111111111 0.6423611111111112 0.075 0.35694444444444445
0 0.6819444444444445 0.6659722222222222 0.525 0.3263888888888889
0 0.6361111111111111 0.8826388888888889 0.4305555555555556 0.23194444444444445
0 0.8076388888888889 0.42291666666666666 0.3819444444444444 0.20694444444444443
0 0.55625 0.425 0.27361111111111114 0.2111111111111111
0 0.5625 0.5770833333333333 0.2861111111111111 0.26805555555555555