0 0.06388888888888888 0.021527777777777778 0.04722222222222222 0.043055555555555555
0 0.46875 0.25763888888888886 0.11805555555555555 0.14305555555555555
0 0.4979166666666667 0.34375 0.059722222222222225 0.10694444444444444
0 0.5 0.06805555555555555 0.03263888888888889 0.034722222222222224
0 0.07708333333333334 0.2076388888888889 0.15416666666666667 0.1875
0 0.2659722222222222 0.2652777777777778 0.05416666666666667 0.07847222222222222
0 0.29097222222222224 0.2923611111111111 0.0763888888888889 0.08125
0 0.41041666666666665 0.18055555555555555 0.05138888888888889 0.08333333333333333
0 0.36944444444444446 0.11944444444444445 0.04861111111111111 0.03888888888888889
0 0.3854166666666667 0.05416666666666667 0.06805555555555555 0.049305555555555554
0 0.35833333333333334 0.25069444444444444 0.07222222222222222 0.11458333333333333
0 0.19930555555555557 0.09444444444444444 0.09166666666666666 0.09236111111111112
0 0.16597222222222222 0.2534722222222222 0.08402777777777778 0.12361111111111112
0 0.3 0.19722222222222222 0.059027777777777776 0.075
0 0.24444444444444444 0.049305555555555554 0.06041666666666667 0.08611111111111111
0 0.4888888888888889 0.027083333333333334 0.07777777777777778 0.05416666666666667
0 0.33541666666666664 0.4013888888888889 0.10972222222222222 0.013888888888888888
0 0.46041666666666664 0.04097222222222222 0.06805555555555555 0.050694444444444445
0 0.7638888888888888 0.3076388888888889 0.46944444444444444 0.2013888888888889
0 0.7777777777777778 0.20416666666666666 0.44166666666666665 0.4083333333333333
0 0.16458333333333333 0.8534722222222222 0.32916666666666666 0.2902777777777778
0 0.3958333333333333 0.8770833333333333 0.17222222222222222 0.24305555555555555
0 0.13958333333333334 0.9361111111111111 0.2791666666666667 0.125
0 0.23055555555555557 0.4638888888888889 0.2638888888888889 0.10833333333333334
0 0.4215277777777778 0.46875 0.2125 0.11805555555555555
0 0.034027777777777775 0.5215277777777778 0.06805555555555555 0.22361111111111112
0 0.2798611111111111 0.6319444444444444 0.28055555555555556 0.275
0 0.46875 0.6819444444444445 0.11805555555555555 0.3527777777777778
0 0.02638888888888889 0.7145833333333333 0.05277777777777778 0.16527777777777777
0 0.8534722222222222 0.8333333333333334 0.2902777777777778 0.33055555555555555
0 0.9034722222222222 0.7041666666666667 0.19027777777777777 0.5888888888888889