0 0.022916666666666665 0.3090277777777778 0.04583333333333333 0.12361111111111112
0 0.10625 0.39444444444444443 0.13472222222222222 0.04722222222222222
0 0.10347222222222222 0.3611111111111111 0.030555555555555555 0.03263888888888889
0 0.04861111111111111 0.2986111111111111 0.06736111111111111 0.08472222222222223
0 0.04861111111111111 0.375 0.09722222222222222 0.08611111111111111
0 0.02361111111111111 0.24513888888888888 0.03194444444444444 0.02361111111111111
0 0.35694444444444445 0.25625 0.06111111111111111 0.11805555555555555
0 0.24166666666666667 0.07430555555555556 0.052083333333333336 0.027777777777777776
0 0.1986111111111111 0.40555555555555556 0.07777777777777778 0.025
0 0.09375 0.3229166666666667 0.05416666666666667 0.06111111111111111
0 0.007638888888888889 0.22430555555555556 0.015277777777777777 0.04583333333333333
0 0.2534722222222222 0.3020833333333333 0.03194444444444444 0.05347222222222222
0 0.3486111111111111 0.29930555555555555 0.06944444444444445 0.06875
0 0.35833333333333334 0.17430555555555555 0.04652777777777778 0.07013888888888889
0 0.30833333333333335 0.18541666666666667 0.06736111111111111 0.07291666666666667
0 0.21944444444444444 0.13194444444444445 0.05625 0.11041666666666666
0 0.32083333333333336 0.030555555555555555 0.13333333333333333 0.06111111111111111
0 0.17430555555555555 0.025 0.05416666666666667 0.05
0 0.3090277777777778 0.39166666666666666 0.0625 0.050694444444444445
0 0.32222222222222224 0.3527777777777778 0.08194444444444444 0.07916666666666666
0 0.3763888888888889 0.22361111111111112 0.022222222222222223 0.07777777777777778
0 0.08819444444444445 0.21319444444444444 0.16527777777777777 0.2
0 0.18819444444444444 0.29305555555555557 0.12222222222222222 0.12083333333333333
0 0.3597222222222222 0.40555555555555556 0.05555555555555555 0.025
0 0.21944444444444444 0.21736111111111112 0.07708333333333334 0.07083333333333333
0 0.3798611111111111 0.13819444444444445 0.015277777777777777 0.10416666666666667
0 0.16458333333333333 0.37083333333333335 0.10138888888888889 0.09444444444444444
0 0.37083333333333335 0.3875 0.03333333333333333 0.06111111111111111
0 0.2986111111111111 0.24375 0.06805555555555555 0.05625
0 0.03125 0.10902777777777778 0.0625 0.04027777777777778
0 0.9194444444444444 0.3590277777777778 0.15833333333333333 0.10416666666666667
0 0.7020833333333333 0.3784722222222222 0.10138888888888889 0.07916666666666666
0 0.61875 0.3861111111111111 0.08194444444444444 0.06388888888888888
0 0.5152777777777777 0.39652777777777776 0.07222222222222222 0.043055555555555555
0 0.9784722222222222 0.13333333333333333 0.04027777777777778 0.2388888888888889
0 0.7118055555555556 0.33055555555555555 0.27708333333333335 0.15416666666666667
0 0.925 0.28402777777777777 0.14722222222222223 0.14583333333333334
0 0.19375 0.8180555555555555 0.3875 0.3611111111111111
0 0.2798611111111111 0.6555555555555556 0.2152777777777778 0.3611111111111111
0 0.09583333333333334 0.5388888888888889 0.19166666666666668 0.2111111111111111
0 0.8395833333333333 0.7111111111111111 0.09791666666666667 0.06736111111111111
0 0.8541666666666666 0.7423611111111111 0.13055555555555556 0.07708333333333334
0 0.9027777777777778 0.7048611111111112 0.03194444444444444 0.034027777777777775
0 0.8944444444444445 0.9451388888888889 0.06319444444444444 0.07083333333333333
0 0.85625 0.9083333333333333 0.06111111111111111 0.05555555555555555
0 0.9756944444444444 0.9694444444444444 0.04583333333333333 0.058333333333333334
0 0.80625 0.95625 0.07083333333333333 0.08472222222222223
0 0.6534722222222222 0.7770833333333333 0.03819444444444445 0.059027777777777776
0 0.5013888888888889 0.7944444444444444 0.04861111111111111 0.07291666666666667
0 0.4736111111111111 0.8097222222222222 0.020833333333333332 0.027777777777777776
0 0.47638888888888886 0.6534722222222222 0.10972222222222222 0.09444444444444444
0 0.5305555555555556 0.9006944444444445 0.034722222222222224 0.034027777777777775
0 0.5395833333333333 0.8729166666666667 0.029861111111111113 0.02361111111111111
0 0.5520833333333334 0.8430555555555556 0.03611111111111111 0.03958333333333333
0 0.9868055555555556 0.8166666666666667 0.02361111111111111 0.058333333333333334
0 0.5118055555555555 0.9340277777777778 0.05347222222222222 0.04097222222222222
0 0.42916666666666664 0.9347222222222222 0.07222222222222222 0.03263888888888889
0 0.44027777777777777 0.8840277777777777 0.07777777777777778 0.07708333333333334
0 0.5430555555555555 0.5944444444444444 0.04513888888888889 0.04236111111111111
0 0.5034722222222222 0.6340277777777777 0.11319444444444444 0.09166666666666666
0 0.4131944444444444 0.71875 0.04861111111111111 0.07916666666666666
0 0.5854166666666667 0.9791666666666666 0.14583333333333334 0.03888888888888889
0 0.70625 0.45625 0.0875 0.07361111111111111
0 0.6291666666666667 0.44513888888888886 0.06111111111111111 0.05138888888888889
0 0.6951388888888889 0.9333333333333333 0.09236111111111112 0.1125
0 0.4083333333333333 0.8722222222222222 0.03888888888888889 0.08055555555555556
0 0.7965277777777777 0.83125 0.05486111111111111 0.06111111111111111
0 0.8201388888888889 0.48819444444444443 0.044444444444444446 0.05555555555555555
0 0.7555555555555555 0.8256944444444444 0.027083333333333334 0.034027777777777775
0 0.5152777777777777 0.58125 0.04375 0.04375
0 0.5631944444444444 0.94375 0.08125 0.07916666666666666
0 0.6083333333333333 0.8618055555555556 0.08055555555555556 0.07013888888888889
0 0.5951388888888889 0.8409722222222222 0.06388888888888888 0.06597222222222222
0 0.4777777777777778 0.5798611111111112 0.05763888888888889 0.052083333333333336
0 0.6340277777777777 0.9319444444444445 0.03263888888888889 0.027083333333333334
0 0.6465277777777778 0.9041666666666667 0.05555555555555555 0.04097222222222222
0 0.68125 0.8381944444444445 0.03958333333333333 0.044444444444444446
0 0.6277777777777778 0.8131944444444444 0.07291666666666667 0.05277777777777778
0 0.41597222222222224 0.7819444444444444 0.05416666666666667 0.07777777777777778
0 0.48819444444444443 0.7277777777777777 0.04583333333333333 0.058333333333333334
0 0.44027777777777777 0.8284722222222223 0.06111111111111111 0.06458333333333334
0 0.6798611111111111 0.7486111111111111 0.034722222222222224 0.05
0 0.7270833333333333 0.8298611111111112 0.02847222222222222 0.02361111111111111
0 0.7520833333333333 0.7729166666666667 0.043055555555555555 0.029166666666666667
0 0.9284722222222223 0.7444444444444445 0.029166666666666667 0.03263888888888889
0 0.7090277777777778 0.8569444444444444 0.022916666666666665 0.04027777777777778
0 0.8284722222222223 0.8055555555555556 0.029861111111111113 0.04722222222222222
0 0.91875 0.6708333333333333 0.02847222222222222 0.03333333333333333
0 0.9201388888888888 0.9798611111111111 0.15694444444444444 0.0375
0 0.7284722222222222 0.8013888888888889 0.027777777777777776 0.034722222222222224