0 0.28680555555555554 0.4395833333333333 0.15138888888888888 0.0375
0 0.28194444444444444 0.30833333333333335 0.1111111111111111 0.10208333333333333
0 0.32222222222222224 0.25833333333333336 0.175 0.12152777777777778
0 0.12916666666666668 0.4048611111111111 0.10555555555555556 0.10694444444444444
0 0.5590277777777778 0.21805555555555556 0.05694444444444444 0.06666666666666667
0 0.4465277777777778 0.24930555555555556 0.1076388888888889 0.08194444444444444
0 0.45069444444444445 0.3090277777777778 0.041666666666666664 0.05277777777777778
0 0.5145833333333333 0.20208333333333334 0.07291666666666667 0.050694444444444445
0 0.3486111111111111 0.35625 0.12013888888888889 0.08263888888888889
0 0.19375 0.16319444444444445 0.07083333333333333 0.08055555555555556
0 0.13958333333333334 0.08055555555555556 0.08611111111111111 0.06458333333333334
0 0.10208333333333333 0.33958333333333335 0.052083333333333336 0.05625
0 0.5409722222222222 0.26666666666666666 0.08819444444444445 0.07361111111111111
0 0.04861111111111111 0.38680555555555557 0.07013888888888889 0.08958333333333333
0 0.030555555555555555 0.2625 0.06111111111111111 0.08055555555555556
0 0.3888888888888889 0.40069444444444446 0.2111111111111111 0.06875
0 0.5229166666666667 0.30972222222222223 0.12916666666666668 0.09722222222222222
0 0.22569444444444445 0.39375 0.12638888888888888 0.12638888888888888
0 0.45625 0.07152777777777777 0.09375 0.10902777777777778
0 0.027083333333333334 0.42986111111111114 0.05416666666666667 0.05694444444444444
0 0.54375 0.4083333333333333 0.0875 0.09722222222222222
0 0.16180555555555556 0.3347222222222222 0.07291666666666667 0.09305555555555556
0 0.48055555555555557 0.3368055555555556 0.07916666666666666 0.10486111111111111
0 0.425 0.16458333333333333 0.05625 0.05277777777777778
0 0.5256944444444445 0.0763888888888889 0.05277777777777778 0.05416666666666667
0 0.27708333333333335 0.13958333333333334 0.10972222222222222 0.09722222222222222
0 0.3333333333333333 0.11527777777777778 0.06319444444444444 0.09583333333333334
0 0.11527777777777778 0.28125 0.0763888888888889 0.07083333333333333
0 0.10208333333333333 0.15902777777777777 0.08263888888888889 0.10138888888888889
0 0.2673611111111111 0.07222222222222222 0.09513888888888888 0.12083333333333333
0 0.45 0.43333333333333335 0.20833333333333334 0.05
0 0.3423611111111111 0.06388888888888888 0.059722222222222225 0.07152777777777777
0 0.40694444444444444 0.11180555555555556 0.08958333333333333 0.09236111111111112
0 0.4027777777777778 0.02361111111111111 0.1361111111111111 0.04722222222222222
0 0.009027777777777777 0.3875 0.018055555555555554 0.058333333333333334
0 0.8076388888888889 0.3298611111111111 0.3819444444444444 0.2569444444444444
0 0.7881944444444444 0.13125 0.2423611111111111 0.18958333333333333
0 0.6611111111111111 0.17708333333333334 0.14444444444444443 0.29305555555555557
0 0.15902777777777777 0.7888888888888889 0.04861111111111111 0.05138888888888889
0 0.5055555555555555 0.6354166666666666 0.04722222222222222 0.04097222222222222
0 0.36875 0.7006944444444444 0.14305555555555555 0.1326388888888889
0 0.37430555555555556 0.5833333333333334 0.13541666666666666 0.07222222222222222
0 0.15902777777777777 0.9444444444444444 0.19027777777777777 0.10833333333333334
0 0.09097222222222222 0.5048611111111111 0.05138888888888889 0.05763888888888889
0 0.5215277777777778 0.9569444444444445 0.05416666666666667 0.08333333333333333
0 0.4777777777777778 0.5569444444444445 0.075 0.13125
0 0.02847222222222222 0.7611111111111111 0.05694444444444444 0.11666666666666667
0 0.47847222222222224 0.8951388888888889 0.050694444444444445 0.04027777777777778
0 0.4951388888888889 0.8270833333333333 0.07083333333333333 0.05138888888888889
0 0.4673611111111111 0.9854166666666667 0.0763888888888889 0.02638888888888889
0 0.30069444444444443 0.8694444444444445 0.09513888888888888 0.09652777777777778
0 0.26666666666666666 0.9847222222222223 0.08888888888888889 0.027777777777777776
0 0.40625 0.9680555555555556 0.0625 0.06111111111111111
0 0.34791666666666665 0.8222222222222222 0.06319444444444444 0.09027777777777778
0 0.575 0.7763888888888889 0.025 0.1
0 0.14930555555555555 0.4930555555555556 0.04097222222222222 0.04097222222222222
0 0.21388888888888888 0.4777777777777778 0.06388888888888888 0.03611111111111111
0 0.22291666666666668 0.6180555555555556 0.07083333333333333 0.08194444444444444
0 0.3763888888888889 0.5284722222222222 0.0763888888888889 0.0798611111111111
0 0.5506944444444445 0.6465277777777778 0.04097222222222222 0.07152777777777777
0 0.26875 0.5548611111111111 0.04722222222222222 0.07430555555555556
0 0.06666666666666667 0.6784722222222223 0.08472222222222223 0.05416666666666667
0 0.016666666666666666 0.6270833333333333 0.03333333333333333 0.14583333333333334
0 0.4513888888888889 0.6291666666666667 0.05625 0.04097222222222222
0 0.5625 0.8145833333333333 0.05 0.05416666666666667
0 0.775 0.7763888888888889 0.21319444444444444 0.2847222222222222
0 0.8840277777777777 0.7722222222222223 0.22916666666666666 0.4527777777777778
0 0.6986111111111111 0.9097222222222222 0.19722222222222222 0.17777777777777778
0 0.8423611111111111 0.5 0.3125 0.08055555555555556
0 0.6652777777777777 0.6354166666666666 0.1527777777777778 0.35138888888888886