0 0.4027777777777778 0.007638888888888889 0.08055555555555556 0.015277777777777777
0 0.22777777777777777 0.25416666666666665 0.06458333333333334 0.058333333333333334
0 0.20069444444444445 0.3159722222222222 0.09236111111111112 0.08541666666666667
0 0.5840277777777778 0.12222222222222222 0.02847222222222222 0.04097222222222222
0 0.05416666666666667 0.24861111111111112 0.09097222222222222 0.0625
0 0.01597222222222222 0.325 0.03194444444444444 0.1388888888888889
0 0.35694444444444445 0.2763888888888889 0.05486111111111111 0.05416666666666667
0 0.16180555555555556 0.25833333333333336 0.11736111111111111 0.09652777777777778
0 0.12708333333333333 0.4465277777777778 0.10694444444444444 0.08194444444444444
0 0.53125 0.035416666666666666 0.043055555555555555 0.07083333333333333
0 0.45208333333333334 0.23125 0.11944444444444445 0.09305555555555556
0 0.5375 0.15208333333333332 0.07152777777777777 0.05
0 0.07013888888888889 0.4048611111111111 0.09236111111111112 0.12430555555555556
0 0.48541666666666666 0.17708333333333334 0.052083333333333336 0.04791666666666667
0 0.5694444444444444 0.10972222222222222 0.04513888888888889 0.04236111111111111
0 0.6229166666666667 0.42083333333333334 0.04583333333333333 0.08333333333333333
0 0.8520833333333333 0.10069444444444445 0.04791666666666667 0.029861111111111113
0 0.79375 0.29375 0.1451388888888889 0.1597222222222222
0 0.6458333333333334 0.22152777777777777 0.09166666666666666 0.10416666666666667
0 0.7180555555555556 0.1951388888888889 0.04583333333333333 0.0375
0 0.8347222222222223 0.04583333333333333 0.18888888888888888 0.09166666666666666
0 0.75625 0.16666666666666666 0.025 0.027777777777777776
0 0.7236111111111111 0.26458333333333334 0.050694444444444445 0.05138888888888889
0 0.7625 0.20555555555555555 0.017361111111111112 0.03333333333333333
0 0.7888888888888889 0.21944444444444444 0.044444444444444446 0.041666666666666664
0 0.8694444444444445 0.3729166666666667 0.10069444444444445 0.11319444444444444
0 0.95625 0.08611111111111111 0.04583333333333333 0.035416666666666666
0 0.9305555555555556 0.17083333333333334 0.03888888888888889 0.049305555555555554
0 0.7375 0.020833333333333332 0.07777777777777778 0.041666666666666664
0 0.9916666666666667 0.44583333333333336 0.013888888888888888 0.03611111111111111
0 0.71875 0.12222222222222222 0.027083333333333334 0.03125
0 0.9576388888888889 0.425 0.05555555555555555 0.07291666666666667
0 0.7041666666666667 0.05625 0.06944444444444445 0.1125
0 0.60625 0.13125 0.0125 0.05138888888888889
0 0.6055555555555555 0.3680555555555556 0.011111111111111112 0.03888888888888889
0 0.7784722222222222 0.14305555555555555 0.043055555555555555 0.03333333333333333
0 0.8076388888888889 0.1875 0.06180555555555556 0.0625
0 0.6097222222222223 0.06805555555555555 0.019444444444444445 0.04722222222222222
0 0.6618055555555555 0.15416666666666667 0.04583333333333333 0.04513888888888889
0 0.7388888888888889 0.4284722222222222 0.18055555555555555 0.11805555555555555
0 0.81875 0.4583333333333333 0.10972222222222222 0.058333333333333334
0 0.5083333333333333 0.6895833333333333 0.18055555555555555 0.3680555555555556
0 0.24444444444444444 0.6215277777777778 0.4888888888888889 0.2652777777777778
0 0.6840277777777778 0.8340277777777778 0.16805555555555557 0.32916666666666666
0 0.7993055555555556 0.8368055555555556 0.39861111111111114 0.3236111111111111
0 0.7138888888888889 0.6638888888888889 0.22777777777777777 0.35