0 0.004861111111111111 0.29791666666666666 0.009722222222222222 0.08472222222222223
0 0.024305555555555556 0.3055555555555556 0.043055555555555555 0.10555555555555556
0 0.08263888888888889 0.3347222222222222 0.07916666666666666 0.04722222222222222
0 0.19791666666666666 0.24305555555555555 0.2013888888888889 0.23055555555555557
0 0.059027777777777776 0.225 0.11805555555555555 0.18055555555555555
0 0.9611111111111111 0.19583333333333333 0.04513888888888889 0.04722222222222222
0 0.9597222222222223 0.2548611111111111 0.035416666666666666 0.034027777777777775
0 0.3229166666666667 0.2590277777777778 0.04583333333333333 0.05694444444444444
0 0.9743055555555555 0.29791666666666666 0.03819444444444445 0.05555555555555555
0 0.5895833333333333 0.22361111111111112 0.07083333333333333 0.06736111111111111
0 0.7909722222222222 0.20972222222222223 0.04236111111111111 0.03888888888888889
0 0.8506944444444444 0.23194444444444445 0.06180555555555556 0.044444444444444446
0 0.8534722222222222 0.2611111111111111 0.025 0.034722222222222224
0 0.8777777777777778 0.2833333333333333 0.04027777777777778 0.034027777777777775
0 0.9034722222222222 0.21736111111111112 0.041666666666666664 0.02847222222222222
0 0.5590277777777778 0.08888888888888889 0.058333333333333334 0.04722222222222222
0 0.6458333333333334 0.33055555555555555 0.07222222222222222 0.05555555555555555
0 0.5506944444444445 0.2902777777777778 0.09097222222222222 0.10486111111111111
0 0.41041666666666665 0.3173611111111111 0.07916666666666666 0.08194444444444444
0 0.8993055555555556 0.33958333333333335 0.05694444444444444 0.0375
0 0.9326388888888889 0.33125 0.06805555555555555 0.05416666666666667
0 0.4423611111111111 0.27152777777777776 0.12708333333333333 0.08680555555555555
0 0.4826388888888889 0.18819444444444444 0.0763888888888889 0.08194444444444444
0 0.3375 0.24930555555555556 0.05347222222222222 0.04722222222222222
0 0.9291666666666667 0.2916666666666667 0.06597222222222222 0.052083333333333336
0 0.9201388888888888 0.16597222222222222 0.06597222222222222 0.04513888888888889
0 0.95 0.018055555555555554 0.04722222222222222 0.03611111111111111
0 0.7777777777777778 0.034722222222222224 0.058333333333333334 0.044444444444444446
0 0.4409722222222222 0.04722222222222222 0.08194444444444444 0.05347222222222222
0 0.49027777777777776 0.08888888888888889 0.07291666666666667 0.05277777777777778
0 0.5506944444444445 0.19722222222222222 0.09375 0.07430555555555556
0 0.34652777777777777 0.08958333333333333 0.05277777777777778 0.08472222222222223
0 0.30833333333333335 0.13958333333333334 0.016666666666666666 0.04583333333333333
0 0.5979166666666667 0.050694444444444445 0.043055555555555555 0.04027777777777778
0 0.3611111111111111 0.1875 0.07083333333333333 0.05486111111111111
0 0.4270833333333333 0.15694444444444444 0.03611111111111111 0.06180555555555556
0 0.75625 0.16944444444444445 0.059722222222222225 0.04791666666666667
0 0.98125 0.14583333333333334 0.034722222222222224 0.05555555555555555
0 0.48125 0.020833333333333332 0.07361111111111111 0.041666666666666664
0 0.1284722222222222 0.9229166666666667 0.2569444444444444 0.15138888888888888
0 0.14930555555555555 0.6791666666666667 0.2986111111111111 0.6388888888888888
0 0.6013888888888889 0.8381944444444445 0.19444444444444445 0.32083333333333336
0 0.6402777777777777 0.5444444444444444 0.25833333333333336 0.36944444444444446
0 0.7701388888888889 0.7895833333333333 0.23125 0.2388888888888889
0 0.7541666666666667 0.9451388888888889 0.38055555555555554 0.10694444444444444
0 0.8409722222222222 0.5333333333333333 0.25833333333333336 0.3173611111111111
0 0.41597222222222224 0.4701388888888889 0.22083333333333333 0.22083333333333333
0 0.9291666666666667 0.7430555555555556 0.1388888888888889 0.43333333333333335
0 0.4076388888888889 0.7770833333333333 0.2152777777777778 0.31527777777777777
0 0.9333333333333333 0.41388888888888886 0.13055555555555556 0.10833333333333334