0 0.49166666666666664 0.29930555555555555 0.11388888888888889 0.09583333333333334
0 0.475 0.017361111111111112 0.075 0.034722222222222224
0 0.044444444444444446 0.075 0.08888888888888889 0.125
0 0.2465277777777778 0.6236111111111111 0.08472222222222223 0.12361111111111112
0 0.4097222222222222 0.12430555555555556 0.11527777777777778 0.1361111111111111
0 0.24513888888888888 0.13055555555555556 0.2222222222222222 0.13819444444444445
0 0.4444444444444444 0.5986111111111111 0.13055555555555556 0.12986111111111112
0 0.225 0.25416666666666665 0.13958333333333334 0.1388888888888889
0 0.11736111111111111 0.3680555555555556 0.12916666666666668 0.1701388888888889
0 0.2604166666666667 0.3347222222222222 0.16944444444444445 0.11180555555555556
0 0.2798611111111111 0.45902777777777776 0.16180555555555556 0.2326388888888889
0 0.51875 0.5361111111111111 0.059722222222222225 0.15
0 0.42083333333333334 0.1909722222222222 0.11944444444444445 0.09166666666666666
0 0.5319444444444444 0.24722222222222223 0.03333333333333333 0.11388888888888889
0 0.39861111111111114 0.29375 0.07222222222222222 0.14722222222222223
0 0.3951388888888889 0.6625 0.1375 0.13055555555555556
0 0.33958333333333335 0.2423611111111111 0.1111111111111111 0.10347222222222222
0 0.5145833333333333 0.6756944444444445 0.06805555555555555 0.10416666666666667
0 0.12986111111111112 0.51875 0.1451388888888889 0.12013888888888889
0 0.44027777777777777 0.4798611111111111 0.16805555555555557 0.13055555555555556
0 0.029166666666666667 0.51875 0.058333333333333334 0.10416666666666667
0 0.06388888888888888 0.01875 0.12777777777777777 0.0375
0 0.10208333333333333 0.6402777777777777 0.20416666666666666 0.1638888888888889
0 0.2861111111111111 0.05347222222222222 0.18055555555555555 0.10694444444444444
0 0.425 0.34305555555555556 0.07430555555555556 0.09097222222222222
0 0.11666666666666667 0.7 0.23333333333333334 0.05555555555555555
0 0.4895833333333333 0.2125 0.11805555555555555 0.14722222222222223
0 0.49027777777777776 0.39791666666666664 0.11666666666666667 0.1597222222222222
0 0.3090277777777778 0.5951388888888889 0.08541666666666667 0.06597222222222222
0 0.006944444444444444 0.36527777777777776 0.013888888888888888 0.2916666666666667
0 0.09930555555555555 0.14375 0.0798611111111111 0.13680555555555557
0 0.9520833333333333 0.2916666666666667 0.09305555555555556 0.2861111111111111
0 0.65625 0.3638888888888889 0.2125 0.7277777777777777
0 0.9159722222222222 0.5534722222222223 0.16527777777777777 0.3486111111111111
0 0.37430555555555556 0.8840277777777777 0.3486111111111111 0.22916666666666666
0 0.1423611111111111 0.8638888888888889 0.2847222222222222 0.26944444444444443
0 0.9055555555555556 0.8638888888888889 0.18611111111111112 0.26944444444444443
0 0.7125 0.8638888888888889 0.325 0.26944444444444443