0 0.009027777777777777 0.40347222222222223 0.018055555555555554 0.09861111111111111
0 0.020833333333333332 0.31875 0.041666666666666664 0.1125
0 0.1638888888888889 0.3715277777777778 0.06805555555555555 0.06458333333333334
0 0.05763888888888889 0.23402777777777778 0.06805555555555555 0.07361111111111111
0 0.11736111111111111 0.2916666666666667 0.11388888888888889 0.1326388888888889
0 0.04097222222222222 0.1527777777777778 0.07013888888888889 0.04513888888888889
0 0.3263888888888889 0.5069444444444444 0.1388888888888889 0.12222222222222222
0 0.14375 0.009722222222222222 0.059722222222222225 0.019444444444444445
0 0.13680555555555557 0.4756944444444444 0.14444444444444443 0.14930555555555555
0 0.035416666666666666 0.08125 0.07083333333333333 0.12361111111111112
0 0.4777777777777778 0.43194444444444446 0.14166666666666666 0.2722222222222222
0 0.2791666666666667 0.26458333333333334 0.16875 0.12152777777777778
0 0.20902777777777778 0.20208333333333334 0.052083333333333336 0.052083333333333336
0 0.15 0.15763888888888888 0.05763888888888889 0.052083333333333336
0 0.044444444444444446 0.3659722222222222 0.05763888888888889 0.12013888888888889
0 0.27569444444444446 0.4222222222222222 0.06388888888888888 0.044444444444444446
0 0.38680555555555557 0.16875 0.3236111111111111 0.3375
0 0.03194444444444444 0.5027777777777778 0.06388888888888888 0.11944444444444445
0 0.9034722222222222 0.28402777777777777 0.19027777777777777 0.5680555555555555
0 0.6805555555555556 0.44027777777777777 0.2611111111111111 0.25555555555555554
0 0.8125 0.18194444444444444 0.3541666666666667 0.27569444444444446
0 0.24444444444444444 0.7375 0.4888888888888889 0.33611111111111114
0 0.7972222222222223 0.7840277777777778 0.4027777777777778 0.42916666666666664
0 0.71875 0.8680555555555556 0.3375 0.2611111111111111