0 0.20625 0.22013888888888888 0.04236111111111111 0.03611111111111111
0 0.11388888888888889 0.15763888888888888 0.04861111111111111 0.04375
0 0.33125 0.21180555555555555 0.05416666666666667 0.03333333333333333
0 0.22430555555555556 0.25555555555555554 0.03263888888888889 0.04236111111111111
0 0.2881944444444444 0.22847222222222222 0.03125 0.02847222222222222
0 0.19375 0.18888888888888888 0.03888888888888889 0.04652777777777778
0 0.075 0.38680555555555557 0.03333333333333333 0.04375
0 0.19375 0.40347222222222223 0.04375 0.04722222222222222
0 0.24513888888888888 0.12916666666666668 0.04375 0.06875
0 0.4041666666666667 0.2 0.06597222222222222 0.05555555555555555
0 0.4479166666666667 0.23541666666666666 0.05277777777777778 0.043055555555555555
0 0.25833333333333336 0.42291666666666666 0.07013888888888889 0.08611111111111111
0 0.02638888888888889 0.0763888888888889 0.04513888888888889 0.05555555555555555
0 0.041666666666666664 0.04027777777777778 0.08333333333333333 0.06388888888888888
0 0.15486111111111112 0.0763888888888889 0.06944444444444445 0.06388888888888888
0 0.24166666666666667 0.3472222222222222 0.11388888888888889 0.15208333333333332
0 0.48055555555555557 0.4284722222222222 0.075 0.06527777777777778
0 0.37083333333333335 0.36736111111111114 0.06527777777777778 0.08333333333333333
0 0.3375 0.2833333333333333 0.04722222222222222 0.04652777777777778
0 0.23680555555555555 0.22430555555555556 0.03958333333333333 0.04652777777777778
0 0.2513888888888889 0.17777777777777778 0.044444444444444446 0.04097222222222222
0 0.2465277777777778 0.2833333333333333 0.04652777777777778 0.04236111111111111
0 0.44375 0.41041666666666665 0.04375 0.04513888888888889
0 0.07291666666666667 0.25416666666666665 0.0625 0.08333333333333333
0 0.016666666666666666 0.2513888888888889 0.03333333333333333 0.06944444444444445
0 0.5020833333333333 0.48333333333333334 0.03194444444444444 0.13055555555555556
0 0.45555555555555555 0.525 0.08055555555555556 0.06666666666666667
0 0.40555555555555556 0.46944444444444444 0.0798611111111111 0.08055555555555556
0 0.33958333333333335 0.44166666666666665 0.09583333333333334 0.09583333333333334
0 0.3013888888888889 0.2013888888888889 0.034722222222222224 0.029861111111111113
0 0.49583333333333335 0.5423611111111111 0.041666666666666664 0.03194444444444444
0 0.4951388888888889 0.2423611111111111 0.04583333333333333 0.12638888888888888
0 0.4152777777777778 0.2701388888888889 0.10833333333333334 0.08611111111111111
0 0.47291666666666665 0.30694444444444446 0.05347222222222222 0.06666666666666667
0 0.3451388888888889 0.11944444444444445 0.17569444444444443 0.16319444444444445
0 0.12361111111111112 0.26666666666666666 0.04722222222222222 0.10972222222222222
0 0.7590277777777777 0.2791666666666667 0.4791666666666667 0.5583333333333333
0 0.7930555555555555 0.36736111111111114 0.4111111111111111 0.3819444444444444
0 0.22430555555555556 0.7756944444444445 0.4486111111111111 0.43194444444444446
0 0.1909722222222222 0.9361111111111111 0.3819444444444444 0.125
0 0.44305555555555554 0.7791666666666667 0.15 0.4388888888888889
0 0.5576388888888889 0.8236111111111111 0.0763888888888889 0.12222222222222222
0 0.5576388888888889 0.7256944444444444 0.0763888888888889 0.15416666666666667
0 0.7368055555555556 0.84375 0.07291666666666667 0.09652777777777778
0 0.6958333333333333 0.8819444444444444 0.11597222222222223 0.12777777777777777
0 0.6444444444444445 0.8138888888888889 0.10416666666666667 0.08263888888888889
0 0.9326388888888889 0.6201388888888889 0.07777777777777778 0.09583333333333334
0 0.6263888888888889 0.7569444444444444 0.09027777777777778 0.09513888888888888
0 0.5736111111111111 0.6486111111111111 0.10833333333333334 0.10833333333333334
0 0.5965277777777778 0.5826388888888889 0.07916666666666666 0.04583333333333333
0 0.9138888888888889 0.7791666666666667 0.16944444444444445 0.4388888888888889
0 0.7006944444444444 0.6263888888888889 0.08541666666666667 0.08125
0 0.8506944444444444 0.8381944444444445 0.29583333333333334 0.32083333333333336
0 0.6048611111111111 0.8875 0.17083333333333334 0.15555555555555556
0 0.9659722222222222 0.5909722222222222 0.06527777777777778 0.0625
0 0.7486111111111111 0.7173611111111111 0.12152777777777778 0.13194444444444445
0 0.5826388888888889 0.9347222222222222 0.12638888888888888 0.10555555555555556
0 0.8319444444444445 0.6222222222222222 0.15 0.125
0 0.525 0.6236111111111111 0.011111111111111112 0.06666666666666667
0 0.7604166666666666 0.7694444444444445 0.10416666666666667 0.07847222222222222