0 0.29305555555555557 0.1423611111111111 0.08680555555555555 0.06041666666666667
0 0.2569444444444444 0.07777777777777778 0.09583333333333334 0.08055555555555556
0 0.3347222222222222 0.5520833333333334 0.09722222222222222 0.15625
0 0.17083333333333334 0.41041666666666665 0.16527777777777777 0.11527777777777778
0 0.2125 0.052083333333333336 0.06388888888888888 0.049305555555555554
0 0.14791666666666667 0.06666666666666667 0.05625 0.035416666666666666
0 0.40069444444444446 0.17916666666666667 0.05416666666666667 0.07777777777777778
0 0.28888888888888886 0.26944444444444443 0.03819444444444445 0.05555555555555555
0 0.36736111111111114 0.32013888888888886 0.043055555555555555 0.05
0 0.3215277777777778 0.33125 0.04375 0.04583333333333333
0 0.34930555555555554 0.018055555555555554 0.04027777777777778 0.03611111111111111
0 0.33402777777777776 0.20555555555555555 0.09583333333333334 0.09722222222222222
0 0.23819444444444443 0.19930555555555557 0.07152777777777777 0.09583333333333334
0 0.37916666666666665 0.05625 0.07013888888888889 0.08055555555555556
0 0.12013888888888889 0.022222222222222223 0.0625 0.044444444444444446
0 0.059027777777777776 0.47430555555555554 0.11805555555555555 0.21805555555555556
0 0.020833333333333332 0.1 0.041666666666666664 0.044444444444444446
0 0.12083333333333333 0.1375 0.03888888888888889 0.04027777777777778
0 0.18541666666666667 0.1486111111111111 0.08958333333333333 0.03611111111111111
0 0.26319444444444445 0.5284722222222222 0.059722222222222225 0.14305555555555555
0 0.016666666666666666 0.20833333333333334 0.03333333333333333 0.19722222222222222
0 0.17847222222222223 0.18611111111111112 0.05416666666666667 0.04861111111111111
0 0.06736111111111111 0.08333333333333333 0.08680555555555555 0.10902777777777778
0 0.38333333333333336 0.15625 0.06041666666666667 0.08472222222222223
0 0.0875 0.04236111111111111 0.034722222222222224 0.027777777777777776
0 0.3034722222222222 0.09166666666666666 0.06736111111111111 0.075
0 0.3888888888888889 0.25555555555555554 0.04791666666666667 0.049305555555555554
0 0.25972222222222224 0.22708333333333333 0.05486111111111111 0.04583333333333333
0 0.41805555555555557 0.2590277777777778 0.019444444444444445 0.08194444444444444
0 0.1638888888888889 0.09444444444444444 0.03680555555555556 0.04027777777777778
0 0.24722222222222223 0.3451388888888889 0.09652777777777778 0.08958333333333333
0 0.9868055555555556 0.32430555555555557 0.02361111111111111 0.034722222222222224
0 0.9868055555555556 0.06458333333333334 0.02361111111111111 0.02638888888888889
0 0.6833333333333333 0.5618055555555556 0.09236111111111112 0.11875
0 0.6569444444444444 0.05555555555555555 0.04375 0.034027777777777775
0 0.5451388888888888 0.08472222222222223 0.06527777777777778 0.1125
0 0.7319444444444444 0.33958333333333335 0.05625 0.05555555555555555
0 0.6513888888888889 0.4284722222222222 0.04027777777777778 0.07222222222222222
0 0.6430555555555556 0.10138888888888889 0.0625 0.06458333333333334
0 0.48194444444444445 0.17152777777777778 0.04375 0.0763888888888889
0 0.46944444444444444 0.23194444444444445 0.034722222222222224 0.03611111111111111
0 0.8888888888888888 0.059027777777777776 0.05763888888888889 0.04861111111111111
0 0.9909722222222223 0.02638888888888889 0.015277777777777777 0.027777777777777776
0 0.9743055555555555 0.18125 0.04791666666666667 0.03194444444444444
0 0.8895833333333333 0.475 0.21805555555555556 0.2611111111111111
0 0.45902777777777776 0.6145833333333334 0.059722222222222225 0.05694444444444444
0 0.6069444444444444 0.55 0.08263888888888889 0.07847222222222222
0 0.4388888888888889 0.5777777777777777 0.019444444444444445 0.07777777777777778
0 0.8256944444444444 0.07222222222222222 0.09791666666666667 0.10208333333333333
0 0.60625 0.15 0.09861111111111111 0.09166666666666666
0 0.8444444444444444 0.17569444444444443 0.058333333333333334 0.06666666666666667
0 0.9944444444444445 0.2569444444444444 0.008333333333333333 0.03333333333333333
0 0.7611111111111111 0.32569444444444445 0.02847222222222222 0.05277777777777778
0 0.029166666666666667 0.7625 0.03263888888888889 0.06944444444444445
0 0.4013888888888889 0.8354166666666667 0.043055555555555555 0.02638888888888889
0 0.40625 0.8611111111111112 0.03958333333333333 0.03680555555555556
0 0.3770833333333333 0.8756944444444444 0.03194444444444444 0.03819444444444445
0 0.24722222222222223 0.9069444444444444 0.04513888888888889 0.0375
0 0.18125 0.8569444444444444 0.035416666666666666 0.025
0 0.016666666666666666 0.9777777777777777 0.03333333333333333 0.041666666666666664
0 0.21388888888888888 0.8923611111111112 0.024305555555555556 0.02638888888888889
0 0.04722222222222222 0.8208333333333333 0.058333333333333334 0.03680555555555556
0 0.011805555555555555 0.8027777777777778 0.02361111111111111 0.08333333333333333
0 0.06458333333333334 0.9472222222222222 0.020833333333333332 0.029861111111111113
0 0.022222222222222223 0.8576388888888888 0.044444444444444446 0.09027777777777778
0 0.09583333333333334 0.7916666666666666 0.021527777777777778 0.030555555555555555
0 0.06458333333333334 0.7756944444444445 0.041666666666666664 0.058333333333333334
0 0.015277777777777777 0.84375 0.030555555555555555 0.0375
0 0.12777777777777777 0.9701388888888889 0.0375 0.043055555555555555
0 0.14652777777777778 0.9020833333333333 0.10555555555555556 0.07777777777777778
0 0.33819444444444446 0.9805555555555555 0.0375 0.03611111111111111
0 0.7 0.7076388888888889 0.06388888888888888 0.06736111111111111
0 0.6215277777777778 0.6972222222222222 0.0875 0.05555555555555555
0 0.8652777777777778 0.8527777777777777 0.10347222222222222 0.09722222222222222
0 0.9854166666666667 0.9305555555555556 0.02638888888888889 0.125
0 0.7291666666666666 0.8131944444444444 0.06944444444444445 0.08125
0 0.6347222222222222 0.7611111111111111 0.09027777777777778 0.08472222222222223
0 0.5347222222222222 0.7555555555555555 0.12777777777777777 0.1
0 0.9486111111111111 0.975 0.06666666666666667 0.04722222222222222
0 0.8277777777777777 0.7944444444444444 0.14097222222222222 0.15555555555555556
0 0.6680555555555555 0.9368055555555556 0.10833333333333334 0.12361111111111112
0 0.5243055555555556 0.9388888888888889 0.19027777777777777 0.11944444444444445
0 0.6791666666666667 0.9777777777777777 0.1111111111111111 0.041666666666666664
0 0.5534722222222223 0.8618055555555556 0.16597222222222222 0.11736111111111111
0 0.7569444444444444 0.9756944444444444 0.1388888888888889 0.04583333333333333