0 0.08819444444444445 0.3076388888888889 0.12708333333333333 0.1527777777777778
0 0.02638888888888889 0.24930555555555556 0.05277777777777778 0.06527777777777778
0 0.041666666666666664 0.1798611111111111 0.08333333333333333 0.09027777777777778
0 0.375 0.43333333333333335 0.06666666666666667 0.14722222222222223
0 0.019444444444444445 0.12361111111111112 0.03888888888888889 0.08333333333333333
0 0.20208333333333334 0.3458333333333333 0.06041666666666667 0.06805555555555555
0 0.20069444444444445 0.2923611111111111 0.08819444444444445 0.07222222222222222
0 0.1326388888888889 0.009027777777777777 0.0625 0.018055555555555554
0 0.08263888888888889 0.016666666666666666 0.15138888888888888 0.03333333333333333
0 0.26180555555555557 0.027777777777777776 0.10138888888888889 0.05555555555555555
0 0.37916666666666665 0.2902777777777778 0.058333333333333334 0.12222222222222222
0 0.34791666666666665 0.19305555555555556 0.12013888888888889 0.10555555555555556
0 0.29375 0.15486111111111112 0.08263888888888889 0.1
0 0.26319444444444445 0.2263888888888889 0.08472222222222223 0.12013888888888889
0 0.15069444444444444 0.48125 0.18194444444444444 0.07361111111111111
0 0.10902777777777778 0.1951388888888889 0.09930555555555555 0.09583333333333334
0 0.029166666666666667 0.34375 0.058333333333333334 0.14027777777777778
0 0.7041666666666667 0.2590277777777778 0.5888888888888889 0.5180555555555556
0 0.049305555555555554 0.7034722222222223 0.09861111111111111 0.3680555555555556
0 0.35833333333333334 0.8631944444444445 0.1 0.2708333333333333
0 0.2013888888888889 0.8131944444444444 0.24444444444444444 0.37083333333333335
0 0.06180555555555556 0.9222222222222223 0.12361111111111112 0.1527777777777778
0 0.27708333333333335 0.6305555555555555 0.2625 0.2222222222222222
0 0.0875 0.5979166666666667 0.175 0.15694444444444444
0 0.7597222222222222 0.5951388888888889 0.4777777777777778 0.15138888888888888
0 0.5111111111111111 0.6152777777777778 0.20277777777777778 0.19166666666666668
0 0.9180555555555555 0.7513888888888889 0.16111111111111112 0.40555555555555556
0 0.7298611111111111 0.8215277777777777 0.2708333333333333 0.3541666666666667
0 0.5145833333333333 0.8506944444444444 0.20972222222222223 0.2875
0 0.8361111111111111 0.9701388888888889 0.20555555555555555 0.05694444444444444
0 0.6270833333333333 0.9791666666666666 0.1986111111111111 0.03888888888888889