0 0.37777777777777777 0.3458333333333333 0.06666666666666667 0.06319444444444444
0 0.2972222222222222 0.16666666666666666 0.24166666666666667 0.175
0 0.20902777777777778 0.4131944444444444 0.18194444444444444 0.24861111111111112
0 0.03888888888888889 0.05347222222222222 0.07777777777777778 0.10694444444444444
0 0.05 0.2361111111111111 0.1 0.12222222222222222
0 0.40555555555555556 0.043055555555555555 0.025 0.06388888888888888
0 0.08472222222222223 0.41041666666666665 0.1527777777777778 0.25416666666666665
0 0.3416666666666667 0.009722222222222222 0.08888888888888889 0.019444444444444445
0 0.34375 0.4930555555555556 0.1486111111111111 0.08888888888888889
0 0.22291666666666668 0.09375 0.15763888888888888 0.13402777777777777
0 0.11041666666666666 0.12222222222222222 0.22083333333333333 0.24444444444444444
0 0.24027777777777778 0.3090277777777778 0.14791666666666667 0.12361111111111112
0 0.6375 0.5069444444444444 0.06111111111111111 0.06111111111111111
0 0.6298611111111111 0.4444444444444444 0.1284722222222222 0.08402777777777778
0 0.6986111111111111 0.4930555555555556 0.07847222222222222 0.08125
0 0.7694444444444445 0.36666666666666664 0.10138888888888889 0.1597222222222222
0 0.7652777777777777 0.20416666666666666 0.06944444444444445 0.08263888888888889
0 0.8930555555555556 0.21041666666666667 0.059027777777777776 0.06597222222222222
0 0.9618055555555556 0.23680555555555555 0.06319444444444444 0.07777777777777778
0 0.8104166666666667 0.1527777777777778 0.10416666666666667 0.09652777777777778
0 0.7277777777777777 0.12708333333333333 0.049305555555555554 0.059027777777777776
0 0.6333333333333333 0.1951388888888889 0.07777777777777778 0.043055555555555555
0 0.44930555555555557 0.41388888888888886 0.059722222222222225 0.12777777777777777
0 0.4340277777777778 0.36875 0.029166666666666667 0.05416666666666667
0 0.8708333333333333 0.24097222222222223 0.04375 0.03194444444444444
0 0.5395833333333333 0.20416666666666666 0.09305555555555556 0.1
0 0.46458333333333335 0.15555555555555556 0.09027777777777778 0.14722222222222223
0 0.4486111111111111 0.06875 0.058333333333333334 0.1375
0 0.7590277777777777 0.08263888888888889 0.10416666666666667 0.06458333333333334
0 0.7513888888888889 0.15069444444444444 0.05763888888888889 0.06944444444444445
0 0.8868055555555555 0.08958333333333333 0.08888888888888889 0.08819444444444445
0 0.7826388888888889 0.5 0.2375 0.075
0 0.9166666666666666 0.525 0.07777777777777778 0.025
0 0.9215277777777777 0.23333333333333334 0.06180555555555556 0.058333333333333334
0 0.9493055555555555 0.47638888888888886 0.09861111111111111 0.1
0 0.5131944444444444 0.11805555555555555 0.09583333333333334 0.09166666666666666
0 0.4777777777777778 0.025694444444444443 0.075 0.05138888888888889
0 0.5465277777777777 0.011111111111111112 0.06805555555555555 0.022222222222222223
0 0.8361111111111111 0.2111111111111111 0.07777777777777778 0.06597222222222222
0 0.43680555555555556 0.29930555555555555 0.034722222222222224 0.1625
0 0.4673611111111111 0.21666666666666667 0.0625 0.05486111111111111
0 0.5145833333333333 0.5027777777777778 0.12916666666666668 0.06944444444444445
0 0.9645833333333333 0.09791666666666667 0.06805555555555555 0.05694444444444444
0 0.16805555555555557 0.6159722222222223 0.33611111111111114 0.15416666666666667
0 0.35555555555555557 0.6534722222222222 0.125 0.22916666666666666
0 0.1798611111111111 0.7416666666666667 0.18958333333333333 0.20555555555555555
0 0.07083333333333333 0.76875 0.14166666666666666 0.4597222222222222
0 0.36180555555555555 0.8069444444444445 0.1125 0.38333333333333336
0 0.2465277777777778 0.8381944444444445 0.2763888888888889 0.32083333333333336
0 0.8805555555555555 0.7479166666666667 0.2361111111111111 0.41805555555555557
0 0.5548611111111111 0.8243055555555555 0.2708333333333333 0.3125
0 0.7305555555555555 0.8798611111111111 0.20555555555555555 0.2375
0 0.5618055555555556 0.9777777777777777 0.14027777777777778 0.041666666666666664
0 0.7194444444444444 0.6256944444444444 0.31666666666666665 0.1736111111111111