0 0.3798611111111111 0.0125 0.06805555555555555 0.025
0 0.1111111111111111 0.05555555555555555 0.04652777777777778 0.0625
0 0.31527777777777777 0.30833333333333335 0.325 0.15833333333333333
0 0.2013888888888889 0.26458333333333334 0.13958333333333334 0.19027777777777777
0 0.4673611111111111 0.18680555555555556 0.020833333333333332 0.06527777777777778
0 0.3763888888888889 0.21736111111111112 0.20277777777777778 0.15138888888888888
0 0.07569444444444444 0.10208333333333333 0.15138888888888888 0.12083333333333333
0 0.44305555555555554 0.04097222222222222 0.06944444444444445 0.06527777777777778
0 0.24375 0.011111111111111112 0.06805555555555555 0.022222222222222223
0 0.12708333333333333 0.021527777777777778 0.07916666666666666 0.043055555555555555
0 0.17430555555555555 0.06111111111111111 0.10138888888888889 0.12222222222222222
0 0.3909722222222222 0.09236111111111112 0.14583333333333334 0.1527777777777778
0 0.05416666666666667 0.02361111111111111 0.08333333333333333 0.04722222222222222
0 0.09236111111111112 0.3173611111111111 0.18472222222222223 0.14027777777777778
0 0.6270833333333333 0.13958333333333334 0.2375 0.2791666666666667
0 0.8388888888888889 0.15069444444444444 0.3194444444444444 0.3013888888888889
0 0.5305555555555556 0.19375 0.10277777777777777 0.3875
0 0.6819444444444445 0.2833333333333333 0.26666666666666666 0.20833333333333334
0 0.8145833333333333 0.3194444444444444 0.31805555555555554 0.1361111111111111
0 0.10555555555555556 0.7229166666666667 0.2111111111111111 0.5513888888888889
0 0.28541666666666665 0.48819444444444443 0.37083333333333335 0.1986111111111111
0 0.3104166666666667 0.6944444444444444 0.3347222222222222 0.6111111111111112
0 0.5833333333333334 0.6763888888888889 0.20833333333333334 0.575
0 0.8194444444444444 0.7569444444444444 0.35833333333333334 0.48333333333333334
0 0.6006944444444444 0.9388888888888889 0.24305555555555555 0.11944444444444445
0 0.8166666666666667 0.5236111111111111 0.3638888888888889 0.26944444444444443