0 0.37083333333333335 0.05763888888888889 0.13333333333333333 0.11527777777777778
0 0.3388888888888889 0.3055555555555556 0.19027777777777777 0.30833333333333335
0 0.1125 0.2388888888888889 0.225 0.4777777777777778
0 0.13055555555555556 0.09444444444444444 0.18472222222222223 0.12777777777777777
0 0.20833333333333334 0.2875 0.1597222222222222 0.2826388888888889
0 0.06597222222222222 0.02361111111111111 0.13194444444444445 0.04722222222222222
0 0.22013888888888888 0.052083333333333336 0.2625 0.10416666666666667
0 0.36527777777777776 0.17291666666666666 0.14444444444444443 0.13194444444444445
0 0.6798611111111111 0.14722222222222223 0.48194444444444445 0.29444444444444445
0 0.8923611111111112 0.08194444444444444 0.2125 0.1638888888888889
0 0.7486111111111111 0.38472222222222224 0.44166666666666665 0.18611111111111112
0 0.3055555555555556 0.6090277777777777 0.2638888888888889 0.25972222222222224
0 0.1 0.6138888888888889 0.2 0.26944444444444443
0 0.30069444444444443 0.80625 0.27361111111111114 0.38472222222222224
0 0.07708333333333334 0.8576388888888888 0.15416666666666667 0.28194444444444444
0 0.5458333333333333 0.8597222222222223 0.08125 0.05694444444444444
0 0.5465277777777777 0.8118055555555556 0.05 0.04652777777777778
0 0.4618055555555556 0.6381944444444444 0.04583333333333333 0.05138888888888889
0 0.44583333333333336 0.6847222222222222 0.013888888888888888 0.06944444444444445
0 0.5 0.9152777777777777 0.05347222222222222 0.09305555555555556
0 0.9618055555555556 0.9381944444444444 0.07361111111111111 0.12083333333333333
0 0.61875 0.9513888888888888 0.10138888888888889 0.09444444444444444
0 0.7743055555555556 0.6548611111111111 0.1388888888888889 0.11875
0 0.5361111111111111 0.975 0.08611111111111111 0.04722222222222222
0 0.8666666666666667 0.9243055555555556 0.14444444444444443 0.1486111111111111
0 0.9125 0.7638888888888888 0.1701388888888889 0.32430555555555557
0 0.7402777777777778 0.8229166666666666 0.2611111111111111 0.25972222222222224
0 0.5555555555555556 0.9208333333333333 0.07916666666666666 0.075
0 0.47708333333333336 0.8965277777777778 0.0763888888888889 0.2013888888888889
0 0.6770833333333334 0.5451388888888888 0.03680555555555556 0.049305555555555554
0 0.6104166666666667 0.74375 0.06319444444444444 0.06180555555555556
0 0.8388888888888889 0.5340277777777778 0.25833333333333336 0.10972222222222222
0 0.44305555555555554 0.8034722222222223 0.008333333333333333 0.30694444444444446
0 0.625 0.6506944444444445 0.04791666666666667 0.04791666666666667
0 0.6708333333333333 0.7020833333333333 0.03333333333333333 0.06388888888888888
0 0.5736111111111111 0.6652777777777777 0.059722222222222225 0.03888888888888889