0 0.09930555555555555 0.14166666666666666 0.09166666666666666 0.07430555555555556
0 0.31805555555555554 0.2701388888888889 0.10416666666666667 0.09236111111111112
0 0.27361111111111114 0.08888888888888889 0.04236111111111111 0.059027777777777776
0 0.3659722222222222 0.10347222222222222 0.05347222222222222 0.06111111111111111
0 0.2076388888888889 0.13680555555555557 0.04583333333333333 0.04236111111111111
0 0.025 0.19722222222222222 0.05 0.058333333333333334
0 0.05347222222222222 0.2513888888888889 0.024305555555555556 0.027777777777777776
0 0.41041666666666665 0.24722222222222223 0.09513888888888888 0.09930555555555555
0 0.2763888888888889 0.14583333333333334 0.0375 0.07430555555555556
0 0.17569444444444443 0.022916666666666665 0.05416666666666667 0.04583333333333333
0 0.24861111111111112 0.3451388888888889 0.12916666666666668 0.11805555555555555
0 0.25972222222222224 0.38055555555555554 0.08958333333333333 0.08472222222222223
0 0.3798611111111111 0.5208333333333334 0.10138888888888889 0.03333333333333333
0 0.39305555555555555 0.26875 0.06736111111111111 0.05763888888888889
0 0.11458333333333333 0.43819444444444444 0.05416666666666667 0.05277777777777778
0 0.4173611111111111 0.19583333333333333 0.034722222222222224 0.034722222222222224
0 0.14375 0.16597222222222222 0.10277777777777777 0.08263888888888889
0 0.07847222222222222 0.09444444444444444 0.06388888888888888 0.03819444444444445
0 0.1951388888888889 0.2520833333333333 0.03680555555555556 0.03680555555555556
0 0.17708333333333334 0.18194444444444444 0.041666666666666664 0.029861111111111113
0 0.16944444444444445 0.3680555555555556 0.04652777777777778 0.04652777777777778
0 0.1111111111111111 0.37222222222222223 0.04375 0.05486111111111111
0 0.37222222222222223 0.059027777777777776 0.03194444444444444 0.034722222222222224
0 0.3680555555555556 0.027083333333333334 0.03125 0.03263888888888889
0 0.3111111111111111 0.0375 0.05138888888888889 0.044444444444444446
0 0.09930555555555555 0.043055555555555555 0.07152777777777777 0.06597222222222222
0 0.6298611111111111 0.325 0.07222222222222222 0.04513888888888889
0 0.7895833333333333 0.3909722222222222 0.059722222222222225 0.05347222222222222
0 0.48541666666666666 0.2569444444444444 0.0125 0.04722222222222222
0 0.8375 0.10277777777777777 0.05694444444444444 0.06319444444444444
0 0.7756944444444445 0.16875 0.029166666666666667 0.043055555555555555
0 0.6736111111111112 0.12777777777777777 0.04375 0.05277777777777778
0 0.5215277777777778 0.30833333333333335 0.044444444444444446 0.052083333333333336
0 0.6930555555555555 0.25625 0.07222222222222222 0.0763888888888889
0 0.6388888888888888 0.21736111111111112 0.03819444444444445 0.0375
0 0.8597222222222223 0.325 0.034027777777777775 0.04791666666666667
0 0.8534722222222222 0.2972222222222222 0.03333333333333333 0.03333333333333333
0 0.5076388888888889 0.27291666666666664 0.0375 0.04375
0 0.5680555555555555 0.07013888888888889 0.03819444444444445 0.03888888888888889
0 0.9618055555555556 0.5111111111111111 0.06805555555555555 0.05277777777777778
0 0.9034722222222222 0.4798611111111111 0.0763888888888889 0.06041666666666667
0 0.7513888888888889 0.2263888888888889 0.04513888888888889 0.03263888888888889
0 0.5222222222222223 0.5048611111111111 0.08611111111111111 0.06527777777777778
0 0.8368055555555556 0.34305555555555556 0.05416666666666667 0.0763888888888889
0 0.5520833333333334 0.13055555555555556 0.05763888888888889 0.04375
0 0.6409722222222223 0.41041666666666665 0.10972222222222222 0.08819444444444445
0 0.8118055555555556 0.2875 0.035416666666666666 0.07708333333333334
0 0.8930555555555556 0.37777777777777777 0.034722222222222224 0.03333333333333333
0 0.7 0.16041666666666668 0.05347222222222222 0.06041666666666667
0 0.6090277777777777 0.18125 0.07013888888888889 0.04861111111111111
0 0.5923611111111111 0.46875 0.12291666666666666 0.10486111111111111
0 0.49375 0.4597222222222222 0.029166666666666667 0.1
0 0.5520833333333334 0.35 0.07430555555555556 0.07361111111111111
0 0.4951388888888889 0.3090277777777778 0.030555555555555555 0.03194444444444444
0 0.7284722222222222 0.4479166666666667 0.1076388888888889 0.10069444444444445
0 0.5020833333333333 0.35555555555555557 0.04583333333333333 0.06111111111111111
0 0.5881944444444445 0.29583333333333334 0.07430555555555556 0.0625
0 0.6090277777777777 0.26805555555555555 0.08263888888888889 0.06597222222222222
0 0.7451388888888889 0.1284722222222222 0.05277777777777778 0.06875
0 0.7284722222222222 0.0763888888888889 0.09166666666666666 0.06666666666666667
0 0.7597222222222222 0.2625 0.05694444444444444 0.050694444444444445
0 0.9381944444444444 0.34652777777777777 0.06458333333333334 0.05486111111111111
0 0.9805555555555555 0.35555555555555557 0.03611111111111111 0.04722222222222222
0 0.6423611111111112 0.36041666666666666 0.11666666666666667 0.05625
0 0.8416666666666667 0.3958333333333333 0.06944444444444445 0.049305555555555554
0 0.7416666666666667 0.36319444444444443 0.06458333333333334 0.07361111111111111
0 0.70625 0.3076388888888889 0.05 0.07430555555555556
0 0.5159722222222223 0.18819444444444444 0.052083333333333336 0.0625
0 0.8069444444444445 0.24027777777777778 0.050694444444444445 0.06388888888888888
0 0.8479166666666667 0.16319444444444445 0.043055555555555555 0.04513888888888889
0 0.6270833333333333 0.11805555555555555 0.04861111111111111 0.04375
0 0.6631944444444444 0.49444444444444446 0.04513888888888889 0.05625
0 0.575 0.5201388888888889 0.03888888888888889 0.034722222222222224
0 0.9784722222222222 0.3263888888888889 0.04027777777777778 0.058333333333333334
0 0.017361111111111112 0.6923611111111111 0.034722222222222224 0.09027777777777778
0 0.2916666666666667 0.5909722222222222 0.044444444444444446 0.034722222222222224
0 0.17777777777777778 0.6208333333333333 0.06597222222222222 0.11388888888888889
0 0.36736111111111114 0.8798611111111111 0.05694444444444444 0.05625
0 0.2861111111111111 0.9659722222222222 0.041666666666666664 0.06527777777777778
0 0.27708333333333335 0.6375 0.06319444444444444 0.06597222222222222
0 0.11388888888888889 0.7083333333333334 0.044444444444444446 0.07777777777777778
0 0.10138888888888889 0.7701388888888889 0.035416666666666666 0.03680555555555556
0 0.44513888888888886 0.6083333333333333 0.06527777777777778 0.10555555555555556
0 0.24027777777777778 0.6868055555555556 0.1 0.09305555555555556
0 0.46458333333333335 0.7125 0.02638888888888889 0.06944444444444445
0 0.39791666666666664 0.8659722222222223 0.029166666666666667 0.05416666666666667
0 0.7736111111111111 0.6868055555555556 0.45 0.29583333333333334
0 0.6777777777777778 0.8326388888888889 0.3972222222222222 0.33194444444444443
0 0.9277777777777778 0.9027777777777778 0.14166666666666666 0.19166666666666668