0 0.2152777777777778 0.4909722222222222 0.13333333333333333 0.034722222222222224
0 0.21875 0.4388888888888889 0.12361111111111112 0.1388888888888889
0 0.2902777777777778 0.04652777777777778 0.23333333333333334 0.09305555555555556
0 0.10833333333333334 0.4479166666666667 0.14166666666666666 0.12083333333333333
0 0.05763888888888889 0.32013888888888886 0.11527777777777778 0.14305555555555555
0 0.13055555555555556 0.2638888888888889 0.12986111111111112 0.15208333333333332
0 0.3277777777777778 0.49583333333333335 0.09722222222222222 0.025
0 0.3104166666666667 0.4666666666666667 0.08472222222222223 0.08333333333333333
0 0.25763888888888886 0.3680555555555556 0.10347222222222222 0.09861111111111111
0 0.28194444444444444 0.28055555555555556 0.07083333333333333 0.09722222222222222
0 0.08611111111111111 0.07361111111111111 0.07013888888888889 0.12569444444444444
0 0.05416666666666667 0.38819444444444445 0.07291666666666667 0.07430555555555556
0 0.02013888888888889 0.4152777777777778 0.04027777777777778 0.06111111111111111
0 0.3784722222222222 0.3486111111111111 0.07847222222222222 0.075
0 0.41597222222222224 0.016666666666666666 0.1375 0.03333333333333333
0 0.052083333333333336 0.2375 0.04375 0.029861111111111113
0 0.17569444444444443 0.2361111111111111 0.03263888888888889 0.04513888888888889
0 0.16666666666666666 0.14652777777777778 0.1388888888888889 0.13333333333333333
0 0.4222222222222222 0.4326388888888889 0.11180555555555556 0.12152777777777778
0 0.46458333333333335 0.34375 0.06805555555555555 0.11805555555555555
0 0.13402777777777777 0.3784722222222222 0.10069444444444445 0.07777777777777778
0 0.19791666666666666 0.3458333333333333 0.04583333333333333 0.06041666666666667
0 0.17569444444444443 0.3229166666666667 0.06388888888888888 0.07847222222222222
0 0.22291666666666668 0.24791666666666667 0.059722222222222225 0.07152777777777777
0 0.3159722222222222 0.1284722222222222 0.08402777777777778 0.09027777777777778
0 0.3715277777777778 0.08819444444444445 0.08125 0.07013888888888889
0 0.43333333333333335 0.47638888888888886 0.09722222222222222 0.06388888888888888
0 0.6854166666666667 0.027083333333333334 0.08472222222222223 0.05416666666666667
0 0.9625 0.03194444444444444 0.07222222222222222 0.06388888888888888
0 0.9069444444444444 0.013888888888888888 0.05 0.027777777777777776
0 0.9006944444444445 0.04861111111111111 0.05625 0.05138888888888889
0 0.8451388888888889 0.05694444444444444 0.05625 0.07847222222222222
0 0.5763888888888888 0.39375 0.06597222222222222 0.07291666666666667
0 0.7180555555555556 0.4131944444444444 0.05486111111111111 0.08958333333333333
0 0.6152777777777778 0.22847222222222222 0.06180555555555556 0.05486111111111111
0 0.7048611111111112 0.26180555555555557 0.06527777777777778 0.0798611111111111
0 0.7486111111111111 0.20694444444444443 0.04375 0.06388888888888888
0 0.7659722222222223 0.14583333333333334 0.06180555555555556 0.08611111111111111
0 0.8083333333333333 0.19791666666666666 0.06805555555555555 0.05694444444444444
0 0.8645833333333334 0.3055555555555556 0.05555555555555555 0.09166666666666666
0 0.9090277777777778 0.34930555555555554 0.058333333333333334 0.058333333333333334
0 0.9833333333333333 0.2861111111111111 0.030555555555555555 0.041666666666666664
0 0.65 0.4111111111111111 0.05694444444444444 0.07430555555555556
0 0.9354166666666667 0.30486111111111114 0.09722222222222222 0.08125
0 0.9861111111111112 0.08333333333333333 0.025 0.075
0 0.9659722222222222 0.1284722222222222 0.06319444444444444 0.10208333333333333
0 0.9763888888888889 0.38958333333333334 0.044444444444444446 0.09027777777777778
0 0.9055555555555556 0.39652777777777776 0.09861111111111111 0.06111111111111111
0 0.7930555555555555 0.41944444444444445 0.08055555555555556 0.08194444444444444
0 0.79375 0.31666666666666665 0.10486111111111111 0.1388888888888889
0 0.8673611111111111 0.46458333333333335 0.0875 0.0875
0 0.7847222222222222 0.47708333333333336 0.12222222222222222 0.0625
0 0.7208333333333333 0.14652777777777778 0.06666666666666667 0.06111111111111111
0 0.7194444444444444 0.3194444444444444 0.06041666666666667 0.052083333333333336
0 0.6888888888888889 0.4618055555555556 0.09166666666666666 0.09305555555555556
0 0.5222222222222223 0.01875 0.044444444444444446 0.0375
0 0.7013888888888888 0.3736111111111111 0.10902777777777778 0.06736111111111111
0 0.5347222222222222 0.2861111111111111 0.06944444444444445 0.2
0 0.5347222222222222 0.4326388888888889 0.06944444444444445 0.15138888888888888
0 0.5965277777777778 0.0798611111111111 0.10972222222222222 0.08055555555555556
0 0.6513888888888889 0.13194444444444445 0.14791666666666667 0.12222222222222222
0 0.8805555555555555 0.23680555555555555 0.14791666666666667 0.09236111111111112
0 0.9756944444444444 0.24861111111111112 0.04583333333333333 0.075
0 0.6791666666666667 0.21666666666666667 0.10277777777777777 0.09583333333333334
0 0.6368055555555555 0.29791666666666666 0.09722222222222222 0.09513888888888888
0 0.9847222222222223 0.34305555555555556 0.027777777777777776 0.06388888888888888
0 0.1638888888888889 0.9444444444444444 0.09166666666666666 0.10833333333333334
0 0.12222222222222222 0.9868055555555556 0.1361111111111111 0.02361111111111111
0 0.32222222222222224 0.9458333333333333 0.28055555555555556 0.10555555555555556
0 0.39166666666666666 0.6965277777777777 0.21388888888888888 0.3736111111111111
0 0.39444444444444443 0.5409722222222222 0.125 0.0625
0 0.17291666666666666 0.7423611111111111 0.3458333333333333 0.4652777777777778
0 0.46944444444444444 0.9125 0.058333333333333334 0.17222222222222222
0 0.6152777777777778 0.9048611111111111 0.23055555555555557 0.1875
0 0.8534722222222222 0.9284722222222223 0.2847222222222222 0.14027777777777778
0 0.8430555555555556 0.6923611111111111 0.3111111111111111 0.36527777777777776
0 0.6513888888888889 0.68125 0.17222222222222222 0.34305555555555556
0 0.5548611111111111 0.6833333333333333 0.10972222222222222 0.3388888888888889