0 0.22569444444444445 0.018055555555555554 0.04027777777777778 0.03611111111111111
0 0.32708333333333334 0.0125 0.04027777777777778 0.025
0 0.05763888888888889 0.022916666666666665 0.08194444444444444 0.04583333333333333
0 0.6076388888888888 0.11388888888888889 0.020833333333333332 0.06111111111111111
0 0.004166666666666667 0.07777777777777778 0.008333333333333333 0.03611111111111111
0 0.019444444444444445 0.22847222222222222 0.03888888888888889 0.13472222222222222
0 0.029166666666666667 0.38680555555555557 0.058333333333333334 0.07083333333333333
0 0.21041666666666667 0.51875 0.07777777777777778 0.1
0 0.034027777777777775 0.08611111111111111 0.05763888888888889 0.08333333333333333
0 0.03611111111111111 0.5465277777777777 0.07222222222222222 0.043055555555555555
0 0.27847222222222223 0.25416666666666665 0.06388888888888888 0.05416666666666667
0 0.41388888888888886 0.17708333333333334 0.050694444444444445 0.052083333333333336
0 0.5270833333333333 0.22291666666666668 0.06666666666666667 0.04513888888888889
0 0.2611111111111111 0.1875 0.03888888888888889 0.04583333333333333
0 0.04027777777777778 0.22916666666666666 0.049305555555555554 0.06319444444444444
0 0.13402777777777777 0.26180555555555557 0.06041666666666667 0.059722222222222225
0 0.5770833333333333 0.12013888888888889 0.08194444444444444 0.07083333333333333
0 0.3 0.5222222222222223 0.11388888888888889 0.09166666666666666
0 0.44583333333333336 0.5541666666666667 0.09444444444444444 0.027777777777777776
0 0.16111111111111112 0.34791666666666665 0.1763888888888889 0.15486111111111112
0 0.28888888888888886 0.07708333333333334 0.049305555555555554 0.049305555555555554
0 0.1840277777777778 0.06875 0.06666666666666667 0.06180555555555556
0 0.08819444444444445 0.12916666666666668 0.10555555555555556 0.12777777777777777
0 0.55 0.025694444444444443 0.07222222222222222 0.05138888888888889
0 0.3638888888888889 0.23680555555555555 0.1111111111111111 0.10833333333333334
0 0.3506944444444444 0.17777777777777778 0.07083333333333333 0.03611111111111111
0 0.3506944444444444 0.14791666666666667 0.05277777777777778 0.04652777777777778
0 0.4388888888888889 0.14097222222222222 0.05138888888888889 0.07430555555555556
0 0.5340277777777778 0.06736111111111111 0.04097222222222222 0.05277777777777778
0 0.2625 0.1423611111111111 0.0875 0.13055555555555556
0 0.34444444444444444 0.03680555555555556 0.04652777777777778 0.04097222222222222
0 0.2881944444444444 0.009722222222222222 0.04861111111111111 0.019444444444444445
0 0.24097222222222223 0.06180555555555556 0.04097222222222222 0.04583333333333333
0 0.44166666666666665 0.014583333333333334 0.041666666666666664 0.029166666666666667
0 0.7958333333333333 0.37083333333333335 0.3138888888888889 0.39444444444444443
0 0.8791666666666667 0.049305555555555554 0.2388888888888889 0.09861111111111111
0 0.8083333333333333 0.12430555555555556 0.37777777777777777 0.24861111111111112
0 0.6520833333333333 0.36875 0.06527777777777778 0.39861111111111114
0 0.14027777777777778 0.8201388888888889 0.28055555555555556 0.3402777777777778
0 0.1388888888888889 0.9347222222222222 0.2777777777777778 0.12777777777777777
0 0.3680555555555556 0.6923611111111111 0.5 0.24583333333333332
0 0.41944444444444445 0.8166666666666667 0.3972222222222222 0.3638888888888889
0 0.8777777777777778 0.7590277777777777 0.24166666666666667 0.37916666666666665
0 0.7486111111111111 0.6145833333333334 0.2222222222222222 0.09027777777777778
0 0.7166666666666667 0.8152777777777778 0.19444444444444445 0.2833333333333333
0 0.9576388888888889 0.9493055555555555 0.08194444444444444 0.09861111111111111