0 0.03611111111111111 0.275 0.03680555555555556 0.043055555555555555
0 0.019444444444444445 0.41458333333333336 0.03888888888888889 0.05694444444444444
0 0.041666666666666664 0.13958333333333334 0.04722222222222222 0.06597222222222222
0 0.08402777777777778 0.10208333333333333 0.05277777777777778 0.041666666666666664
0 0.05763888888888889 0.08611111111111111 0.029861111111111113 0.034722222222222224
0 0.1388888888888889 0.2625 0.07152777777777777 0.11319444444444444
0 0.21319444444444444 0.34930555555555554 0.03958333333333333 0.029166666666666667
0 0.1798611111111111 0.34305555555555556 0.030555555555555555 0.034027777777777775
0 0.15347222222222223 0.3993055555555556 0.04375 0.04097222222222222
0 0.12569444444444444 0.35625 0.04722222222222222 0.05555555555555555
0 0.030555555555555555 0.3402777777777778 0.0375 0.04652777777777778
0 0.018055555555555554 0.19583333333333333 0.03611111111111111 0.041666666666666664
0 0.021527777777777778 0.1673611111111111 0.043055555555555555 0.04027777777777778
0 0.014583333333333334 0.13194444444444445 0.029166666666666667 0.03888888888888889
0 0.029166666666666667 0.5590277777777778 0.03888888888888889 0.018055555555555554
0 0.08541666666666667 0.4826388888888889 0.07569444444444444 0.06527777777777778
0 0.15555555555555556 0.4701388888888889 0.04791666666666667 0.049305555555555554
0 0.013194444444444444 0.5020833333333333 0.02638888888888889 0.0763888888888889
0 0.22291666666666668 0.4222222222222222 0.044444444444444446 0.03958333333333333
0 0.28402777777777777 0.30625 0.052083333333333336 0.029166666666666667
0 0.08541666666666667 0.18263888888888888 0.04236111111111111 0.041666666666666664
0 0.07916666666666666 0.13402777777777777 0.035416666666666666 0.03333333333333333
0 0.27569444444444446 0.20902777777777778 0.18888888888888888 0.17152777777777778
0 0.24791666666666667 0.39444444444444443 0.05 0.05555555555555555
0 0.09861111111111111 0.35833333333333334 0.04027777777777778 0.04236111111111111
0 0.08333333333333333 0.4027777777777778 0.08333333333333333 0.05277777777777778
0 0.22777777777777777 0.49236111111111114 0.14444444444444443 0.15138888888888888
0 0.3020833333333333 0.5430555555555555 0.09861111111111111 0.05
0 0.009027777777777777 0.07708333333333334 0.018055555555555554 0.05694444444444444
0 0.16805555555555557 0.21180555555555555 0.08333333333333333 0.07291666666666667
0 0.5534722222222223 0.22430555555555556 0.03888888888888889 0.05138888888888889
0 0.6305555555555555 0.12777777777777777 0.05486111111111111 0.05555555555555555
0 0.6402777777777777 0.275 0.06597222222222222 0.0375
0 0.5326388888888889 0.5381944444444444 0.09583333333333334 0.059722222222222225
0 0.9597222222222223 0.43472222222222223 0.07777777777777778 0.125
0 0.8409722222222222 0.04513888888888889 0.06527777777777778 0.08472222222222223
0 0.5256944444444445 0.04236111111111111 0.05694444444444444 0.06527777777777778
0 0.8277777777777777 0.09930555555555555 0.03888888888888889 0.03958333333333333
0 0.9006944444444445 0.01597222222222222 0.05138888888888889 0.03194444444444444
0 0.9819444444444444 0.14305555555555555 0.03333333333333333 0.07777777777777778
0 0.7173611111111111 0.12152777777777778 0.13194444444444445 0.1451388888888889
0 0.70625 0.03125 0.08472222222222223 0.0625
0 0.49930555555555556 0.18263888888888888 0.12083333333333333 0.10694444444444444
0 0.4756944444444444 0.22708333333333333 0.05138888888888889 0.075
0 0.8701388888888889 0.22430555555555556 0.06597222222222222 0.06944444444444445
0 0.8611111111111112 0.2569444444444444 0.050694444444444445 0.04236111111111111
0 0.6916666666666667 0.41597222222222224 0.04513888888888889 0.05347222222222222
0 0.8652777777777778 0.48680555555555555 0.07013888888888889 0.06180555555555556
0 0.45069444444444445 0.21597222222222223 0.02361111111111111 0.09861111111111111
0 0.6326388888888889 0.034722222222222224 0.07361111111111111 0.06944444444444445
0 0.9618055555555556 0.0625 0.07361111111111111 0.125
0 0.8826388888888889 0.17708333333333334 0.04791666666666667 0.06180555555555556
0 0.9729166666666667 0.5138888888888888 0.05138888888888889 0.10277777777777777
0 0.6291666666666667 0.035416666666666666 0.07222222222222222 0.07083333333333333
0 0.5680555555555555 0.06527777777777778 0.06527777777777778 0.11597222222222223
0 0.6180555555555556 0.19791666666666666 0.10069444444444445 0.14027777777777778
0 0.9729166666666667 0.5145833333333333 0.05138888888888889 0.10416666666666667
0 0.9020833333333333 0.14930555555555555 0.07222222222222222 0.06388888888888888
0 0.9493055555555555 0.2465277777777778 0.06666666666666667 0.13402777777777777
0 0.6173611111111111 0.1951388888888889 0.10138888888888889 0.13819444444444445
0 0.30833333333333335 0.8055555555555556 0.12083333333333333 0.09097222222222222
0 0.09513888888888888 0.6215277777777778 0.029861111111111113 0.03819444444444445
0 0.19930555555555557 0.6361111111111111 0.03819444444444445 0.04097222222222222
0 0.008333333333333333 0.8048611111111111 0.016666666666666666 0.0625
0 0.25625 0.6534722222222222 0.06180555555555556 0.07569444444444444
0 0.013194444444444444 0.8965277777777778 0.02638888888888889 0.04027777777777778
0 0.2423611111111111 0.6118055555555556 0.10138888888888889 0.08472222222222223
0 0.4284722222222222 0.6590277777777778 0.018055555555555554 0.05694444444444444
0 0.35555555555555557 0.6055555555555555 0.058333333333333334 0.07222222222222222
0 0.41875 0.6416666666666667 0.03819444444444445 0.03958333333333333
0 0.013888888888888888 0.675 0.027777777777777776 0.09444444444444444
0 0.41597222222222224 0.7444444444444445 0.043055555555555555 0.06111111111111111
0 0.3854166666666667 0.6944444444444444 0.07013888888888889 0.07083333333333333
0 0.3277777777777778 0.6694444444444444 0.08402777777777778 0.08402777777777778
0 0.4173611111111111 0.8305555555555556 0.04027777777777778 0.07222222222222222
0 0.2263888888888889 0.9402777777777778 0.19166666666666668 0.11666666666666667
0 0.7055555555555556 0.9368055555555556 0.19444444444444445 0.12361111111111112
0 0.8875 0.8097222222222222 0.2222222222222222 0.30277777777777776
0 0.5888888888888889 0.7215277777777778 0.20833333333333334 0.30416666666666664
0 0.7229166666666667 0.7166666666666667 0.08194444444444444 0.21458333333333332
0 0.88125 0.9451388888888889 0.1763888888888889 0.10694444444444444
0 0.47638888888888886 0.6611111111111111 0.075 0.12777777777777777