0 0.5006944444444444 0.04375 0.12916666666666668 0.0875
0 0.24027777777777778 0.34791666666666665 0.125 0.07916666666666666
0 0.3597222222222222 0.04097222222222222 0.1388888888888889 0.08194444444444444
0 0.33402777777777776 0.20972222222222223 0.08333333333333333 0.13333333333333333
0 0.3486111111111111 0.1284722222222222 0.1076388888888889 0.12083333333333333
0 0.16180555555555556 0.034722222222222224 0.19027777777777777 0.06944444444444445
0 0.4048611111111111 0.35138888888888886 0.0763888888888889 0.07222222222222222
0 0.4444444444444444 0.1326388888888889 0.11805555555555555 0.12569444444444444
0 0.14722222222222223 0.15833333333333333 0.29444444444444445 0.31666666666666665
0 0.5048611111111111 0.3194444444444444 0.12638888888888888 0.1361111111111111
0 0.34305555555555556 0.28958333333333336 0.07083333333333333 0.09583333333333334
0 0.5097222222222222 0.21458333333333332 0.09930555555555555 0.12152777777777778
0 0.14444444444444443 0.3423611111111111 0.1361111111111111 0.09027777777777778
0 0.6472222222222223 0.23680555555555555 0.15555555555555556 0.2986111111111111
0 0.8027777777777778 0.19375 0.39166666666666666 0.3875
0 0.32222222222222224 0.44305555555555554 0.13333333333333333 0.10833333333333334
0 0.5381944444444444 0.5277777777777778 0.059722222222222225 0.06666666666666667
0 0.22361111111111112 0.9180555555555555 0.07152777777777777 0.07013888888888889
0 0.13194444444444445 0.9826388888888888 0.08055555555555556 0.03194444444444444
0 0.11944444444444445 0.9166666666666666 0.12986111111111112 0.11666666666666667
0 0.26180555555555557 0.8805555555555555 0.10138888888888889 0.10416666666666667
0 0.2076388888888889 0.9680555555555556 0.12361111111111112 0.06111111111111111
0 0.23125 0.8298611111111112 0.08819444444444445 0.10555555555555556
0 0.08402777777777778 0.8 0.16805555555555557 0.12222222222222222
0 0.05555555555555555 0.73125 0.1111111111111111 0.10694444444444444
0 0.022916666666666665 0.5729166666666666 0.04583333333333333 0.1125
0 0.13472222222222222 0.6402777777777777 0.05486111111111111 0.06111111111111111
0 0.06180555555555556 0.48333333333333334 0.06597222222222222 0.08055555555555556
0 0.014583333333333334 0.44375 0.029166666666666667 0.059722222222222225
0 0.32569444444444445 0.7666666666666667 0.10555555555555556 0.12083333333333333
0 0.43333333333333335 0.9222222222222223 0.05 0.06111111111111111
0 0.5111111111111111 0.8965277777777778 0.11388888888888889 0.16805555555555557
0 0.19305555555555556 0.4965277777777778 0.07777777777777778 0.09930555555555555
0 0.2326388888888889 0.4576388888888889 0.02361111111111111 0.04097222222222222
0 0.24861111111111112 0.5069444444444444 0.03333333333333333 0.052083333333333336
0 0.19305555555555556 0.41388888888888886 0.05 0.04583333333333333
0 0.2777777777777778 0.4756944444444444 0.041666666666666664 0.06388888888888888
0 0.42083333333333334 0.47847222222222224 0.04583333333333333 0.03958333333333333
0 0.46597222222222223 0.5451388888888888 0.06458333333333334 0.06666666666666667
0 0.39375 0.6715277777777777 0.08055555555555556 0.14166666666666666
0 0.5361111111111111 0.7840277777777778 0.06388888888888888 0.12083333333333333
0 0.49236111111111114 0.4305555555555556 0.0763888888888889 0.08333333333333333
0 0.5326388888888889 0.46944444444444444 0.06458333333333334 0.06944444444444445
0 0.5423611111111111 0.41597222222222224 0.05138888888888889 0.05416666666666667
0 0.5152777777777777 0.7986111111111112 0.06875 0.1
0 0.2548611111111111 0.65625 0.21875 0.17152777777777778
0 0.12638888888888888 0.7069444444444445 0.04722222222222222 0.06597222222222222
0 0.2638888888888889 0.7513888888888889 0.05625 0.03611111111111111
0 0.2125 0.75625 0.08958333333333333 0.06527777777777778
0 0.021527777777777778 0.40902777777777777 0.043055555555555555 0.04027777777777778
0 0.11597222222222223 0.4388888888888889 0.07708333333333334 0.08194444444444444
0 0.06458333333333334 0.4173611111111111 0.05138888888888889 0.05694444444444444
0 0.2513888888888889 0.3951388888888889 0.058333333333333334 0.0125
0 0.4270833333333333 0.8472222222222222 0.044444444444444446 0.029861111111111113
0 0.1125 0.5208333333333334 0.08333333333333333 0.07569444444444444
0 0.6194444444444445 0.7756944444444445 0.1 0.4236111111111111
0 0.6756944444444445 0.9465277777777777 0.2125 0.10416666666666667
0 0.9569444444444445 0.4215277777777778 0.08333333333333333 0.06527777777777778
0 0.6694444444444444 0.47638888888888886 0.2 0.175
0 0.7486111111111111 0.6458333333333334 0.20277777777777778 0.5138888888888888
0 0.9055555555555556 0.6972222222222222 0.18611111111111112 0.6027777777777777