0 0.5020833333333333 0.052083333333333336 0.0125 0.04583333333333333
0 0.010416666666666666 0.021527777777777778 0.020833333333333332 0.043055555555555555
0 0.4888888888888889 0.011805555555555555 0.03888888888888889 0.02361111111111111
0 0.4479166666666667 0.018055555555555554 0.04583333333333333 0.03611111111111111
0 0.05277777777777778 0.2 0.05138888888888889 0.05694444444444444
0 0.10486111111111111 0.16319444444444445 0.059722222222222225 0.05416666666666667
0 0.16180555555555556 0.06180555555555556 0.04583333333333333 0.04583333333333333
0 0.33125 0.09930555555555555 0.03611111111111111 0.059722222222222225
0 0.2298611111111111 0.17777777777777778 0.05277777777777778 0.04791666666666667
0 0.31666666666666665 0.2076388888888889 0.18055555555555555 0.10138888888888889
0 0.4513888888888889 0.2298611111111111 0.10833333333333334 0.05694444444444444
0 0.42430555555555555 0.08333333333333333 0.08402777777777778 0.06319444444444444
0 0.35694444444444445 0.07777777777777778 0.050694444444444445 0.06736111111111111
0 0.3527777777777778 0.19791666666666666 0.05625 0.05
0 0.40069444444444446 0.18055555555555555 0.13958333333333334 0.1326388888888889
0 0.14583333333333334 0.10138888888888889 0.041666666666666664 0.04722222222222222
0 0.14097222222222222 0.24513888888888888 0.09861111111111111 0.02638888888888889
0 0.14583333333333334 0.20833333333333334 0.11944444444444445 0.1
0 0.34652777777777777 0.034027777777777775 0.09305555555555556 0.06805555555555555
0 0.022916666666666665 0.06944444444444445 0.04583333333333333 0.10555555555555556
0 0.27291666666666664 0.23333333333333334 0.12916666666666668 0.05
0 0.48541666666666666 0.07569444444444444 0.04583333333333333 0.06805555555555555
0 0.64375 0.09791666666666667 0.2652777777777778 0.19583333333333333
0 0.8826388888888889 0.12916666666666668 0.23194444444444445 0.25833333333333336
0 0.5951388888888889 0.18194444444444444 0.17083333333333334 0.1527777777777778
0 0.7256944444444444 0.21805555555555556 0.12916666666666668 0.08055555555555556
0 0.7034722222222223 0.04861111111111111 0.3263888888888889 0.09722222222222222
0 0.11458333333333333 0.7569444444444444 0.22916666666666666 0.48333333333333334
0 0.33958333333333335 0.8083333333333333 0.3375 0.38055555555555554
0 0.09305555555555556 0.9479166666666666 0.18611111111111112 0.10138888888888889
0 0.20902777777777778 0.31180555555555556 0.3541666666666667 0.10416666666666667
0 0.10833333333333334 0.38263888888888886 0.21666666666666667 0.24583333333333332
0 0.36666666666666664 0.4798611111111111 0.26944444444444443 0.44027777777777777
0 0.7569444444444444 0.4756944444444444 0.12986111111111112 0.31180555555555556
0 0.8020833333333334 0.32916666666666666 0.2763888888888889 0.1388888888888889
0 0.9034722222222222 0.4048611111111111 0.19027777777777777 0.2902777777777778
0 0.6125 0.5729166666666666 0.20555555555555555 0.6263888888888889
0 0.8138888888888889 0.8534722222222222 0.10694444444444444 0.1527777777777778
0 0.8513888888888889 0.6791666666666667 0.29444444444444445 0.33055555555555555
0 0.6951388888888889 0.8361111111111111 0.12430555555555556 0.13680555555555557
0 0.5715277777777777 0.9270833333333334 0.05763888888888889 0.10555555555555556
0 0.7694444444444445 0.9409722222222222 0.14722222222222223 0.11527777777777778