0 0.7694444444444445 0.17916666666666667 0.4583333333333333 0.35833333333333334
0 0.6506944444444445 0.17916666666666667 0.3236111111111111 0.35833333333333334
0 0.06319444444444444 0.3715277777777778 0.12638888888888888 0.02361111111111111
0 0.24166666666666667 0.8881944444444444 0.37222222222222223 0.22083333333333333
0 0.050694444444444445 0.96875 0.09027777777777778 0.059722222222222225
0 0.31666666666666665 0.4152777777777778 0.1638888888888889 0.1111111111111111
0 0.1284722222222222 0.4673611111111111 0.2152777777777778 0.2152777777777778
0 0.02361111111111111 0.49375 0.04722222222222222 0.1763888888888889
0 0.4361111111111111 0.6006944444444444 0.10277777777777777 0.48194444444444445
0 0.3472222222222222 0.6395833333333333 0.17291666666666666 0.35694444444444445
0 0.1673611111111111 0.6479166666666667 0.2763888888888889 0.3416666666666667
0 0.7888888888888889 0.65 0.12708333333333333 0.16944444444444445
0 0.8666666666666667 0.7395833333333334 0.09236111111111112 0.12638888888888888
0 0.8625 0.5180555555555556 0.08819444444444445 0.09722222222222222
0 0.9694444444444444 0.7576388888888889 0.05625 0.08541666666666667
0 0.6583333333333333 0.3715277777777778 0.1 0.02361111111111111
0 0.8152777777777778 0.43819444444444444 0.06805555555555555 0.05625
0 0.9694444444444444 0.7 0.058333333333333334 0.09444444444444444
0 0.7770833333333333 0.5041666666666667 0.10416666666666667 0.07569444444444444
0 0.60625 0.7152777777777778 0.09861111111111111 0.08402777777777778
0 0.8895833333333333 0.6013888888888889 0.08263888888888889 0.08888888888888889
0 0.7361111111111112 0.54375 0.10416666666666667 0.08263888888888889
0 0.9631944444444445 0.5444444444444444 0.07083333333333333 0.13333333333333333
0 0.5645833333333333 0.5333333333333333 0.11875 0.16597222222222222
0 0.7423611111111111 0.42986111111111114 0.0375 0.05555555555555555
0 0.9673611111111111 0.9708333333333333 0.0625 0.05555555555555555
0 0.9798611111111111 0.9131944444444444 0.0375 0.06527777777777778
0 0.5083333333333333 0.4354166666666667 0.03888888888888889 0.10416666666666667
0 0.5458333333333333 0.4354166666666667 0.04027777777777778 0.06180555555555556
0 0.9256944444444445 0.44930555555555557 0.14583333333333334 0.17916666666666667
0 0.6909722222222222 0.6229166666666667 0.07430555555555556 0.0798611111111111
0 0.6729166666666667 0.5826388888888889 0.07430555555555556 0.06111111111111111
0 0.7020833333333333 0.6902777777777778 0.06111111111111111 0.06180555555555556
0 0.7430555555555556 0.4708333333333333 0.034722222222222224 0.04375
0 0.6944444444444444 0.9875 0.3333333333333333 0.022222222222222223