0 0.10208333333333333 0.1111111111111111 0.04097222222222222 0.05625
0 0.4305555555555556 0.20416666666666666 0.1111111111111111 0.12430555555555556
0 0.020833333333333332 0.09375 0.041666666666666664 0.04583333333333333
0 0.024305555555555556 0.04722222222222222 0.04861111111111111 0.06944444444444445
0 0.5069444444444444 0.1625 0.041666666666666664 0.075
0 0.20972222222222223 0.225 0.10833333333333334 0.125
0 0.5048611111111111 0.03333333333333333 0.04583333333333333 0.06666666666666667
0 0.29791666666666666 0.22708333333333333 0.06319444444444444 0.08263888888888889
0 0.07430555555555556 0.2298611111111111 0.09236111111111112 0.07291666666666667
0 0.12777777777777777 0.26458333333333334 0.08611111111111111 0.04583333333333333
0 0.29375 0.275 0.12083333333333333 0.025
0 0.02013888888888889 0.27291666666666664 0.04027777777777778 0.029166666666666667
0 0.5104166666666666 0.23402777777777778 0.034722222222222224 0.10138888888888889
0 0.22430555555555556 0.16319444444444445 0.09097222222222222 0.09375
0 0.1597222222222222 0.059722222222222225 0.07430555555555556 0.09097222222222222
0 0.27152777777777776 0.1 0.043055555555555555 0.07013888888888889
0 0.23125 0.05694444444444444 0.05694444444444444 0.075
0 0.2638888888888889 0.024305555555555556 0.06388888888888888 0.04861111111111111
0 0.059722222222222225 0.26805555555555555 0.08055555555555556 0.03888888888888889
0 0.029166666666666667 0.16319444444444445 0.058333333333333334 0.07916666666666666
0 0.013888888888888888 0.21875 0.027777777777777776 0.0875
0 0.12638888888888888 0.18541666666666667 0.05694444444444444 0.05694444444444444
0 0.2833333333333333 0.15416666666666667 0.07222222222222222 0.0763888888888889
0 0.3104166666666667 0.12152777777777778 0.06180555555555556 0.09444444444444444
0 0.29583333333333334 0.044444444444444446 0.06527777777777778 0.059027777777777776
0 0.9222222222222223 0.09236111111111112 0.14791666666666667 0.16041666666666668
0 0.8958333333333334 0.26319444444444445 0.09166666666666666 0.04861111111111111
0 0.9104166666666667 0.22361111111111112 0.11527777777777778 0.12986111111111112
0 0.7090277777777778 0.08055555555555556 0.20416666666666666 0.16111111111111112
0 0.9736111111111111 0.22361111111111112 0.05 0.12777777777777777
0 0.6909722222222222 0.17847222222222223 0.3236111111111111 0.21805555555555556
0 0.9722222222222222 0.01875 0.05277777777777778 0.0375
0 0.5604166666666667 0.04236111111111111 0.0625 0.08194444444444444
0 0.3458333333333333 0.76875 0.3638888888888889 0.4597222222222222
0 0.12569444444444444 0.8138888888888889 0.16180555555555556 0.36944444444444446
0 0.4666666666666667 0.9201388888888888 0.12222222222222222 0.15694444444444444
0 0.2951388888888889 0.47847222222222224 0.4652777777777778 0.37916666666666665
0 0.041666666666666664 0.5291666666666667 0.08333333333333333 0.48055555555555557
0 0.275 0.6895833333333333 0.1423611111111111 0.16180555555555556
0 0.7180555555555556 0.5263888888888889 0.37777777777777777 0.475
0 0.9076388888888889 0.3993055555555556 0.18194444444444444 0.22083333333333333
0 0.9222222222222223 0.8694444444444445 0.1527777777777778 0.24722222222222223
0 0.7791666666666667 0.9645833333333333 0.4388888888888889 0.06805555555555555