0 0.027083333333333334 0.16180555555555556 0.05416666666666667 0.15694444444444444
0 0.5326388888888889 0.3159722222222222 0.11805555555555555 0.043055555555555555
0 0.4756944444444444 0.30277777777777776 0.09861111111111111 0.06944444444444445
0 0.4395833333333333 0.13680555555555557 0.11527777777777778 0.20694444444444443
0 0.33194444444444443 0.30069444444444443 0.23333333333333334 0.07361111111111111
0 0.052083333333333336 0.03194444444444444 0.10416666666666667 0.06388888888888888
0 0.68125 0.09444444444444444 0.07361111111111111 0.15555555555555556
0 0.6423611111111112 0.23402777777777778 0.15138888888888888 0.20694444444444443
0 0.11805555555555555 0.19583333333333333 0.2361111111111111 0.2833333333333333
0 0.6770833333333334 0.025694444444444443 0.08194444444444444 0.05138888888888889
0 0.27708333333333335 0.1798611111111111 0.07430555555555556 0.10416666666666667
0 0.6166666666666667 0.07777777777777778 0.08125 0.07291666666666667
0 0.8590277777777777 0.16875 0.2791666666666667 0.3375
0 0.37569444444444444 0.7479166666666667 0.32083333333333336 0.5013888888888889
0 0.5222222222222223 0.7513888888888889 0.39166666666666666 0.49444444444444446
0 0.17222222222222222 0.7180555555555556 0.34444444444444444 0.5611111111111111
0 0.30277777777777776 0.5152777777777777 0.6055555555555555 0.3527777777777778
0 0.7659722222222223 0.4027777777777778 0.09305555555555556 0.12777777777777777
0 0.8916666666666667 0.525 0.21388888888888888 0.37222222222222223
0 0.8583333333333333 0.8743055555555556 0.2777777777777778 0.24861111111111112
0 0.9395833333333333 0.3923611111111111 0.11805555555555555 0.10694444444444444