0 0.10625 0.15833333333333333 0.05555555555555555 0.05138888888888889
0 0.10486111111111111 0.6333333333333333 0.20972222222222223 0.25
0 0.05416666666666667 0.7243055555555555 0.10833333333333334 0.06805555555555555
0 0.23402777777777778 0.3125 0.04097222222222222 0.034027777777777775
0 0.2791666666666667 0.3194444444444444 0.058333333333333334 0.05277777777777778
0 0.04513888888888889 0.3736111111111111 0.043055555555555555 0.06875
0 0.029861111111111113 0.2777777777777778 0.059722222222222225 0.06666666666666667
0 0.06180555555555556 0.4131944444444444 0.04722222222222222 0.04722222222222222
0 0.10138888888888889 0.38472222222222224 0.05694444444444444 0.06111111111111111
0 0.2777777777777778 0.49722222222222223 0.06111111111111111 0.08888888888888889
0 0.18472222222222223 0.5597222222222222 0.05277777777777778 0.0798611111111111
0 0.015277777777777777 0.4125 0.030555555555555555 0.09722222222222222
0 0.16319444444444445 0.4736111111111111 0.07152777777777777 0.08263888888888889
0 0.15625 0.5138888888888888 0.04097222222222222 0.06041666666666667
0 0.11041666666666666 0.5409722222222222 0.06111111111111111 0.075
0 0.22916666666666666 0.4652777777777778 0.05486111111111111 0.06736111111111111
0 0.25069444444444444 0.5840277777777778 0.11180555555555556 0.12916666666666668
0 0.07291666666666667 0.5263888888888889 0.06180555555555556 0.04236111111111111
0 0.07777777777777778 0.49444444444444446 0.06805555555555555 0.03333333333333333
0 0.8861111111111111 0.35555555555555557 0.225 0.3138888888888889
0 0.3541666666666667 0.3625 0.08888888888888889 0.6138888888888889
0 0.5076388888888889 0.5319444444444444 0.2263888888888889 0.4527777777777778
0 0.6902777777777778 0.6180555555555556 0.34444444444444444 0.28055555555555556
0 0.8402777777777778 0.6569444444444444 0.31666666666666665 0.20277777777777778
0 0.38055555555555554 0.6979166666666666 0.14166666666666666 0.12083333333333333
0 0.5520833333333334 0.7263888888888889 0.19583333333333333 0.06388888888888888
0 0.6993055555555555 0.06875 0.24583333333333332 0.1375
0 0.49444444444444446 0.06597222222222222 0.19722222222222222 0.13194444444444445
0 0.3701388888888889 0.11180555555555556 0.12083333333333333 0.22361111111111112
0 0.9006944444444445 0.10625 0.19583333333333333 0.2125
0 0.6770833333333334 0.2534722222222222 0.2722222222222222 0.39444444444444443
0 0.45555555555555555 0.29375 0.15138888888888888 0.2590277777777778
0 0.14305555555555555 0.8888888888888888 0.08680555555555555 0.09305555555555556
0 0.05277777777777778 0.9034722222222222 0.10555555555555556 0.12916666666666668
0 0.28680555555555554 0.8597222222222223 0.043055555555555555 0.06666666666666667
0 0.23958333333333334 0.8520833333333333 0.06319444444444444 0.07083333333333333
0 0.20833333333333334 0.8277777777777777 0.059722222222222225 0.06527777777777778
0 0.6895833333333333 0.8791666666666667 0.25972222222222224 0.2388888888888889
0 0.3888888888888889 0.925 0.15833333333333333 0.14722222222222223
0 0.8493055555555555 0.9201388888888888 0.2986111111111111 0.15694444444444444
0 0.8263888888888888 0.81875 0.3055555555555556 0.11805555555555555
0 0.43333333333333335 0.8611111111111112 0.24722222222222223 0.20277777777777778
0 0.48194444444444445 0.8791666666666667 0.20555555555555555 0.2388888888888889