0 0.24097222222222223 0.20694444444444443 0.08263888888888889 0.12361111111111112
0 0.575 0.009722222222222222 0.03611111111111111 0.019444444444444445
0 0.5118055555555555 0.01875 0.12083333333333333 0.0375
0 0.3909722222222222 0.1701388888888889 0.06875 0.075
0 0.3576388888888889 0.18125 0.05486111111111111 0.06388888888888888
0 0.1486111111111111 0.016666666666666666 0.06666666666666667 0.03333333333333333
0 0.14027777777777778 0.030555555555555555 0.05 0.04236111111111111
0 0.14375 0.25833333333333336 0.06944444444444445 0.06111111111111111
0 0.3173611111111111 0.075 0.11388888888888889 0.14097222222222222
0 0.3972222222222222 0.11736111111111111 0.09166666666666666 0.07916666666666666
0 0.44027777777777777 0.1909722222222222 0.05763888888888889 0.07916666666666666
0 0.46319444444444446 0.06597222222222222 0.12083333333333333 0.13194444444444445
0 0.27291666666666664 0.2847222222222222 0.09236111111111112 0.10069444444444445
0 0.5833333333333334 0.24027777777777778 0.030555555555555555 0.19444444444444445
0 0.27291666666666664 0.28541666666666665 0.09513888888888888 0.10138888888888889
0 0.5347222222222222 0.31527777777777777 0.12777777777777777 0.20555555555555555
0 0.5222222222222223 0.17916666666666667 0.10902777777777778 0.12638888888888888
0 0.5805555555555556 0.11527777777777778 0.03611111111111111 0.16944444444444445
0 0.38680555555555557 0.04097222222222222 0.0763888888888889 0.08194444444444444
0 0.44930555555555557 0.34791666666666665 0.12638888888888888 0.14027777777777778
0 0.5395833333333333 0.08055555555555556 0.06111111111111111 0.12638888888888888
0 0.22708333333333333 0.04375 0.06805555555555555 0.0875
0 0.875 0.08402777777777778 0.24722222222222223 0.16805555555555557
0 0.69375 0.17847222222222223 0.13541666666666666 0.22430555555555556
0 0.9194444444444444 0.2777777777777778 0.15833333333333333 0.28055555555555556
0 0.2 0.6145833333333334 0.4 0.3902777777777778
0 0.4951388888888889 0.9416666666666667 0.20694444444444443 0.11388888888888889
0 0.2 0.9284722222222223 0.4 0.14027777777777778
0 0.17083333333333334 0.8055555555555556 0.3416666666666667 0.19583333333333333
0 0.46458333333333335 0.6847222222222222 0.26805555555555555 0.5305555555555556
0 0.95625 0.7881944444444444 0.07569444444444444 0.08263888888888889
0 0.6909722222222222 0.8131944444444444 0.050694444444444445 0.04236111111111111
0 0.8284722222222223 0.8986111111111111 0.20416666666666666 0.2
0 0.9534722222222223 0.8777777777777778 0.06736111111111111 0.05347222222222222
0 0.9138888888888889 0.7125 0.16944444444444445 0.09166666666666666
0 0.6416666666666667 0.9368055555555556 0.08333333333333333 0.12361111111111112
0 0.6215277777777778 0.8375 0.043055555555555555 0.06388888888888888
0 0.7076388888888889 0.7479166666666667 0.08888888888888889 0.10347222222222222
0 0.6347222222222222 0.7534722222222222 0.06944444444444445 0.09027777777777778
0 0.9736111111111111 0.93125 0.05 0.059722222222222225
0 0.98125 0.8055555555555556 0.034722222222222224 0.1
0 0.9888888888888889 0.6736111111111112 0.019444444444444445 0.07777777777777778
0 0.9659722222222222 0.51875 0.06527777777777778 0.1986111111111111
0 0.7319444444444444 0.8944444444444445 0.07847222222222222 0.10277777777777777
0 0.8131944444444444 0.8118055555555556 0.11388888888888889 0.09513888888888888
0 0.7201388888888889 0.6881944444444444 0.24027777777777778 0.1375
0 0.9104166666666667 0.6458333333333334 0.14166666666666666 0.12708333333333333
0 0.9847222222222223 0.6305555555555555 0.027777777777777776 0.09166666666666666