0 0.4840277777777778 0.6270833333333333 0.0375 0.034027777777777775
0 0.4847222222222222 0.36041666666666666 0.03819444444444445 0.02638888888888889
0 0.14097222222222222 0.18194444444444444 0.05694444444444444 0.04513888888888889
0 0.3729166666666667 0.09236111111111112 0.03819444444444445 0.043055555555555555
0 0.5097222222222222 0.3541666666666667 0.016666666666666666 0.05277777777777778
0 0.10138888888888889 0.21180555555555555 0.04861111111111111 0.05625
0 0.1375 0.35138888888888886 0.04513888888888889 0.034722222222222224
0 0.3625 0.15555555555555556 0.06666666666666667 0.08402777777777778
0 0.02847222222222222 0.3819444444444444 0.05694444444444444 0.11666666666666667
0 0.21458333333333332 0.6430555555555556 0.05763888888888889 0.05694444444444444
0 0.12291666666666666 0.39791666666666664 0.06388888888888888 0.06666666666666667
0 0.3763888888888889 0.3548611111111111 0.059027777777777776 0.049305555555555554
0 0.4951388888888889 0.32083333333333336 0.04583333333333333 0.027777777777777776
0 0.4638888888888889 0.48055555555555557 0.049305555555555554 0.03263888888888889
0 0.3104166666666667 0.3680555555555556 0.10069444444444445 0.10486111111111111
0 0.08541666666666667 0.4479166666666667 0.10138888888888889 0.09375
0 0.3298611111111111 0.47430555555555554 0.059722222222222225 0.06875
0 0.1527777777777778 0.14027777777777778 0.041666666666666664 0.034027777777777775
0 0.1763888888888889 0.07361111111111111 0.03680555555555556 0.029861111111111113
0 0.5118055555555555 0.6076388888888888 0.0125 0.043055555555555555
0 0.04722222222222222 0.18958333333333333 0.07430555555555556 0.06180555555555556
0 0.49236111111111114 0.5576388888888889 0.021527777777777778 0.034027777777777775
0 0.5097222222222222 0.5597222222222222 0.016666666666666666 0.030555555555555555
0 0.24444444444444444 0.6291666666666667 0.029166666666666667 0.05416666666666667
0 0.7381944444444445 0.6576388888888889 0.4041666666666667 0.07916666666666666
0 0.9180555555555555 0.59375 0.16111111111111112 0.20694444444444443
0 0.24583333333333332 0.7854166666666667 0.2722222222222222 0.1736111111111111
0 0.09652777777777778 0.8409722222222222 0.19305555555555556 0.17916666666666667
0 0.4083333333333333 0.8486111111111111 0.21944444444444444 0.3
0 0.23125 0.9159722222222222 0.21805555555555556 0.16527777777777777
0 0.1 0.9583333333333334 0.1361111111111111 0.08055555555555556
0 0.9756944444444444 0.7506944444444444 0.04583333333333333 0.10416666666666667
0 0.5784722222222223 0.9006944444444445 0.11805555555555555 0.19583333333333333
0 0.8145833333333333 0.8916666666666667 0.3680555555555556 0.21388888888888888
0 0.7159722222222222 0.7923611111111111 0.3597222222222222 0.1875