0 0.29583333333333334 0.1909722222222222 0.1736111111111111 0.13958333333333334
0 0.37430555555555556 0.47152777777777777 0.04861111111111111 0.11805555555555555
0 0.24791666666666667 0.30277777777777776 0.04652777777777778 0.0625
0 0.37916666666666665 0.06944444444444445 0.03888888888888889 0.03333333333333333
0 0.06458333333333334 0.32916666666666666 0.06527777777777778 0.03888888888888889
0 0.020833333333333332 0.2604166666666667 0.041666666666666664 0.043055555555555555
0 0.05 0.28402777777777777 0.035416666666666666 0.05347222222222222
0 0.03194444444444444 0.022916666666666665 0.06388888888888888 0.04583333333333333
0 0.04791666666666667 0.09375 0.09583333333333334 0.11805555555555555
0 0.06805555555555555 0.14444444444444443 0.06805555555555555 0.049305555555555554
0 0.2798611111111111 0.03125 0.05555555555555555 0.04097222222222222
0 0.24305555555555555 0.41875 0.043055555555555555 0.03680555555555556
0 0.12222222222222222 0.37777777777777777 0.06458333333333334 0.06319444444444444
0 0.05138888888888889 0.4111111111111111 0.10277777777777777 0.05416666666666667
0 0.21458333333333332 0.4097222222222222 0.04236111111111111 0.05625
0 0.26180555555555557 0.09930555555555555 0.059027777777777776 0.03611111111111111
0 0.22430555555555556 0.12222222222222222 0.0375 0.03819444444444445
0 0.33611111111111114 0.010416666666666666 0.05555555555555555 0.020833333333333332
0 0.3611111111111111 0.38125 0.044444444444444446 0.04513888888888889
0 0.3090277777777778 0.3784722222222222 0.07083333333333333 0.04722222222222222
0 0.3451388888888889 0.34930555555555554 0.08680555555555555 0.03194444444444444
0 0.3888888888888889 0.2111111111111111 0.019444444444444445 0.022222222222222223
0 0.39166666666666666 0.18819444444444444 0.013888888888888888 0.02361111111111111
0 0.10486111111111111 0.03888888888888889 0.04861111111111111 0.04791666666666667
0 0.10833333333333334 0.006944444444444444 0.041666666666666664 0.013888888888888888
0 0.2986111111111111 0.5527777777777778 0.10347222222222222 0.09861111111111111
0 0.28125 0.3527777777777778 0.10625 0.11736111111111111
0 0.008333333333333333 0.4979166666666667 0.016666666666666666 0.0763888888888889
0 0.3326388888888889 0.6555555555555556 0.13194444444444445 0.125
0 0.3875 0.6305555555555555 0.022222222222222223 0.10277777777777777
0 0.39166666666666666 0.39166666666666666 0.013888888888888888 0.07777777777777778
0 0.3909722222222222 0.34930555555555554 0.015277777777777777 0.10694444444444444
0 0.3861111111111111 0.13819444444444445 0.025 0.06805555555555555
0 0.35 0.10902777777777778 0.07152777777777777 0.03888888888888889
0 0.17847222222222223 0.35347222222222224 0.059027777777777776 0.059027777777777776
0 0.1909722222222222 0.3104166666666667 0.09027777777777778 0.06041666666666667
0 0.41041666666666665 0.31805555555555554 0.020833333333333332 0.03888888888888889
0 0.8388888888888889 0.6263888888888889 0.03958333333333333 0.041666666666666664
0 0.9229166666666667 0.6520833333333333 0.03333333333333333 0.030555555555555555
0 0.8375 0.6784722222222223 0.03125 0.029861111111111113
0 0.8951388888888889 0.6805555555555556 0.03333333333333333 0.02847222222222222
0 0.8506944444444444 0.7048611111111112 0.034722222222222224 0.02638888888888889
0 0.5111111111111111 0.6506944444444445 0.0625 0.059722222222222225
0 0.6888888888888889 0.6388888888888888 0.0375 0.034027777777777775
0 0.7416666666666667 0.6583333333333333 0.05416666666666667 0.03888888888888889
0 0.74375 0.6840277777777778 0.022222222222222223 0.030555555555555555
0 0.7652777777777777 0.7027777777777777 0.035416666666666666 0.029861111111111113
0 0.7881944444444444 0.6451388888888889 0.03680555555555556 0.025
0 0.4847222222222222 0.5319444444444444 0.05138888888888889 0.041666666666666664
0 0.41597222222222224 0.23680555555555555 0.03194444444444444 0.03194444444444444
0 0.42083333333333334 0.25972222222222224 0.041666666666666664 0.03333333333333333
0 0.45208333333333334 0.06180555555555556 0.041666666666666664 0.04236111111111111
0 0.41041666666666665 0.018055555555555554 0.020833333333333332 0.03611111111111111
0 0.85 0.17291666666666666 0.1388888888888889 0.12222222222222222
0 0.9576388888888889 0.23333333333333334 0.08194444444444444 0.13055555555555556
0 0.47708333333333336 0.6902777777777778 0.08194444444444444 0.05555555555555555
0 0.41944444444444445 0.6861111111111111 0.03888888888888889 0.06388888888888888
0 0.42569444444444443 0.6201388888888889 0.05138888888888889 0.07361111111111111
0 0.9493055555555555 0.6770833333333334 0.059027777777777776 0.058333333333333334
0 0.8979166666666667 0.7041666666666667 0.04583333333333333 0.027777777777777776
0 0.8104166666666667 0.7027777777777777 0.059722222222222225 0.030555555555555555
0 0.8027777777777778 0.6 0.058333333333333334 0.03958333333333333
0 0.9923611111111111 0.5590277777777778 0.0125 0.04583333333333333
0 0.8284722222222223 0.45625 0.04027777777777778 0.05625
0 0.6777777777777778 0.4847222222222222 0.05138888888888889 0.03958333333333333
0 0.40902777777777777 0.49583333333333335 0.018055555555555554 0.04722222222222222
0 0.4284722222222222 0.5319444444444444 0.05694444444444444 0.04722222222222222
0 0.47708333333333336 0.6270833333333333 0.08263888888888889 0.06527777777777778
0 0.51875 0.4979166666666667 0.0375 0.035416666666666666
0 0.6590277777777778 0.6034722222222222 0.05277777777777778 0.04236111111111111
0 0.8770833333333333 0.5819444444444445 0.07152777777777777 0.04722222222222222
0 0.925 0.6104166666666667 0.04861111111111111 0.044444444444444446
0 0.5118055555555555 0.425 0.03888888888888889 0.03263888888888889
0 0.4618055555555556 0.3625 0.03333333333333333 0.043055555555555555
0 0.42986111111111114 0.375 0.029166666666666667 0.03125
0 0.42430555555555555 0.4652777777777778 0.04861111111111111 0.05
0 0.12361111111111112 0.9395833333333333 0.24722222222222223 0.11805555555555555
0 0.17152777777777778 0.8041666666666667 0.20972222222222223 0.16944444444444445
0 0.28055555555555556 0.9381944444444444 0.12222222222222222 0.12083333333333333
0 0.28888888888888886 0.8590277777777777 0.21944444444444444 0.2791666666666667
0 0.7236111111111111 0.7847222222222222 0.30833333333333335 0.13055555555555556
0 0.4791666666666667 0.8256944444444444 0.15833333333333333 0.2125
0 0.6916666666666667 0.8291666666666667 0.09444444444444444 0.14444444444444443
0 0.9368055555555556 0.8590277777777777 0.12361111111111112 0.2791666666666667
0 0.7791666666666667 0.8590277777777777 0.2916666666666667 0.2791666666666667
0 0.5493055555555556 0.8916666666666667 0.23194444444444445 0.21388888888888888
0 0.44027777777777777 0.9034722222222222 0.08055555555555556 0.19027777777777777