0 0.31180555555555556 0.4875 0.16111111111111112 0.16319444444444445
0 0.28541666666666665 0.11319444444444444 0.09930555555555555 0.09444444444444444
0 0.33541666666666664 0.22291666666666668 0.12638888888888888 0.0875
0 0.3909722222222222 0.16944444444444445 0.015277777777777777 0.09166666666666666
0 0.31875 0.14444444444444443 0.15625 0.15486111111111112
0 0.3798611111111111 0.375 0.0375 0.13055555555555556
0 0.07916666666666666 0.5243055555555556 0.10277777777777777 0.0875
0 0.03680555555555556 0.5069444444444444 0.07361111111111111 0.09722222222222222
0 0.025 0.34375 0.05 0.18194444444444444
0 0.3770833333333333 0.04652777777777778 0.043055555555555555 0.08472222222222223
0 0.2881944444444444 0.3076388888888889 0.22083333333333333 0.13472222222222222
0 0.2326388888888889 0.4513888888888889 0.24513888888888888 0.22430555555555556
0 0.04722222222222222 0.006944444444444444 0.025 0.013888888888888888
0 0.06388888888888888 0.03263888888888889 0.03611111111111111 0.06527777777777778
0 0.043055555555555555 0.10347222222222222 0.06319444444444444 0.06944444444444445
0 0.21944444444444444 0.23055555555555557 0.09861111111111111 0.0763888888888889
0 0.06944444444444445 0.19305555555555556 0.05347222222222222 0.08541666666666667
0 0.23819444444444443 0.07708333333333334 0.13472222222222222 0.15416666666666667
0 0.3402777777777778 0.53125 0.11666666666666667 0.07361111111111111
0 0.1527777777777778 0.29305555555555557 0.07013888888888889 0.06388888888888888
0 0.5416666666666666 0.38125 0.22430555555555556 0.3680555555555556
0 0.7347222222222223 0.4201388888888889 0.36666666666666664 0.29583333333333334
0 0.4666666666666667 0.10486111111111111 0.13333333333333333 0.20972222222222223
0 0.6618055555555555 0.15138888888888888 0.2652777777777778 0.30277777777777776
0 0.8895833333333333 0.16666666666666666 0.21805555555555556 0.3333333333333333
0 0.42569444444444443 0.35347222222222224 0.05138888888888889 0.3625
0 0.015277777777777777 0.7138888888888889 0.030555555555555555 0.08888888888888889
0 0.3034722222222222 0.8576388888888888 0.12013888888888889 0.08263888888888889
0 0.19722222222222222 0.81875 0.08125 0.07013888888888889
0 0.3347222222222222 0.6048611111111111 0.1111111111111111 0.07083333333333333
0 0.06458333333333334 0.8618055555555556 0.12916666666666668 0.15694444444444444
0 0.04027777777777778 0.6590277777777778 0.08055555555555556 0.12638888888888888
0 0.12986111111111112 0.75625 0.06319444444444444 0.0763888888888889
0 0.3798611111111111 0.8805555555555555 0.0375 0.09444444444444444
0 0.10833333333333334 0.6888888888888889 0.09722222222222222 0.09791666666666667
0 0.37777777777777777 0.6548611111111111 0.041666666666666664 0.07916666666666666
0 0.08263888888888889 0.5743055555555555 0.04583333333333333 0.009722222222222222
0 0.11180555555555556 0.5881944444444445 0.04027777777777778 0.0375
0 0.12777777777777777 0.5805555555555556 0.044444444444444446 0.022222222222222223
0 0.32916666666666666 0.6833333333333333 0.09583333333333334 0.13125
0 0.12430555555555556 0.6354166666666666 0.04027777777777778 0.07916666666666666
0 0.059027777777777776 0.6076388888888888 0.10138888888888889 0.0763888888888889
0 0.059027777777777776 0.7541666666666667 0.08819444444444445 0.06597222222222222
0 0.21180555555555555 0.6645833333333333 0.14583333333333334 0.19027777777777777
0 0.575 0.7416666666666667 0.07569444444444444 0.08819444444444445
0 0.5208333333333334 0.6256944444444444 0.14722222222222223 0.1125
0 0.9479166666666666 0.6916666666666667 0.10138888888888889 0.24444444444444444
0 0.7819444444444444 0.6861111111111111 0.2722222222222222 0.23333333333333334
0 0.8069444444444445 0.9604166666666667 0.11666666666666667 0.0763888888888889
0 0.6173611111111111 0.9590277777777778 0.2152777777777778 0.07916666666666666
0 0.6979166666666666 0.8409722222222222 0.034027777777777775 0.044444444444444446
0 0.5625 0.8597222222222223 0.0625 0.04861111111111111
0 0.5784722222222223 0.8083333333333333 0.03958333333333333 0.06736111111111111
0 0.4361111111111111 0.7444444444444445 0.04513888888888889 0.07222222222222222
0 0.4375 0.8888888888888888 0.06458333333333334 0.052083333333333336
0 0.9486111111111111 0.8659722222222223 0.1 0.1736111111111111
0 0.5027777777777778 0.8340277777777778 0.04513888888888889 0.04791666666666667
0 0.4354166666666667 0.6236111111111111 0.07083333333333333 0.10833333333333334
0 0.9819444444444444 0.9694444444444444 0.03333333333333333 0.058333333333333334
0 0.7722222222222223 0.8923611111111112 0.052083333333333336 0.059722222222222225
0 0.5208333333333334 0.725 0.11666666666666667 0.08472222222222223
0 0.5986111111111111 0.6319444444444444 0.06388888888888888 0.125
0 0.5340277777777778 0.9715277777777778 0.2152777777777778 0.05416666666666667
0 0.6472222222222223 0.7916666666666666 0.07291666666666667 0.08819444444444445
0 0.8694444444444445 0.8729166666666667 0.07847222222222222 0.10625
0 0.6861111111111111 0.7208333333333333 0.2222222222222222 0.30277777777777776