0 0.23333333333333334 0.5013888888888889 0.11388888888888889 0.11388888888888889
0 0.024305555555555556 0.31180555555555556 0.04861111111111111 0.08194444444444444
0 0.14791666666666667 0.4597222222222222 0.10625 0.05625
0 0.17777777777777778 0.3993055555555556 0.10138888888888889 0.07847222222222222
0 0.5715277777777777 0.49930555555555556 0.08472222222222223 0.11805555555555555
0 0.35555555555555557 0.21319444444444444 0.06666666666666667 0.05347222222222222
0 0.13472222222222222 0.35 0.1076388888888889 0.07222222222222222
0 0.33402777777777776 0.5368055555555555 0.05416666666666667 0.043055555555555555
0 0.3326388888888889 0.4986111111111111 0.07777777777777778 0.06319444444444444
0 0.5034722222222222 0.08055555555555556 0.07430555555555556 0.05416666666666667
0 0.16944444444444445 0.1625 0.06875 0.043055555555555555
0 0.27291666666666664 0.2263888888888889 0.05486111111111111 0.058333333333333334
0 0.10833333333333334 0.3013888888888889 0.044444444444444446 0.04583333333333333
0 0.5951388888888889 0.13819444444444445 0.04583333333333333 0.08472222222222223
0 0.22847222222222222 0.20347222222222222 0.13333333333333333 0.12986111111111112
0 0.09861111111111111 0.05486111111111111 0.05 0.06319444444444444
0 0.46319444444444446 0.1451388888888889 0.0763888888888889 0.06805555555555555
0 0.07013888888888889 0.10069444444444445 0.0763888888888889 0.05347222222222222
0 0.38125 0.1701388888888889 0.05486111111111111 0.04583333333333333
0 0.38680555555555557 0.2638888888888889 0.08958333333333333 0.049305555555555554
0 0.47291666666666665 0.20208333333333334 0.07013888888888889 0.059722222222222225
0 0.4979166666666667 0.4965277777777778 0.06666666666666667 0.1076388888888889
0 0.46319444444444446 0.4111111111111111 0.10625 0.09305555555555556
0 0.06388888888888888 0.4125 0.12777777777777777 0.11944444444444445
0 0.4152777777777778 0.3770833333333333 0.07291666666666667 0.08819444444444445
0 0.38819444444444445 0.44027777777777777 0.075 0.10625
0 0.5763888888888888 0.35555555555555557 0.08333333333333333 0.06111111111111111
0 0.5951388888888889 0.4131944444444444 0.04583333333333333 0.0625
0 0.2513888888888889 0.4131944444444444 0.0875 0.08472222222222223
0 0.14097222222222222 0.5201388888888889 0.13194444444444445 0.0763888888888889
0 0.5701388888888889 0.043055555555555555 0.09583333333333334 0.08611111111111111
0 0.7381944444444445 0.4666666666666667 0.06111111111111111 0.04375
0 0.8152777777777778 0.38263888888888886 0.04583333333333333 0.052083333333333336
0 0.9659722222222222 0.5236111111111111 0.06527777777777778 0.06944444444444445
0 0.9902777777777778 0.49236111111111114 0.016666666666666666 0.0625
0 0.8520833333333333 0.55 0.08194444444444444 0.016666666666666666
0 0.5173611111111112 0.6944444444444444 0.2013888888888889 0.26944444444444443
0 0.18611111111111112 0.7791666666666667 0.37222222222222223 0.4388888888888889
0 0.37916666666666665 0.8486111111111111 0.09930555555555555 0.23541666666666666
0 0.5215277777777778 0.8972222222222223 0.19305555555555556 0.20277777777777778
0 0.4284722222222222 0.9729166666666667 0.29583333333333334 0.05138888888888889
0 0.6381944444444444 0.79375 0.0375 0.05416666666666667
0 0.7159722222222222 0.6944444444444444 0.05625 0.05694444444444444
0 0.7256944444444444 0.8465277777777778 0.06805555555555555 0.03819444444444445
0 0.93125 0.6097222222222223 0.06666666666666667 0.08680555555555555
0 0.6284722222222222 0.6069444444444444 0.018055555555555554 0.06944444444444445
0 0.91875 0.6652777777777777 0.04027777777777778 0.04097222222222222
0 0.9826388888888888 0.5784722222222223 0.03194444444444444 0.0375
0 0.8048611111111111 0.6881944444444444 0.13541666666666666 0.14930555555555555
0 0.7944444444444444 0.59375 0.08611111111111111 0.06805555555555555
0 0.9618055555555556 0.79375 0.06736111111111111 0.07152777777777777
0 0.9527777777777777 0.8270833333333333 0.052083333333333336 0.04375
0 0.7784722222222222 0.9805555555555555 0.04861111111111111 0.03611111111111111
0 0.7173611111111111 0.5979166666666667 0.0763888888888889 0.0763888888888889
0 0.9743055555555555 0.7451388888888889 0.049305555555555554 0.06388888888888888
0 0.7138888888888889 0.5986111111111111 0.07222222222222222 0.07777777777777778
0 0.6527777777777778 0.6305555555555555 0.06666666666666667 0.11944444444444445
0 0.7034722222222223 0.7666666666666667 0.10347222222222222 0.14375
0 0.9777777777777777 0.7166666666666667 0.041666666666666664 0.06666666666666667
0 0.7020833333333333 0.7645833333333333 0.10416666666666667 0.1423611111111111