0 0.034027777777777775 0.06736111111111111 0.06805555555555555 0.13472222222222222
0 0.4756944444444444 0.38263888888888886 0.04583333333333333 0.06597222222222222
0 0.36319444444444443 0.11805555555555555 0.06875 0.09513888888888888
0 0.4930555555555556 0.4152777777777778 0.030555555555555555 0.044444444444444446
0 0.19375 0.10694444444444444 0.09166666666666666 0.10833333333333334
0 0.4527777777777778 0.15763888888888888 0.015277777777777777 0.02013888888888889
0 0.050694444444444445 0.029166666666666667 0.09027777777777778 0.058333333333333334
0 0.44583333333333336 0.14444444444444443 0.08055555555555556 0.06180555555555556
0 0.3416666666666667 0.034027777777777775 0.08055555555555556 0.06805555555555555
0 0.14583333333333334 0.15069444444444444 0.0375 0.027777777777777776
0 0.34305555555555556 0.41805555555555557 0.19444444444444445 0.03888888888888889
0 0.04513888888888889 0.3194444444444444 0.052083333333333336 0.052083333333333336
0 0.8819444444444444 0.27291666666666664 0.22291666666666668 0.2798611111111111
0 0.6618055555555555 0.24722222222222223 0.30416666666666664 0.2833333333333333
0 0.9236111111111112 0.16458333333333333 0.15 0.32916666666666666
0 0.7409722222222223 0.05347222222222222 0.3736111111111111 0.10694444444444444
0 0.3277777777777778 0.71875 0.3611111111111111 0.5597222222222222
0 0.008333333333333333 0.8895833333333333 0.016666666666666666 0.0875
0 0.11388888888888889 0.5493055555555556 0.22777777777777777 0.22083333333333333
0 0.09791666666666667 0.8166666666666667 0.19583333333333333 0.2833333333333333
0 0.3993055555555556 0.9777777777777777 0.17916666666666667 0.041666666666666664
0 0.2673611111111111 0.9159722222222222 0.10694444444444444 0.16527777777777777
0 0.25 0.95625 0.125 0.08472222222222223
0 0.20555555555555555 0.7569444444444444 0.07916666666666666 0.15
0 0.6465277777777778 0.89375 0.09375 0.07430555555555556
0 0.6798611111111111 0.7666666666666667 0.08055555555555556 0.10833333333333334
0 0.8152777777777778 0.8326388888888889 0.06111111111111111 0.0625
0 0.8 0.8958333333333334 0.05277777777777778 0.06597222222222222
0 0.7625 0.9673611111111111 0.2388888888888889 0.0625
0 0.7222222222222222 0.9277777777777778 0.14027777777777778 0.10902777777777778
0 0.9138888888888889 0.8479166666666667 0.16944444444444445 0.17916666666666667
0 0.5743055555555555 0.8965277777777778 0.06180555555555556 0.08055555555555556
0 0.5819444444444445 0.9722222222222222 0.11944444444444445 0.05277777777777778
0 0.9777777777777777 0.95 0.041666666666666664 0.09722222222222222
0 0.8909722222222223 0.9444444444444444 0.08611111111111111 0.058333333333333334
0 0.7916666666666666 0.7104166666666667 0.09375 0.07291666666666667
0 0.7375 0.6770833333333334 0.06458333333333334 0.08263888888888889
0 0.7902777777777777 0.6333333333333333 0.06944444444444445 0.07569444444444444
0 0.8729166666666667 0.6868055555555556 0.08541666666666667 0.10069444444444445
0 0.9263888888888889 0.6972222222222222 0.034722222222222224 0.05486111111111111
0 0.9555555555555556 0.6694444444444444 0.03680555555555556 0.06388888888888888
0 0.9791666666666666 0.5541666666666667 0.03888888888888889 0.05555555555555555
0 0.5805555555555556 0.6541666666666667 0.14166666666666666 0.10555555555555556
0 0.5611111111111111 0.8194444444444444 0.10277777777777777 0.18055555555555555
0 0.9666666666666667 0.6256944444444444 0.06388888888888888 0.12083333333333333
0 0.93125 0.5611111111111111 0.04861111111111111 0.0625
0 0.7409722222222223 0.6055555555555555 0.04791666666666667 0.058333333333333334
0 0.6770833333333334 0.5972222222222222 0.0875 0.05486111111111111