0 0.3701388888888889 0.027083333333333334 0.09305555555555556 0.05416666666666667
0 0.1361111111111111 0.3611111111111111 0.18888888888888888 0.13333333333333333
0 0.12916666666666668 0.11527777777777778 0.15347222222222223 0.09236111111111112
0 0.4375 0.30972222222222223 0.08402777777777778 0.08888888888888889
0 0.10694444444444444 0.175 0.10694444444444444 0.07777777777777778
0 0.20347222222222222 0.2111111111111111 0.15208333333333332 0.09305555555555556
0 0.20416666666666666 0.15416666666666667 0.10347222222222222 0.06458333333333334
0 0.41458333333333336 0.37430555555555556 0.1423611111111111 0.10069444444444445
0 0.03194444444444444 0.34652777777777777 0.06388888888888888 0.1625
0 0.09236111111111112 0.07430555555555556 0.06180555555555556 0.05763888888888889
0 0.33611111111111114 0.2111111111111111 0.08263888888888889 0.10625
0 0.4909722222222222 0.3659722222222222 0.05416666666666667 0.06527777777777778
0 0.19791666666666666 0.07222222222222222 0.09375 0.1
0 0.11041666666666666 0.03125 0.05138888888888889 0.05
0 0.28888888888888886 0.019444444444444445 0.07222222222222222 0.03888888888888889
0 0.4652777777777778 0.40625 0.10555555555555556 0.043055555555555555
0 0.3402777777777778 0.052083333333333336 0.10902777777777778 0.09652777777777778
0 0.3229166666666667 0.2791666666666667 0.08055555555555556 0.06111111111111111
0 0.30416666666666664 0.2965277777777778 0.08472222222222223 0.08055555555555556
0 0.4951388888888889 0.11041666666666666 0.04583333333333333 0.0875
0 0.4465277777777778 0.02361111111111111 0.05416666666666667 0.04722222222222222
0 0.49027777777777776 0.04722222222222222 0.05555555555555555 0.07222222222222222
0 0.4951388888888889 0.018055555555555554 0.04583333333333333 0.03611111111111111
0 0.4326388888888889 0.06944444444444445 0.07083333333333333 0.06944444444444445
0 0.44583333333333336 0.13819444444444445 0.059722222222222225 0.07013888888888889
0 0.46111111111111114 0.20347222222222222 0.07569444444444444 0.06875
0 0.44930555555555557 0.2625 0.10277777777777777 0.07569444444444444
0 0.7145833333333333 0.025 0.09305555555555556 0.05
0 0.7916666666666666 0.011111111111111112 0.06388888888888888 0.022222222222222223
0 0.5805555555555556 0.07222222222222222 0.12222222222222222 0.14444444444444443
0 0.71875 0.0763888888888889 0.06944444444444445 0.08333333333333333
0 0.7361111111111112 0.3368055555555556 0.125 0.11597222222222223
0 0.6083333333333333 0.3645833333333333 0.17777777777777778 0.12638888888888888
0 0.6534722222222222 0.19722222222222222 0.26805555555555555 0.21388888888888888
0 0.8472222222222222 0.34097222222222223 0.11805555555555555 0.16180555555555556
0 0.8597222222222223 0.09166666666666666 0.2388888888888889 0.18333333333333332
0 0.9548611111111112 0.28402777777777777 0.0875 0.14305555555555555
0 0.9145833333333333 0.3923611111111111 0.16805555555555557 0.07083333333333333
0 0.8520833333333333 0.23055555555555557 0.15 0.13125
0 0.9631944444444445 0.21180555555555555 0.07083333333333333 0.09583333333333334
0 0.15902777777777777 0.6583333333333333 0.12708333333333333 0.10694444444444444
0 0.13680555555555557 0.5215277777777778 0.13194444444444445 0.18472222222222223
0 0.33125 0.6041666666666666 0.17152777777777778 0.12291666666666666
0 0.30486111111111114 0.6590277777777778 0.05416666666666667 0.03194444444444444
0 0.31875 0.525 0.16875 0.1840277777777778
0 0.14791666666666667 0.7493055555555556 0.07013888888888889 0.07361111111111111
0 0.08333333333333333 0.7604166666666666 0.06597222222222222 0.09513888888888888
0 0.027777777777777776 0.7486111111111111 0.05555555555555555 0.075
0 0.2604166666666667 0.46458333333333335 0.1625 0.07083333333333333
0 0.45416666666666666 0.8805555555555555 0.12777777777777777 0.2361111111111111
0 0.2763888888888889 0.9583333333333334 0.35 0.08055555555555556
0 0.2923611111111111 0.8590277777777777 0.18958333333333333 0.12152777777777778
0 0.05763888888888889 0.6131944444444445 0.11527777777777778 0.19305555555555556
0 0.3451388888888889 0.7416666666666667 0.19930555555555557 0.08402777777777778
0 0.4909722222222222 0.76875 0.05416666666666667 0.12638888888888888
0 0.7590277777777777 0.7138888888888889 0.4791666666666667 0.5694444444444444