0 0.4013888888888889 0.2902777777777778 0.04513888888888889 0.059027777777777776
0 0.36180555555555555 0.2326388888888889 0.06805555555555555 0.05277777777777778
0 0.22777777777777777 0.3104166666666667 0.04375 0.07847222222222222
0 0.13472222222222222 0.37777777777777777 0.2125 0.1840277777777778
0 0.07152777777777777 0.26805555555555555 0.14305555555555555 0.22777777777777777
0 0.4284722222222222 0.1763888888888889 0.059722222222222225 0.06875
0 0.42083333333333334 0.10902777777777778 0.12777777777777777 0.08402777777777778
0 0.4888888888888889 0.15763888888888888 0.07847222222222222 0.08055555555555556
0 0.5333333333333333 0.05625 0.05 0.1125
0 0.19027777777777777 0.45902777777777776 0.1638888888888889 0.0375
0 0.4041666666666667 0.4395833333333333 0.20833333333333334 0.0763888888888889
0 0.21388888888888888 0.07847222222222222 0.11388888888888889 0.125
0 0.21041666666666667 0.034027777777777775 0.059722222222222225 0.052083333333333336
0 0.30277777777777776 0.2965277777777778 0.07916666666666666 0.0763888888888889
0 0.5381944444444444 0.2763888888888889 0.04027777777777778 0.10555555555555556
0 0.50625 0.2 0.10416666666666667 0.14444444444444443
0 0.1840277777777778 0.022916666666666665 0.12638888888888888 0.04583333333333333
0 0.18680555555555556 0.4284722222222222 0.10833333333333334 0.06875
0 0.2548611111111111 0.40555555555555556 0.058333333333333334 0.10972222222222222
0 0.30625 0.18611111111111112 0.12777777777777777 0.10555555555555556
0 0.27152777777777776 0.24722222222222223 0.07916666666666666 0.043055555555555555
0 0.09305555555555556 0.4423611111111111 0.08333333333333333 0.07083333333333333
0 0.27291666666666664 0.32430555555555557 0.05625 0.05763888888888889
0 0.44375 0.2972222222222222 0.041666666666666664 0.04722222222222222
0 0.0875 0.125 0.175 0.25
0 0.4444444444444444 0.39166666666666666 0.06666666666666667 0.07777777777777778
0 0.7402777777777778 0.2659722222222222 0.08333333333333333 0.10625
0 0.8041666666666667 0.2881944444444444 0.05763888888888889 0.11666666666666667
0 0.6840277777777778 0.30277777777777776 0.20694444444444443 0.1798611111111111
0 0.7090277777777778 0.3819444444444444 0.2986111111111111 0.19166666666666668
0 0.6611111111111111 0.19722222222222222 0.20277777777777778 0.39444444444444443
0 0.8701388888888889 0.2361111111111111 0.2569444444444444 0.4722222222222222
0 0.7319444444444444 0.17152777777777778 0.075 0.20208333333333334
0 0.33125 0.8652777777777778 0.30416666666666664 0.26666666666666666
0 0.08680555555555555 0.8770833333333333 0.1736111111111111 0.24305555555555555
0 0.21736111111111112 0.9520833333333333 0.32083333333333336 0.09305555555555556
0 0.12638888888888888 0.5354166666666667 0.20833333333333334 0.1125
0 0.3784722222222222 0.6506944444444445 0.3597222222222222 0.34305555555555556
0 0.16597222222222222 0.6701388888888888 0.17847222222222223 0.23125
0 0.05 0.7020833333333333 0.1 0.35694444444444445
0 0.7791666666666667 0.6076388888888888 0.4388888888888889 0.2569444444444444
0 0.7791666666666667 0.7381944444444445 0.4388888888888889 0.5180555555555556