0 0.1673611111111111 0.025 0.09583333333333334 0.05
0 0.24583333333333332 0.010416666666666666 0.06666666666666667 0.020833333333333332
0 0.04583333333333333 0.07361111111111111 0.09166666666666666 0.14722222222222223
0 0.17083333333333334 0.07708333333333334 0.07222222222222222 0.08611111111111111
0 0.18819444444444444 0.34652777777777777 0.1284722222222222 0.11944444444444445
0 0.2 0.5722222222222222 0.4 0.2722222222222222
0 0.07430555555555556 0.4479166666666667 0.1486111111111111 0.2763888888888889
0 0.12152777777777778 0.20208333333333334 0.24305555555555555 0.22083333333333333
0 0.3034722222222222 0.3506944444444444 0.12152777777777778 0.1673611111111111
0 0.3173611111111111 0.09375 0.24583333333333332 0.1875
0 0.4652777777777778 0.043055555555555555 0.044444444444444446 0.08611111111111111
0 0.4284722222222222 0.2916666666666667 0.11805555555555555 0.14722222222222223
0 0.44583333333333336 0.6569444444444444 0.08333333333333333 0.1
0 0.3875 0.4548611111111111 0.2 0.1763888888888889
0 0.30833333333333335 0.23680555555555555 0.15555555555555556 0.13541666666666666
0 0.43680555555555556 0.21736111111111112 0.10138888888888889 0.09861111111111111
0 0.66875 0.3541666666666667 0.3597222222222222 0.7083333333333334
0 0.8402777777777778 0.14027777777777778 0.31666666666666665 0.28055555555555556
0 0.9201388888888888 0.34375 0.15694444444444444 0.34305555555555556
0 0.8 0.6006944444444444 0.3972222222222222 0.2152777777777778
0 0.6569444444444444 0.8541666666666666 0.33611111111111114 0.28888888888888886
0 0.90625 0.8541666666666666 0.18472222222222223 0.28888888888888886
0 0.7381944444444445 0.9659722222222222 0.1763888888888889 0.06527777777777778