0 0.2826388888888889 0.43125 0.46805555555555556 0.39305555555555555
0 0.48194444444444445 0.14027777777777778 0.2 0.28055555555555556
0 0.18125 0.3138888888888889 0.3625 0.6277777777777778
0 0.3458333333333333 0.12430555555555556 0.16666666666666666 0.24861111111111112
0 0.5736111111111111 0.2611111111111111 0.05 0.25555555555555554
0 0.5166666666666667 0.025 0.1638888888888889 0.05
0 0.7375 0.25555555555555554 0.24166666666666667 0.30069444444444443
0 0.9479166666666666 0.43819444444444444 0.10138888888888889 0.37916666666666665
0 0.7597222222222222 0.4777777777777778 0.3194444444444444 0.3
0 0.6951388888888889 0.06458333333333334 0.19027777777777777 0.12916666666666668
0 0.9333333333333333 0.12361111111111112 0.13055555555555556 0.24722222222222223
0 0.8590277777777777 0.1625 0.1736111111111111 0.325
0 0.06736111111111111 0.8138888888888889 0.13472222222222222 0.36944444444444446
0 0.5152777777777777 0.8138888888888889 0.16666666666666666 0.3277777777777778
0 0.41875 0.8847222222222222 0.2708333333333333 0.22777777777777777
0 0.21597222222222223 0.8666666666666667 0.43194444444444446 0.2638888888888889
0 0.20277777777777778 0.7388888888888889 0.3861111111111111 0.21944444444444444
0 0.7951388888888888 0.8375 0.3902777777777778 0.32222222222222224
0 0.9236111111111112 0.8513888888888889 0.15 0.29444444444444445
0 0.8027777777777778 0.6743055555555556 0.16944444444444445 0.09027777777777778