0 0.38263888888888886 0.030555555555555555 0.09861111111111111 0.06111111111111111
0 0.4888888888888889 0.3729166666666667 0.1388888888888889 0.21805555555555556
0 0.2423611111111111 0.13958333333333334 0.17569444444444443 0.1361111111111111
0 0.45694444444444443 0.22777777777777777 0.07291666666666667 0.06458333333333334
0 0.4409722222222222 0.5256944444444445 0.23472222222222222 0.08472222222222223
0 0.01875 0.16111111111111112 0.0375 0.1361111111111111
0 0.06388888888888888 0.5166666666666667 0.10833333333333334 0.10277777777777777
0 0.5201388888888889 0.05347222222222222 0.0763888888888889 0.10694444444444444
0 0.30694444444444446 0.225 0.08958333333333333 0.075
0 0.21597222222222223 0.3402777777777778 0.29305555555555557 0.25763888888888886
0 0.06597222222222222 0.02013888888888889 0.13194444444444445 0.04027777777777778
0 0.10138888888888889 0.1736111111111111 0.13402777777777777 0.0798611111111111
0 0.09722222222222222 0.08819444444444445 0.1673611111111111 0.09305555555555556
0 0.035416666666666666 0.34652777777777777 0.07083333333333333 0.24305555555555555
0 0.525 0.20069444444444445 0.06666666666666667 0.21805555555555556
0 0.26319444444444445 0.04861111111111111 0.12361111111111112 0.09722222222222222
0 0.12569444444444444 0.41458333333333336 0.1361111111111111 0.16527777777777777
0 0.16041666666666668 0.5180555555555556 0.09652777777777778 0.08611111111111111
0 0.24097222222222223 0.5152777777777777 0.14027777777777778 0.10555555555555556
0 0.4465277777777778 0.30277777777777776 0.1 0.06736111111111111
0 0.7486111111111111 0.06597222222222222 0.37777777777777777 0.13194444444444445
0 0.9381944444444444 0.11180555555555556 0.12083333333333333 0.22361111111111112
0 0.8770833333333333 0.2902777777777778 0.24305555555555555 0.48055555555555557
0 0.6465277777777778 0.3020833333333333 0.1736111111111111 0.36527777777777776
0 0.4986111111111111 0.6645833333333333 0.11944444444444445 0.19027777777777777
0 0.06944444444444445 0.7263888888888889 0.1388888888888889 0.3138888888888889
0 0.16527777777777777 0.7256944444444444 0.125 0.1986111111111111
0 0.2569444444444444 0.8034722222222223 0.32222222222222224 0.3902777777777778
0 0.06736111111111111 0.8930555555555556 0.13472222222222222 0.2111111111111111
0 0.44027777777777777 0.8576388888888888 0.2361111111111111 0.28194444444444444
0 0.24722222222222223 0.5979166666666667 0.36666666666666664 0.05694444444444444
0 0.8090277777777778 0.9569444444444445 0.1763888888888889 0.08333333333333333
0 0.6576388888888889 0.70625 0.19583333333333333 0.27361111111111114
0 0.93125 0.7138888888888889 0.13472222222222222 0.28888888888888886
0 0.8215277777777777 0.8 0.25763888888888886 0.23958333333333334
0 0.9291666666666667 0.9090277777777778 0.1388888888888889 0.17916666666666667
0 0.6972222222222222 0.8958333333333334 0.275 0.20555555555555555