0 0.42916666666666664 0.35625 0.058333333333333334 0.0625
0 0.4284722222222222 0.36944444444444446 0.059722222222222225 0.03611111111111111
0 0.08402777777777778 0.3020833333333333 0.11041666666666666 0.09513888888888888
0 0.15138888888888888 0.24305555555555555 0.04513888888888889 0.04236111111111111
0 0.11180555555555556 0.28194444444444444 0.11388888888888889 0.09236111111111112
0 0.022916666666666665 0.3576388888888889 0.04583333333333333 0.059722222222222225
0 0.2548611111111111 0.04722222222222222 0.05138888888888889 0.04236111111111111
0 0.31527777777777777 0.10208333333333333 0.08680555555555555 0.0763888888888889
0 0.23819444444444443 0.0763888888888889 0.059722222222222225 0.08125
0 0.24097222222222223 0.009722222222222222 0.07083333333333333 0.019444444444444445
0 0.30625 0.013888888888888888 0.05416666666666667 0.027777777777777776
0 0.4305555555555556 0.13541666666666666 0.044444444444444446 0.05555555555555555
0 0.12361111111111112 0.22916666666666666 0.04375 0.044444444444444446
0 0.08611111111111111 0.22777777777777777 0.058333333333333334 0.052083333333333336
0 0.09652777777777778 0.36736111111111114 0.04861111111111111 0.04027777777777778
0 0.28888888888888886 0.3798611111111111 0.03611111111111111 0.015277777777777777
0 0.6555555555555556 0.19375 0.39166666666666666 0.3875
0 0.9013888888888889 0.19375 0.19444444444444445 0.3875
0 0.7875 0.3611111111111111 0.31666666666666665 0.05277777777777778
0 0.24027777777777778 0.41597222222222224 0.075 0.05416666666666667
0 0.16527777777777777 0.4340277777777778 0.05277777777777778 0.09027777777777778
0 0.041666666666666664 0.6055555555555555 0.08333333333333333 0.08888888888888889
0 0.4326388888888889 0.7972222222222223 0.05138888888888889 0.17777777777777778
0 0.14444444444444443 0.7583333333333333 0.09652777777777778 0.08958333333333333
0 0.09722222222222222 0.7805555555555556 0.07152777777777777 0.04375
0 0.017361111111111112 0.5604166666666667 0.034722222222222224 0.1125
0 0.19791666666666666 0.5805555555555556 0.0625 0.07291666666666667
0 0.2625 0.6840277777777778 0.1111111111111111 0.06805555555555555
0 0.12638888888888888 0.5277777777777778 0.09097222222222222 0.07013888888888889
0 0.11458333333333333 0.41388888888888886 0.0875 0.05
0 0.19166666666666668 0.86875 0.1326388888888889 0.11875
0 0.2701388888888889 0.9416666666666667 0.16458333333333333 0.11388888888888889
0 0.041666666666666664 0.6930555555555555 0.08333333333333333 0.10833333333333334
0 0.2881944444444444 0.8361111111111111 0.16041666666666668 0.16527777777777777
0 0.36944444444444446 0.7840277777777778 0.14444444444444443 0.19444444444444445
0 0.42083333333333334 0.9270833333333334 0.075 0.14305555555555555
0 0.1111111111111111 0.9847222222222223 0.11944444444444445 0.027777777777777776
0 0.07847222222222222 0.95625 0.11944444444444445 0.08263888888888889
0 0.03125 0.7576388888888889 0.0625 0.11805555555555555
0 0.05138888888888889 0.8486111111111111 0.10069444444444445 0.08888888888888889
0 0.1451388888888889 0.6319444444444444 0.10625 0.10277777777777777
0 0.33125 0.6 0.13541666666666666 0.12083333333333333
0 0.044444444444444446 0.4951388888888889 0.08888888888888889 0.12083333333333333
0 0.5541666666666667 0.8048611111111111 0.18888888888888888 0.3875
0 0.7583333333333333 0.9145833333333333 0.3111111111111111 0.16805555555555557
0 0.5861111111111111 0.5694444444444444 0.25277777777777777 0.3611111111111111
0 0.7902777777777777 0.6493055555555556 0.21944444444444444 0.3388888888888889