0 0.23472222222222222 0.4527777777777778 0.06388888888888888 0.030555555555555555
0 0.4652777777777778 0.16805555555555557 0.04583333333333333 0.029166666666666667
0 0.26458333333333334 0.00625 0.034722222222222224 0.0125
0 0.03333333333333333 0.08402777777777778 0.044444444444444446 0.034722222222222224
0 0.11597222222222223 0.2701388888888889 0.07569444444444444 0.07777777777777778
0 0.4097222222222222 0.3541666666666667 0.13958333333333334 0.15416666666666667
0 0.2590277777777778 0.28541666666666665 0.10277777777777777 0.09930555555555555
0 0.26805555555555555 0.03888888888888889 0.04583333333333333 0.05277777777777778
0 0.2048611111111111 0.05694444444444444 0.03194444444444444 0.043055555555555555
0 0.059722222222222225 0.44513888888888886 0.02847222222222222 0.03958333333333333
0 0.33611111111111114 0.25972222222222224 0.04375 0.03611111111111111
0 0.4375 0.0798611111111111 0.16111111111111112 0.1597222222222222
0 0.3736111111111111 0.23194444444444445 0.024305555555555556 0.02638888888888889
0 0.3416666666666667 0.3263888888888889 0.04861111111111111 0.05
0 0.18888888888888888 0.3590277777777778 0.049305555555555554 0.07708333333333334
0 0.37916666666666665 0.26944444444444443 0.016666666666666666 0.03194444444444444
0 0.4048611111111111 0.2833333333333333 0.043055555555555555 0.04027777777777778
0 0.4756944444444444 0.4222222222222222 0.08472222222222223 0.09166666666666666
0 0.04027777777777778 0.029166666666666667 0.08055555555555556 0.058333333333333334
0 0.3548611111111111 0.07361111111111111 0.07361111111111111 0.07361111111111111
0 0.20069444444444445 0.33611111111111114 0.03125 0.027083333333333334
0 0.018055555555555554 0.18888888888888888 0.03611111111111111 0.08333333333333333
0 0.09861111111111111 0.22916666666666666 0.03819444444444445 0.03680555555555556
0 0.19930555555555557 0.11388888888888889 0.04027777777777778 0.030555555555555555
0 0.3375 0.18958333333333333 0.02638888888888889 0.029861111111111113
0 0.15694444444444444 0.22430555555555556 0.043055555555555555 0.034027777777777775
0 0.058333333333333334 0.1284722222222222 0.018055555555555554 0.014583333333333334
0 0.3229166666666667 0.11944444444444445 0.06597222222222222 0.11944444444444445
0 0.10972222222222222 0.1284722222222222 0.04861111111111111 0.05347222222222222
0 0.3326388888888889 0.030555555555555555 0.04027777777777778 0.03611111111111111
0 0.09583333333333334 0.05625 0.03263888888888889 0.029861111111111113
0 0.21666666666666667 0.19791666666666666 0.034027777777777775 0.04722222222222222
0 0.08541666666666667 0.40625 0.06180555555555556 0.075
0 0.11597222222222223 0.38472222222222224 0.03611111111111111 0.041666666666666664
0 0.11875 0.4534722222222222 0.022916666666666665 0.027777777777777776
0 0.19027777777777777 0.00625 0.04722222222222222 0.0125
0 0.14027777777777778 0.4375 0.05555555555555555 0.06111111111111111
0 0.01597222222222222 0.42291666666666666 0.03194444444444444 0.04027777777777778
0 0.18958333333333333 0.275 0.06944444444444445 0.05277777777777778
0 0.2152777777777778 0.42569444444444443 0.034027777777777775 0.03611111111111111
0 0.3951388888888889 0.20902777777777778 0.041666666666666664 0.03263888888888889
0 0.42291666666666666 0.2520833333333333 0.059722222222222225 0.06041666666666667
0 0.006944444444444444 0.22777777777777777 0.013888888888888888 0.022222222222222223
0 0.2222222222222222 0.1375 0.03680555555555556 0.044444444444444446
0 0.22708333333333333 0.01875 0.04861111111111111 0.0375
0 0.28194444444444444 0.22013888888888888 0.04375 0.04375
0 0.13472222222222222 0.04652777777777778 0.07569444444444444 0.07013888888888889
0 0.20416666666666666 0.029166666666666667 0.04722222222222222 0.03333333333333333
0 0.0875 0.4513888888888889 0.09166666666666666 0.03333333333333333
0 0.04375 0.4152777777777778 0.025 0.02361111111111111
0 0.7590277777777777 0.08402777777777778 0.4791666666666667 0.16805555555555557
0 0.9576388888888889 0.33194444444444443 0.08194444444444444 0.275
0 0.9055555555555556 0.38472222222222224 0.16666666666666666 0.16666666666666666
0 0.6763888888888889 0.20972222222222223 0.3138888888888889 0.41944444444444445
0 0.044444444444444446 0.6902777777777778 0.08888888888888889 0.23333333333333334
0 0.3993055555555556 0.8520833333333333 0.2375 0.25416666666666665
0 0.19791666666666666 0.8319444444444445 0.3958333333333333 0.3333333333333333
0 0.3138888888888889 0.6194444444444445 0.275 0.3
0 0.08333333333333333 0.5736111111111111 0.16666666666666666 0.20833333333333334
0 0.6152777777777778 0.8965277777777778 0.19166666666666668 0.20416666666666666
0 0.8979166666666667 0.5618055555555556 0.2013888888888889 0.18472222222222223
0 0.7645833333333333 0.9375 0.4236111111111111 0.12222222222222222
0 0.7951388888888888 0.7236111111111111 0.40694444444444444 0.3194444444444444
0 0.6395833333333333 0.6666666666666666 0.24027777777777778 0.39444444444444443