0 0.18472222222222223 0.32569444444444445 0.10069444444444445 0.07013888888888889
0 0.14305555555555555 0.25069444444444444 0.11180555555555556 0.09375
0 0.34375 0.029166666666666667 0.0875 0.058333333333333334
0 0.06944444444444445 0.5944444444444444 0.1388888888888889 0.04722222222222222
0 0.09097222222222222 0.22083333333333333 0.075 0.05694444444444444
0 0.024305555555555556 0.23819444444444443 0.04861111111111111 0.043055555555555555
0 0.3145833333333333 0.36875 0.07013888888888889 0.08819444444444445
0 0.25069444444444444 0.016666666666666666 0.05138888888888889 0.03333333333333333
0 0.13333333333333333 0.07222222222222222 0.034027777777777775 0.03819444444444445
0 0.05416666666666667 0.12152777777777778 0.04722222222222222 0.03333333333333333
0 0.25069444444444444 0.10833333333333334 0.044444444444444446 0.034027777777777775
0 0.36875 0.2861111111111111 0.0375 0.06388888888888888
0 0.36319444444444443 0.3638888888888889 0.04861111111111111 0.08055555555555556
0 0.1798611111111111 0.47430555555555554 0.044444444444444446 0.06527777777777778
0 0.27152777777777776 0.5333333333333333 0.050694444444444445 0.058333333333333334
0 0.21805555555555556 0.5465277777777777 0.05138888888888889 0.05277777777777778
0 0.25069444444444444 0.1597222222222222 0.044444444444444446 0.08333333333333333
0 0.23194444444444445 0.4 0.1111111111111111 0.11319444444444444
0 0.12083333333333333 0.39305555555555555 0.08333333333333333 0.11180555555555556
0 0.28541666666666665 0.22569444444444445 0.08194444444444444 0.09375
0 0.009722222222222222 0.17708333333333334 0.019444444444444445 0.07083333333333333
0 0.059027777777777776 0.3333333333333333 0.10416666666666667 0.04236111111111111
0 0.05138888888888889 0.3770833333333333 0.06319444444444444 0.05625
0 0.2902777777777778 0.3423611111111111 0.07013888888888889 0.09861111111111111
0 0.19722222222222222 0.2673611111111111 0.07847222222222222 0.0875
0 0.2965277777777778 0.4576388888888889 0.05555555555555555 0.05763888888888889
0 0.3388888888888889 0.09305555555555556 0.09722222222222222 0.08333333333333333
0 0.22291666666666668 0.1423611111111111 0.034027777777777775 0.034722222222222224
0 0.14583333333333334 0.425 0.06388888888888888 0.05347222222222222
0 0.35347222222222224 0.4625 0.06805555555555555 0.09444444444444444
0 0.034722222222222224 0.2701388888888889 0.04236111111111111 0.04722222222222222
0 0.13125 0.5625 0.1125 0.10486111111111111
0 0.14444444444444443 0.11527777777777778 0.03819444444444445 0.04236111111111111
0 0.5118055555555555 0.4909722222222222 0.24583333333333332 0.21875
0 0.46805555555555556 0.22847222222222222 0.15763888888888888 0.2777777777777778
0 0.6145833333333334 0.5541666666666667 0.19583333333333333 0.12777777777777777
0 0.7166666666666667 0.22291666666666668 0.30694444444444446 0.1986111111111111
0 0.6638888888888889 0.08472222222222223 0.2611111111111111 0.16944444444444445
0 0.8527777777777777 0.3638888888888889 0.2916666666666667 0.5083333333333333
0 0.2361111111111111 0.7277777777777777 0.24166666666666667 0.21666666666666667
0 0.059027777777777776 0.7888888888888889 0.11805555555555555 0.3388888888888889
0 0.18958333333333333 0.9159722222222222 0.34305555555555556 0.16527777777777777
0 0.8604166666666667 0.6458333333333334 0.2763888888888889 0.05277777777777778
0 0.6486111111111111 0.7305555555555555 0.25277777777777777 0.2222222222222222
0 0.4618055555555556 0.7388888888888889 0.14583333333333334 0.2388888888888889
0 0.9159722222222222 0.7430555555555556 0.16527777777777777 0.24722222222222223
0 0.4791666666666667 0.8611111111111112 0.1638888888888889 0.2708333333333333
0 0.7756944444444445 0.8513888888888889 0.38472222222222224 0.29444444444444445