0 0.022222222222222223 0.05416666666666667 0.044444444444444446 0.09166666666666666
0 0.1486111111111111 0.006944444444444444 0.03888888888888889 0.013888888888888888
0 0.37430555555555556 0.07430555555555556 0.0375 0.04583333333333333
0 0.3402777777777778 0.18333333333333332 0.05277777777777778 0.04513888888888889
0 0.2152777777777778 0.09444444444444444 0.03125 0.05416666666666667
0 0.30972222222222223 0.12986111111111112 0.04722222222222222 0.05
0 0.26458333333333334 0.14722222222222223 0.04513888888888889 0.04027777777777778
0 0.20902777777777778 0.004861111111111111 0.04583333333333333 0.009722222222222222
0 0.33611111111111114 0.06180555555555556 0.03819444444444445 0.03194444444444444
0 0.24097222222222223 0.09166666666666666 0.041666666666666664 0.05625
0 0.25277777777777777 0.1076388888888889 0.029861111111111113 0.041666666666666664
0 0.2076388888888889 0.03194444444444444 0.030555555555555555 0.04583333333333333
0 0.38680555555555557 0.11458333333333333 0.043055555555555555 0.034722222222222224
0 0.33402777777777776 0.08888888888888889 0.05138888888888889 0.04791666666666667
0 0.32569444444444445 0.40347222222222223 0.16527777777777777 0.09027777777777778
0 0.14722222222222223 0.23194444444444445 0.03680555555555556 0.06041666666666667
0 0.04583333333333333 0.3104166666666667 0.05277777777777778 0.04791666666666667
0 0.09652777777777778 0.10625 0.08958333333333333 0.06736111111111111
0 0.2861111111111111 0.07847222222222222 0.04027777777777778 0.04861111111111111
0 0.1326388888888889 0.3458333333333333 0.18055555555555555 0.10972222222222222
0 0.2673611111111111 0.3784722222222222 0.1076388888888889 0.08819444444444445
0 0.24097222222222223 0.21597222222222223 0.08402777777777778 0.06319444444444444
0 0.17291666666666666 0.21041666666666667 0.050694444444444445 0.06805555555555555
0 0.16944444444444445 0.33125 0.05625 0.05
0 0.21736111111111112 0.31319444444444444 0.14027777777777778 0.13333333333333333
0 0.19166666666666668 0.42430555555555555 0.1361111111111111 0.04861111111111111
0 0.1625 0.1597222222222222 0.09166666666666666 0.07847222222222222
0 0.08888888888888889 0.3951388888888889 0.13055555555555556 0.10694444444444444
0 0.35347222222222224 0.016666666666666666 0.043055555555555555 0.03333333333333333
0 0.31180555555555556 0.20833333333333334 0.06527777777777778 0.06666666666666667
0 0.7826388888888889 0.20902777777777778 0.43194444444444446 0.3763888888888889
0 0.9166666666666666 0.41180555555555554 0.1638888888888889 0.07361111111111111
0 0.6659722222222222 0.4097222222222222 0.3625 0.07777777777777778
0 0.5888888888888889 0.08680555555555555 0.35833333333333334 0.1736111111111111
0 0.2361111111111111 0.5340277777777778 0.07083333333333333 0.08055555555555556
0 0.0625 0.5701388888888889 0.125 0.09305555555555556
0 0.14027777777777778 0.5520833333333334 0.04791666666666667 0.07291666666666667
0 0.2972222222222222 0.46805555555555556 0.05277777777777778 0.03611111111111111
0 0.21944444444444444 0.49236111111111114 0.09166666666666666 0.08472222222222223
0 0.3215277777777778 0.7777777777777778 0.06736111111111111 0.06388888888888888
0 0.22916666666666666 0.9215277777777777 0.0375 0.03819444444444445
0 0.1840277777777778 0.8631944444444445 0.1486111111111111 0.10138888888888889
0 0.1527777777777778 0.6347222222222222 0.08541666666666667 0.11944444444444445
0 0.25277777777777777 0.7472222222222222 0.08541666666666667 0.07916666666666666
0 0.175 0.7208333333333333 0.07708333333333334 0.12291666666666666
0 0.06666666666666667 0.7368055555555556 0.13333333333333333 0.16527777777777777
0 0.3326388888888889 0.6548611111111111 0.15138888888888888 0.18194444444444444
0 0.24722222222222223 0.9770833333333333 0.06944444444444445 0.043055555555555555
0 0.03333333333333333 0.925 0.06666666666666667 0.075
0 0.09027777777777778 0.9180555555555555 0.06805555555555555 0.11319444444444444
0 0.19236111111111112 0.5666666666666667 0.05555555555555555 0.034722222222222224
0 0.07291666666666667 0.46319444444444446 0.029166666666666667 0.02638888888888889
0 0.05625 0.45625 0.04583333333333333 0.0125
0 0.16527777777777777 0.4638888888888889 0.06111111111111111 0.027777777777777776
0 0.37430555555555556 0.46041666666666664 0.05138888888888889 0.020833333333333332
0 0.2951388888888889 0.8986111111111111 0.05694444444444444 0.075
0 0.21805555555555556 0.6020833333333333 0.050694444444444445 0.058333333333333334
0 0.08333333333333333 0.525 0.06805555555555555 0.05347222222222222
0 0.1361111111111111 0.4986111111111111 0.04722222222222222 0.050694444444444445
0 0.36944444444444446 0.5368055555555555 0.07777777777777778 0.07083333333333333
0 0.375 0.7798611111111111 0.06666666666666667 0.07361111111111111
0 0.04722222222222222 0.9652777777777778 0.07777777777777778 0.06666666666666667
0 0.29305555555555557 0.5347222222222222 0.0763888888888889 0.08125
0 0.5458333333333333 0.9180555555555555 0.09583333333333334 0.07152777777777777
0 0.7208333333333333 0.8548611111111111 0.12777777777777777 0.10902777777777778
0 0.7243055555555555 0.7673611111111112 0.11944444444444445 0.1375
0 0.9118055555555555 0.8736111111111111 0.06597222222222222 0.08680555555555555
0 0.47708333333333336 0.8013888888888889 0.13472222222222222 0.1527777777777778
0 0.6173611111111111 0.7944444444444444 0.13541666666666666 0.15486111111111112
0 0.4423611111111111 0.6381944444444444 0.04583333333333333 0.059027777777777776
0 0.4201388888888889 0.6388888888888888 0.020833333333333332 0.075
0 0.5506944444444445 0.65 0.14375 0.13680555555555557
0 0.6388888888888888 0.5958333333333333 0.12569444444444444 0.14791666666666667
0 0.875 0.9069444444444444 0.10347222222222222 0.11458333333333333
0 0.8291666666666667 0.8465277777777778 0.09305555555555556 0.07361111111111111
0 0.8125 0.7951388888888888 0.08055555555555556 0.08472222222222223
0 0.7625 0.6972222222222222 0.10069444444444445 0.09583333333333334
0 0.7861111111111111 0.6118055555555556 0.06875 0.09444444444444444
0 0.45208333333333334 0.49375 0.050694444444444445 0.049305555555555554
0 0.44930555555555557 0.6944444444444444 0.05347222222222222 0.03888888888888889
0 0.44722222222222224 0.9854166666666667 0.03611111111111111 0.02638888888888889
0 0.5645833333333333 0.7166666666666667 0.07083333333333333 0.07222222222222222
0 0.5118055555555555 0.7423611111111111 0.075 0.05763888888888889
0 0.47291666666666665 0.6138888888888889 0.04513888888888889 0.06944444444444445
0 0.8791666666666667 0.6784722222222223 0.0763888888888889 0.07291666666666667
0 0.9402777777777778 0.8618055555555556 0.11666666666666667 0.27361111111111114
0 0.5625 0.5701388888888889 0.04236111111111111 0.029166666666666667
0 0.7701388888888889 0.9118055555555555 0.19930555555555557 0.13819444444444445
0 0.6826388888888889 0.56875 0.03125 0.04375
0 0.6736111111111112 0.4986111111111111 0.1361111111111111 0.09722222222222222
0 0.9222222222222223 0.7597222222222222 0.10902777777777778 0.11805555555555555
0 0.74375 0.9527777777777777 0.1736111111111111 0.09166666666666666
0 0.9645833333333333 0.6736111111111112 0.06805555555555555 0.11388888888888889
0 0.6423611111111112 0.7069444444444445 0.09791666666666667 0.07569444444444444
0 0.7041666666666667 0.6756944444444445 0.044444444444444446 0.058333333333333334
0 0.6826388888888889 0.6534722222222222 0.06180555555555556 0.0763888888888889
0 0.7284722222222222 0.5798611111111112 0.05763888888888889 0.06944444444444445
0 0.8194444444444444 0.4791666666666667 0.08333333333333333 0.058333333333333334
0 0.9333333333333333 0.8069444444444445 0.09305555555555556 0.07013888888888889