0 0.28888888888888886 0.7631944444444444 0.11944444444444445 0.07083333333333333
0 0.29930555555555555 0.1763888888888889 0.049305555555555554 0.06666666666666667
0 0.15 0.4791666666666667 0.1284722222222222 0.2833333333333333
0 0.05347222222222222 0.15416666666666667 0.08333333333333333 0.09652777777777778
0 0.38055555555555554 0.5159722222222223 0.075 0.30972222222222223
0 0.052083333333333336 0.4909722222222222 0.10416666666666667 0.3680555555555556
0 0.36875 0.4 0.09861111111111111 0.20277777777777778
0 0.1 0.1111111111111111 0.16458333333333333 0.20347222222222222
0 0.1701388888888889 0.02013888888888889 0.07916666666666666 0.04027777777777778
0 0.2534722222222222 0.22569444444444445 0.17430555555555555 0.12777777777777777
0 0.41041666666666665 0.10208333333333333 0.015277777777777777 0.0763888888888889
0 0.2847222222222222 0.024305555555555556 0.06666666666666667 0.04861111111111111
0 0.34791666666666665 0.022222222222222223 0.07916666666666666 0.044444444444444446
0 0.3159722222222222 0.1125 0.08263888888888889 0.10069444444444445
0 0.3659722222222222 0.17291666666666666 0.10555555555555556 0.14722222222222223
0 0.06041666666666667 0.1875 0.12083333333333333 0.25277777777777777
0 0.2375 0.11944444444444445 0.08680555555555555 0.09583333333333334
0 0.27361111111111114 0.55 0.20555555555555555 0.34097222222222223
0 0.12777777777777777 0.06944444444444445 0.17222222222222222 0.1388888888888889
0 0.9263888888888889 0.5895833333333333 0.044444444444444446 0.08125
0 0.9680555555555556 0.49236111111111114 0.06111111111111111 0.10972222222222222
0 0.45902777777777776 0.2965277777777778 0.07847222222222222 0.07430555555555556
0 0.8583333333333333 0.5875 0.07083333333333333 0.09444444444444444
0 0.8298611111111112 0.23958333333333334 0.04236111111111111 0.05347222222222222
0 0.7756944444444445 0.23055555555555557 0.05763888888888889 0.04791666666666667
0 0.8673611111111111 0.16944444444444445 0.07291666666666667 0.08680555555555555
0 0.9763888888888889 0.22847222222222222 0.044444444444444446 0.04583333333333333
0 0.9534722222222223 0.6423611111111112 0.09027777777777778 0.19027777777777777
0 0.6395833333333333 0.3125 0.05347222222222222 0.049305555555555554
0 0.6756944444444445 0.27847222222222223 0.05763888888888889 0.05347222222222222
0 0.6215277777777778 0.26875 0.043055555555555555 0.058333333333333334
0 0.5798611111111112 0.09444444444444444 0.10208333333333333 0.04722222222222222
0 0.6180555555555556 0.12361111111111112 0.07361111111111111 0.03819444444444445
0 0.6680555555555555 0.6090277777777777 0.07083333333333333 0.07222222222222222
0 0.7083333333333334 0.3236111111111111 0.08680555555555555 0.04652777777777778
0 0.9618055555555556 0.1840277777777778 0.07361111111111111 0.07083333333333333
0 0.9104166666666667 0.27569444444444446 0.11875 0.11041666666666666
0 0.575 0.7458333333333333 0.1388888888888889 0.10555555555555556
0 0.45416666666666666 0.7618055555555555 0.06944444444444445 0.07361111111111111
0 0.8597222222222223 0.43819444444444444 0.09166666666666666 0.14583333333333334
0 0.7805555555555556 0.5222222222222223 0.07916666666666666 0.07361111111111111
0 0.4375 0.6666666666666666 0.03611111111111111 0.09166666666666666
0 0.6541666666666667 0.4409722222222222 0.07222222222222222 0.11388888888888889
0 0.8944444444444445 0.32222222222222224 0.059027777777777776 0.05763888888888889
0 0.7131944444444445 0.7194444444444444 0.1486111111111111 0.15833333333333333
0 0.7166666666666667 0.22361111111111112 0.06805555555555555 0.06666666666666667
0 0.9847222222222223 0.2743055555555556 0.027777777777777776 0.06527777777777778
0 0.28055555555555556 0.95 0.275 0.09722222222222222
0 0.20902777777777778 0.8993055555555556 0.41805555555555557 0.1986111111111111
0 0.7090277777777778 0.8993055555555556 0.5791666666666667 0.1986111111111111