0 0.46875 0.10416666666666667 0.1597222222222222 0.20833333333333334
0 0.35694444444444445 0.0625 0.07569444444444444 0.11805555555555555
0 0.008333333333333333 0.1875 0.016666666666666666 0.04722222222222222
0 0.4826388888888889 0.2534722222222222 0.07291666666666667 0.06111111111111111
0 0.17152777777777778 0.07569444444444444 0.04375 0.03958333333333333
0 0.24513888888888888 0.06666666666666667 0.034027777777777775 0.034027777777777775
0 0.28958333333333336 0.2951388888888889 0.07222222222222222 0.05694444444444444
0 0.2777777777777778 0.03194444444444444 0.0375 0.041666666666666664
0 0.44513888888888886 0.4736111111111111 0.06180555555555556 0.04583333333333333
0 0.38125 0.13125 0.04652777777777778 0.035416666666666666
0 0.07847222222222222 0.35555555555555557 0.04861111111111111 0.05
0 0.18680555555555556 0.3993055555555556 0.06388888888888888 0.043055555555555555
0 0.3458333333333333 0.125 0.02638888888888889 0.08680555555555555
0 0.24791666666666667 0.3013888888888889 0.10416666666666667 0.06597222222222222
0 0.5326388888888889 0.2423611111111111 0.03194444444444444 0.12361111111111112
0 0.44166666666666665 0.225 0.07152777777777777 0.0625
0 0.4375 0.18055555555555555 0.06041666666666667 0.06666666666666667
0 0.5340277777777778 0.3402777777777778 0.029166666666666667 0.14444444444444443
0 0.3993055555555556 0.32430555555555557 0.07013888888888889 0.06875
0 0.2152777777777778 0.009722222222222222 0.075 0.019444444444444445
0 0.3819444444444444 0.16180555555555556 0.04375 0.04722222222222222
0 0.06388888888888888 0.13055555555555556 0.04652777777777778 0.04027777777777778
0 0.5326388888888889 0.011111111111111112 0.03194444444444444 0.022222222222222223
0 0.35208333333333336 0.44375 0.09791666666666667 0.10347222222222222
0 0.20833333333333334 0.20972222222222223 0.06666666666666667 0.05277777777777778
0 0.043055555555555555 0.4131944444444444 0.08611111111111111 0.10416666666666667
0 0.027083333333333334 0.35625 0.05416666666666667 0.034722222222222224
0 0.022222222222222223 0.3284722222222222 0.044444444444444446 0.04583333333333333
0 0.10277777777777777 0.32083333333333336 0.049305555555555554 0.07083333333333333
0 0.19375 0.2513888888888889 0.03888888888888889 0.05
0 0.018055555555555554 0.22152777777777777 0.03611111111111111 0.04027777777777778
0 0.2569444444444444 0.009722222222222222 0.1111111111111111 0.019444444444444445
0 0.11180555555555556 0.0625 0.04861111111111111 0.05138888888888889
0 0.525 0.5645833333333333 0.04722222222222222 0.10694444444444444
0 0.5305555555555556 0.6083333333333333 0.03611111111111111 0.058333333333333334
0 0.10555555555555556 0.19375 0.03888888888888889 0.03958333333333333
0 0.7777777777777778 0.17777777777777778 0.44166666666666665 0.32222222222222224
0 0.5729166666666666 0.4222222222222222 0.04583333333333333 0.4305555555555556
0 0.7902777777777777 0.4583333333333333 0.4166666666666667 0.35833333333333334
0 0.8527777777777777 0.5666666666666667 0.2916666666666667 0.14166666666666666
0 0.7069444444444445 0.1125 0.3138888888888889 0.225
0 0.03611111111111111 0.7791666666666667 0.07222222222222222 0.28055555555555556
0 0.37777777777777777 0.7930555555555555 0.25833333333333336 0.30833333333333335
0 0.15347222222222223 0.8402777777777778 0.22361111111111112 0.31666666666666665
0 0.10347222222222222 0.9263888888888889 0.20694444444444443 0.14444444444444443
0 0.3173611111111111 0.9694444444444444 0.3486111111111111 0.058333333333333334
0 0.12777777777777777 0.7041666666666667 0.19166666666666668 0.13055555555555556
0 0.5888888888888889 0.6673611111111111 0.06111111111111111 0.05694444444444444
0 0.575 0.725 0.05 0.06666666666666667
0 0.6020833333333333 0.8298611111111112 0.10416666666666667 0.12916666666666668
0 0.9166666666666666 0.7201388888888889 0.1638888888888889 0.1625
0 0.8229166666666666 0.6479166666666667 0.09027777777777778 0.018055555555555554
0 0.84375 0.7076388888888889 0.0763888888888889 0.1375
0 0.9798611111111111 0.7986111111111112 0.0375 0.10833333333333334
0 0.6736111111111112 0.9409722222222222 0.06527777777777778 0.06805555555555555
0 0.6569444444444444 0.9777777777777777 0.12777777777777777 0.041666666666666664
0 0.9527777777777777 0.9138888888888889 0.09166666666666666 0.17222222222222222
0 0.5951388888888889 0.9368055555555556 0.09027777777777778 0.12083333333333333
0 0.7069444444444445 0.7027777777777777 0.2111111111111111 0.12777777777777777
0 0.7798611111111111 0.7875 0.10833333333333334 0.11180555555555556
0 0.6611111111111111 0.7729166666666667 0.08402777777777778 0.05694444444444444
0 0.8826388888888889 0.9423611111111111 0.049305555555555554 0.07083333333333333
0 0.7076388888888889 0.90625 0.10625 0.1111111111111111