0 0.5694444444444444 0.16805555555555557 0.07430555555555556 0.049305555555555554
0 0.5666666666666667 0.27569444444444446 0.08611111111111111 0.08541666666666667
0 0.45694444444444443 0.43680555555555556 0.19444444444444445 0.1625
0 0.5013888888888889 0.15763888888888888 0.06875 0.07847222222222222
0 0.19930555555555557 0.4736111111111111 0.09583333333333334 0.08888888888888889
0 0.4270833333333333 0.12708333333333333 0.06944444444444445 0.06805555555555555
0 0.5354166666666667 0.035416666666666666 0.059722222222222225 0.07083333333333333
0 0.29097222222222224 0.12708333333333333 0.08541666666666667 0.07916666666666666
0 0.6034722222222222 0.09722222222222222 0.06805555555555555 0.07777777777777778
0 0.20347222222222222 0.14583333333333334 0.05277777777777778 0.08402777777777778
0 0.6097222222222223 0.025 0.05555555555555555 0.05
0 0.3625 0.04652777777777778 0.050694444444444445 0.05763888888888889
0 0.6180555555555556 0.16666666666666666 0.03888888888888889 0.06388888888888888
0 0.5604166666666667 0.40069444444444446 0.08611111111111111 0.09097222222222222
0 0.4986111111111111 0.25833333333333336 0.06527777777777778 0.058333333333333334
0 0.2465277777777778 0.34652777777777777 0.06597222222222222 0.05416666666666667
0 0.5923611111111111 0.04513888888888889 0.06111111111111111 0.06111111111111111
0 0.24097222222222223 0.20833333333333334 0.10138888888888889 0.08611111111111111
0 0.42291666666666666 0.05625 0.07013888888888889 0.06805555555555555
0 0.007638888888888889 0.4666666666666667 0.015277777777777777 0.10277777777777777
0 0.021527777777777778 0.13541666666666666 0.043055555555555555 0.11527777777777778
0 0.030555555555555555 0.39444444444444443 0.06111111111111111 0.05277777777777778
0 0.53125 0.22013888888888888 0.04513888888888889 0.05138888888888889
0 0.37083333333333335 0.2534722222222222 0.13958333333333334 0.22430555555555556
0 0.6006944444444444 0.48541666666666666 0.07361111111111111 0.06527777777777778
0 0.33541666666666664 0.3284722222222222 0.059027777777777776 0.07430555555555556
0 0.5222222222222223 0.3284722222222222 0.09791666666666667 0.07847222222222222
0 0.035416666666666666 0.04861111111111111 0.07083333333333333 0.09722222222222222
0 0.13194444444444445 0.04513888888888889 0.16944444444444445 0.09027777777777778
0 0.5840277777777778 0.21597222222222223 0.07569444444444444 0.058333333333333334
0 0.06597222222222222 0.2222222222222222 0.13194444444444445 0.2111111111111111
0 0.7875 0.36041666666666666 0.2972222222222222 0.31527777777777777
0 0.20694444444444443 0.5423611111111111 0.03333333333333333 0.04583333333333333
0 0.575 0.6013888888888889 0.04236111111111111 0.025694444444444443
0 0.5798611111111112 0.6270833333333333 0.03888888888888889 0.03611111111111111
0 0.5513888888888889 0.6416666666666667 0.03125 0.0375
0 0.024305555555555556 0.6631944444444444 0.04861111111111111 0.05416666666666667
0 0.10555555555555556 0.9284722222222223 0.08888888888888889 0.052083333333333336
0 0.02013888888888889 0.9784722222222222 0.04027777777777778 0.04027777777777778
0 0.4222222222222222 0.6722222222222223 0.04513888888888889 0.03680555555555556
0 0.2916666666666667 0.9680555555555556 0.09722222222222222 0.06111111111111111
0 0.22777777777777777 0.875 0.04027777777777778 0.07222222222222222
0 0.6243055555555556 0.9770833333333333 0.02638888888888889 0.043055555555555555
0 0.35694444444444445 0.6229166666666667 0.034722222222222224 0.025
0 0.16458333333333333 0.7833333333333333 0.03611111111111111 0.05416666666666667
0 0.18888888888888888 0.7458333333333333 0.043055555555555555 0.04652777777777778
0 0.17430555555555555 0.9416666666666667 0.03611111111111111 0.050694444444444445
0 0.10694444444444444 0.9680555555555556 0.0625 0.06041666666666667
0 0.38958333333333334 0.6583333333333333 0.02361111111111111 0.025694444444444443
0 0.36041666666666666 0.8951388888888889 0.06111111111111111 0.06319444444444444
0 0.22430555555555556 0.5875 0.05763888888888889 0.03611111111111111
0 0.16319444444444445 0.5694444444444444 0.075 0.08125
0 0.08125 0.5395833333333333 0.0763888888888889 0.04027777777777778
0 0.4027777777777778 0.8569444444444444 0.05694444444444444 0.05763888888888889
0 0.24097222222222223 0.7125 0.020833333333333332 0.029166666666666667
0 0.5472222222222223 0.8048611111111111 0.05555555555555555 0.06527777777777778
0 0.5277777777777778 0.8465277777777778 0.06736111111111111 0.059027777777777776
0 0.5708333333333333 0.8618055555555556 0.06111111111111111 0.05486111111111111
0 0.5715277777777777 0.7777777777777778 0.035416666666666666 0.04375
0 0.6166666666666667 0.8729166666666667 0.041666666666666664 0.04861111111111111
0 0.17430555555555555 0.8902777777777777 0.05486111111111111 0.05555555555555555
0 0.3472222222222222 0.84375 0.08680555555555555 0.08541666666666667
0 0.42986111111111114 0.9201388888888888 0.04791666666666667 0.03888888888888889
0 0.5145833333333333 0.9055555555555556 0.1284722222222222 0.09305555555555556
0 0.4076388888888889 0.7923611111111111 0.06666666666666667 0.07847222222222222
0 0.1763888888888889 0.6243055555555556 0.09027777777777778 0.08819444444444445
0 0.225 0.9673611111111111 0.06944444444444445 0.0625
0 0.3861111111111111 0.9618055555555556 0.06666666666666667 0.07361111111111111
0 0.2722222222222222 0.5583333333333333 0.021527777777777778 0.030555555555555555
0 0.15 0.5277777777777778 0.05 0.016666666666666666
0 0.24166666666666667 0.5465277777777777 0.041666666666666664 0.05416666666666667
0 0.18680555555555556 0.6097222222222223 0.041666666666666664 0.03611111111111111
0 0.6152777777777778 0.81875 0.044444444444444446 0.08472222222222223
0 0.08125 0.8659722222222223 0.08819444444444445 0.07777777777777778
0 0.06875 0.7416666666666667 0.07222222222222222 0.08680555555555555
0 0.5069444444444444 0.9902777777777778 0.058333333333333334 0.016666666666666666
0 0.30416666666666664 0.7354166666666667 0.03680555555555556 0.04236111111111111
0 0.3229166666666667 0.6680555555555555 0.10486111111111111 0.07708333333333334
0 0.2652777777777778 0.8743055555555556 0.09097222222222222 0.08958333333333333
0 0.33819444444444446 0.7958333333333333 0.03958333333333333 0.0375
0 0.09652777777777778 0.5715277777777777 0.05 0.05
0 0.09930555555555555 0.6041666666666666 0.03680555555555556 0.0375
0 0.004861111111111111 0.5444444444444444 0.009722222222222222 0.04722222222222222
0 0.017361111111111112 0.5402777777777777 0.029166666666666667 0.041666666666666664
0 0.022222222222222223 0.5645833333333333 0.030555555555555555 0.04236111111111111
0 0.11458333333333333 0.7430555555555556 0.049305555555555554 0.07361111111111111
0 0.15833333333333333 0.8486111111111111 0.058333333333333334 0.04722222222222222
0 0.3701388888888889 0.8 0.025694444444444443 0.027083333333333334
0 0.22013888888888888 0.7923611111111111 0.04652777777777778 0.029166666666666667
0 0.4326388888888889 0.8520833333333333 0.04861111111111111 0.05555555555555555
0 0.2861111111111111 0.9333333333333333 0.05555555555555555 0.04097222222222222
0 0.5368055555555555 0.9826388888888888 0.0375 0.03194444444444444
0 0.5902777777777778 0.8263888888888888 0.03958333333333333 0.05138888888888889
0 0.06736111111111111 0.6652777777777777 0.04652777777777778 0.0375
0 0.5125 0.7604166666666666 0.035416666666666666 0.06597222222222222
0 0.025694444444444443 0.8784722222222222 0.05138888888888889 0.17083333333333334
0 0.31180555555555556 0.7840277777777778 0.029166666666666667 0.04375
0 0.8798611111111111 0.9048611111111111 0.23194444444444445 0.1875
0 0.8701388888888889 0.55 0.2569444444444444 0.06111111111111111
0 0.7659722222222223 0.7277777777777777 0.25416666666666665 0.37777777777777777
0 0.9319444444444445 0.75 0.13333333333333333 0.3888888888888889