0 0.04583333333333333 0.34791666666666665 0.09166666666666666 0.1597222222222222
0 0.28194444444444444 0.019444444444444445 0.05277777777777778 0.03888888888888889
0 0.28402777777777777 0.16111111111111112 0.07430555555555556 0.06041666666666667
0 0.15069444444444444 0.34930555555555554 0.13680555555555557 0.09097222222222222
0 0.3451388888888889 0.09861111111111111 0.02638888888888889 0.05555555555555555
0 0.13472222222222222 0.39791666666666664 0.08333333333333333 0.059722222222222225
0 0.059027777777777776 0.10625 0.06597222222222222 0.058333333333333334
0 0.025 0.16180555555555556 0.05 0.06527777777777778
0 0.1951388888888889 0.027083333333333334 0.05416666666666667 0.05416666666666667
0 0.3138888888888889 0.3263888888888889 0.08888888888888889 0.20277777777777778
0 0.6868055555555556 0.32083333333333336 0.6236111111111111 0.21388888888888888
0 0.74375 0.21388888888888888 0.5097222222222222 0.42777777777777776
0 0.07152777777777777 0.5715277777777777 0.12986111111111112 0.17152777777777778
0 0.15625 0.49722222222222223 0.11805555555555555 0.1
0 0.15 0.56875 0.05486111111111111 0.05
0 0.2659722222222222 0.48680555555555555 0.027777777777777776 0.034027777777777775
0 0.24166666666666667 0.8201388888888889 0.23333333333333334 0.19027777777777777
0 0.10347222222222222 0.6958333333333333 0.07916666666666666 0.09791666666666667
0 0.26458333333333334 0.5347222222222222 0.06388888888888888 0.04722222222222222
0 0.24861111111111112 0.7048611111111112 0.21944444444444444 0.32083333333333336
0 0.5826388888888889 0.4618055555555556 0.37083333333333335 0.06527777777777778
0 0.5881944444444445 0.5840277777777778 0.31319444444444444 0.26458333333333334
0 0.8583333333333333 0.5298611111111111 0.28055555555555556 0.2013888888888889
0 0.8326388888888889 0.8423611111111111 0.33194444444444443 0.3125
0 0.525 0.7458333333333333 0.33055555555555555 0.5055555555555555