0 0.36041666666666666 0.2222222222222222 0.125 0.11527777777777778
0 0.030555555555555555 0.3576388888888889 0.06111111111111111 0.08194444444444444
0 0.28958333333333336 0.05486111111111111 0.07361111111111111 0.08472222222222223
0 0.41597222222222224 0.02361111111111111 0.0625 0.04722222222222222
0 0.18472222222222223 0.02013888888888889 0.1388888888888889 0.04027777777777778
0 0.4861111111111111 0.28402777777777777 0.06388888888888888 0.10694444444444444
0 0.16041666666666668 0.13125 0.2986111111111111 0.2625
0 0.5111111111111111 0.11388888888888889 0.013888888888888888 0.08055555555555556
0 0.4756944444444444 0.12361111111111112 0.06597222222222222 0.11319444444444444
0 0.20555555555555555 0.30625 0.20416666666666666 0.15625
0 0.7993055555555556 0.35555555555555557 0.1625 0.08611111111111111
0 0.8888888888888888 0.125 0.14791666666666667 0.13055555555555556
0 0.5645833333333333 0.28680555555555554 0.08819444444444445 0.05486111111111111
0 0.5770833333333333 0.017361111111111112 0.11527777777777778 0.034722222222222224
0 0.8104166666666667 0.02013888888888889 0.034722222222222224 0.04027777777777778
0 0.9097222222222222 0.36319444444444443 0.09166666666666666 0.0625
0 0.6472222222222223 0.20694444444444443 0.08194444444444444 0.059722222222222225
0 0.7993055555555556 0.15555555555555556 0.029166666666666667 0.04097222222222222
0 0.8125 0.125 0.03194444444444444 0.04097222222222222
0 0.5861111111111111 0.07708333333333334 0.059027777777777776 0.08333333333333333
0 0.9131944444444444 0.38333333333333336 0.08472222222222223 0.030555555555555555
0 0.8805555555555555 0.19583333333333333 0.09513888888888888 0.125
0 0.7930555555555555 0.23958333333333334 0.09375 0.07013888888888889
0 0.6513888888888889 0.28541666666666665 0.09444444444444444 0.08263888888888889
0 0.9625 0.1951388888888889 0.07222222222222222 0.10972222222222222
0 0.7368055555555556 0.04861111111111111 0.09861111111111111 0.09722222222222222
0 0.9736111111111111 0.27361111111111114 0.05 0.15833333333333333
0 0.71875 0.13541666666666666 0.05416666666666667 0.09722222222222222
0 0.9513888888888888 0.10694444444444444 0.09444444444444444 0.06666666666666667
0 0.9638888888888889 0.049305555555555554 0.06944444444444445 0.06805555555555555
0 0.9236111111111112 0.2875 0.07569444444444444 0.09236111111111112
0 0.9298611111111111 0.020833333333333332 0.09861111111111111 0.041666666666666664
0 0.8479166666666667 0.009722222222222222 0.06527777777777778 0.019444444444444445
0 0.8708333333333333 0.06180555555555556 0.10833333333333334 0.09097222222222222
0 0.7041666666666667 0.34305555555555556 0.05555555555555555 0.1111111111111111
0 0.9701388888888889 0.36180555555555555 0.05694444444444444 0.07361111111111111
0 0.7979166666666667 0.08888888888888889 0.06111111111111111 0.09375
0 0.46319444444444446 0.7784722222222222 0.0875 0.059722222222222225
0 0.46805555555555556 0.80625 0.1 0.07083333333333333
0 0.5111111111111111 0.7729166666666667 0.013888888888888888 0.03194444444444444
0 0.5006944444444444 0.9763888888888889 0.034722222222222224 0.044444444444444446
0 0.47847222222222224 0.9534722222222223 0.05416666666666667 0.049305555555555554
0 0.4340277777777778 0.9784722222222222 0.0625 0.04027777777777778
0 0.29791666666666666 0.8368055555555556 0.034027777777777775 0.052083333333333336
0 0.1625 0.8527777777777777 0.043055555555555555 0.06458333333333334
0 0.1375 0.8659722222222223 0.018055555555555554 0.024305555555555556
0 0.14027777777777778 0.7277777777777777 0.09791666666666667 0.08402777777777778
0 0.18819444444444444 0.9472222222222222 0.030555555555555555 0.030555555555555555
0 0.19583333333333333 0.9229166666666667 0.027083333333333334 0.020833333333333332
0 0.20694444444444443 0.8958333333333334 0.03263888888888889 0.035416666666666666
0 0.17152777777777778 0.9763888888888889 0.04722222222222222 0.03611111111111111
0 0.09791666666666667 0.9777777777777777 0.06458333333333334 0.029166666666666667
0 0.1076388888888889 0.9319444444444445 0.06875 0.06805555555555555
0 0.2 0.675 0.04027777777777778 0.0375
0 0.16458333333333333 0.7097222222222223 0.10069444444444445 0.08194444444444444
0 0.011805555555555555 0.8847222222222222 0.02361111111111111 0.06111111111111111
0 0.07430555555555556 0.7847222222222222 0.06111111111111111 0.06944444444444445
0 0.29097222222222224 0.5020833333333333 0.04513888888888889 0.0375
0 0.34444444444444444 0.5506944444444445 0.07708333333333334 0.06736111111111111
0 0.2763888888888889 0.5284722222222222 0.05277777777777778 0.07222222222222222
0 0.27847222222222223 0.44305555555555554 0.06111111111111111 0.06805555555555555
0 0.33611111111111114 0.46111111111111114 0.04722222222222222 0.04513888888888889
0 0.3347222222222222 0.9625 0.08333333333333333 0.07222222222222222
0 0.05486111111111111 0.9215277777777777 0.08125 0.07013888888888889
0 0.425 0.8854166666666666 0.049305555555555554 0.05416666666666667
0 0.4465277777777778 0.5798611111111112 0.03958333333333333 0.049305555555555554
0 0.38819444444444445 0.8805555555555555 0.024305555555555556 0.030555555555555555
0 0.175 0.6631944444444444 0.03888888888888889 0.03888888888888889
0 0.21736111111111112 0.9743055555555555 0.07361111111111111 0.04861111111111111
0 0.25763888888888886 0.9125 0.07222222222222222 0.06180555555555556
0 0.24583333333333332 0.89375 0.05694444444444444 0.058333333333333334
0 0.14166666666666666 0.6618055555555555 0.05138888888888889 0.04583333333333333
0 0.28055555555555556 0.975 0.029166666666666667 0.024305555555555556
0 0.2916666666666667 0.95 0.049305555555555554 0.03611111111111111
0 0.3229166666666667 0.8916666666666667 0.035416666666666666 0.03958333333333333
0 0.275 0.8694444444444445 0.06458333333333334 0.04652777777777778
0 0.08472222222222223 0.8416666666666667 0.05 0.06736111111111111
0 0.15069444444444444 0.7930555555555555 0.04097222222222222 0.052083333333333336
0 0.10833333333333334 0.8826388888888889 0.05416666666666667 0.05763888888888889
0 0.32083333333333336 0.8118055555555556 0.03125 0.044444444444444446
0 0.36319444444444443 0.8840277777777777 0.025694444444444443 0.021527777777777778
0 0.3854166666666667 0.8340277777777778 0.03819444444444445 0.025694444444444443
0 0.3472222222222222 0.9083333333333333 0.02013888888888889 0.03611111111111111
0 0.4534722222222222 0.8625 0.02638888888888889 0.04236111111111111
0 0.3645833333333333 0.8590277777777777 0.024305555555555556 0.03125
0 0.7194444444444444 0.5458333333333333 0.15694444444444444 0.13541666666666666
0 0.8076388888888889 0.5145833333333333 0.04375 0.08888888888888889
0 0.9319444444444445 0.44305555555555554 0.03680555555555556 0.06041666666666667
0 0.7375 0.9722222222222222 0.058333333333333334 0.05277777777777778
0 0.5604166666666667 0.6486111111111111 0.07291666666666667 0.0875
0 0.5965277777777778 0.5965277777777778 0.05555555555555555 0.07083333333333333
0 0.9902777777777778 0.5534722222222223 0.016666666666666666 0.05416666666666667
0 0.9833333333333333 0.45069444444444445 0.030555555555555555 0.04027777777777778
0 0.9868055555555556 0.49236111111111114 0.02361111111111111 0.04583333333333333
0 0.6569444444444444 0.7875 0.050694444444444445 0.05625
0 0.7083333333333334 0.7513888888888889 0.058333333333333334 0.05277777777777778
0 0.5534722222222223 0.7715277777777778 0.06805555555555555 0.15416666666666667
0 0.7638888888888888 0.6513888888888889 0.04513888888888889 0.04513888888888889
0 0.9305555555555556 0.6881944444444444 0.035416666666666666 0.059027777777777776
0 0.83125 0.7652777777777777 0.052083333333333336 0.04652777777777778
0 0.8805555555555555 0.5652777777777778 0.0875 0.06597222222222222
0 0.825 0.9590277777777778 0.16944444444444445 0.07916666666666666
0 0.9645833333333333 0.43333333333333335 0.029166666666666667 0.041666666666666664
0 0.9131944444444444 0.7993055555555556 0.17083333333333334 0.10972222222222222
0 0.9895833333333334 0.6722222222222223 0.018055555555555554 0.06388888888888888
0 0.6666666666666666 0.9048611111111111 0.10277777777777777 0.09375
0 0.9555555555555556 0.6666666666666666 0.049305555555555554 0.06666666666666667
0 0.9520833333333333 0.7854166666666667 0.05555555555555555 0.049305555555555554
0 0.9645833333333333 0.76875 0.06805555555555555 0.13194444444444445
0 0.6777777777777778 0.9770833333333333 0.06388888888888888 0.043055555555555555
0 0.5777777777777777 0.9208333333333333 0.11666666666666667 0.15555555555555556
0 0.7479166666666667 0.6902777777777778 0.041666666666666664 0.04583333333333333
0 0.5625 0.5715277777777777 0.08611111111111111 0.1736111111111111
0 0.9534722222222223 0.9256944444444445 0.09027777777777778 0.14583333333333334
0 0.74375 0.8548611111111111 0.09513888888888888 0.07083333333333333
0 0.7479166666666667 0.7979166666666667 0.11527777777777778 0.10138888888888889
0 0.9458333333333333 0.6173611111111111 0.08958333333333333 0.07708333333333334
0 0.5326388888888889 0.46805555555555556 0.02638888888888889 0.05
0 0.7743055555555556 0.4423611111111111 0.08125 0.08333333333333333
0 0.6104166666666667 0.6576388888888889 0.07777777777777778 0.10277777777777777
0 0.6270833333333333 0.46805555555555556 0.1986111111111111 0.12013888888888889
0 0.8729166666666667 0.8638888888888889 0.12569444444444444 0.1361111111111111