0 0.5881944444444445 0.3951388888888889 0.04027777777777778 0.10694444444444444
0 0.59375 0.2604166666666667 0.029166666666666667 0.08194444444444444
0 0.5041666666666667 0.008333333333333333 0.022222222222222223 0.016666666666666666
0 0.5777777777777777 0.18472222222222223 0.04791666666666667 0.05763888888888889
0 0.4847222222222222 0.25069444444444444 0.0763888888888889 0.04236111111111111
0 0.2777777777777778 0.4263888888888889 0.11388888888888889 0.044444444444444446
0 0.27361111111111114 0.4222222222222222 0.059027777777777776 0.05138888888888889
0 0.3923611111111111 0.25972222222222224 0.09166666666666666 0.09791666666666667
0 0.13819444444444445 0.09652777777777778 0.21388888888888888 0.1798611111111111
0 0.3159722222222222 0.21180555555555555 0.09236111111111112 0.1423611111111111
0 0.22708333333333333 0.18819444444444444 0.07430555555555556 0.09236111111111112
0 0.23819444444444443 0.12291666666666666 0.04375 0.06736111111111111
0 0.28402777777777777 0.12083333333333333 0.09444444444444444 0.14583333333333334
0 0.06458333333333334 0.25416666666666665 0.12916666666666668 0.13333333333333333
0 0.37916666666666665 0.029166666666666667 0.05347222222222222 0.03819444444444445
0 0.5826388888888889 0.14097222222222222 0.05138888888888889 0.06527777777777778
0 0.5902777777777778 0.20833333333333334 0.03611111111111111 0.06944444444444445
0 0.17083333333333334 0.26180555555555557 0.12152777777777778 0.08194444444444444
0 0.36666666666666664 0.17569444444444443 0.09375 0.09027777777777778
0 0.33194444444444443 0.06319444444444444 0.07291666666666667 0.09027777777777778
0 0.3993055555555556 0.05625 0.06597222222222222 0.04722222222222222
0 0.2465277777777778 0.35347222222222224 0.12361111111111112 0.15833333333333333
0 0.2423611111111111 0.2465277777777778 0.05486111111111111 0.07916666666666666
0 0.32222222222222224 0.2722222222222222 0.06180555555555556 0.05416666666666667
0 0.46597222222222223 0.029861111111111113 0.08194444444444444 0.059722222222222225
0 0.5604166666666667 0.03958333333333333 0.09583333333333334 0.05416666666666667
0 0.11944444444444445 0.36527777777777776 0.2388888888888889 0.16666666666666666
0 0.6638888888888889 0.08611111111111111 0.10833333333333334 0.17222222222222222
0 0.7090277777777778 0.12916666666666668 0.18472222222222223 0.25833333333333336
0 0.8520833333333333 0.22430555555555556 0.29305555555555557 0.4486111111111111
0 0.5520833333333334 0.7270833333333333 0.1125 0.4263888888888889
0 0.05555555555555555 0.8020833333333334 0.1111111111111111 0.3013888888888889
0 0.22291666666666668 0.8736111111111111 0.24861111111111112 0.25
0 0.46875 0.8979166666666667 0.2708333333333333 0.2013888888888889
0 0.17152777777777778 0.47638888888888886 0.16527777777777777 0.05277777777777778
0 0.4395833333333333 0.5243055555555556 0.2847222222222222 0.1486111111111111
0 0.15763888888888888 0.5388888888888889 0.30694444444444446 0.17777777777777778
0 0.12708333333333333 0.6395833333333333 0.25416666666666665 0.20972222222222223
0 0.37430555555555556 0.6659722222222222 0.25277777777777777 0.3638888888888889
0 0.7138888888888889 0.4666666666666667 0.14444444444444443 0.03333333333333333
0 0.9013888888888889 0.5708333333333333 0.11944444444444445 0.1125
0 0.9458333333333333 0.9805555555555555 0.10555555555555556 0.03611111111111111
0 0.8020833333333334 0.9715277777777778 0.0763888888888889 0.05416666666666667
0 0.6625 0.9118055555555555 0.10555555555555556 0.15416666666666667
0 0.8638888888888889 0.4673611111111111 0.044444444444444446 0.034722222222222224
0 0.76875 0.5513888888888889 0.12916666666666668 0.13958333333333334
0 0.7458333333333333 0.7416666666666667 0.07847222222222222 0.125
0 0.7590277777777777 0.6652777777777777 0.10069444444444445 0.11319444444444444
0 0.6409722222222223 0.5305555555555556 0.0625 0.16111111111111112
0 0.8118055555555556 0.8861111111111111 0.07013888888888889 0.09027777777777778
0 0.8486111111111111 0.6694444444444444 0.1111111111111111 0.11805555555555555
0 0.9381944444444444 0.5034722222222222 0.12083333333333333 0.10694444444444444
0 0.6847222222222222 0.9798611111111111 0.15 0.0375
0 0.6590277777777778 0.6868055555555556 0.09861111111111111 0.30972222222222223
0 0.9222222222222223 0.8770833333333333 0.1527777777777778 0.19305555555555556
0 0.8166666666666667 0.47638888888888886 0.05555555555555555 0.05277777777777778
0 0.7541666666666667 0.8166666666666667 0.06666666666666667 0.08958333333333333
0 0.9097222222222222 0.7465277777777778 0.09305555555555556 0.11388888888888889