0 0.022916666666666665 0.35347222222222224 0.022916666666666665 0.03194444444444444
0 0.00625 0.3368055555555556 0.0125 0.0625
0 0.5770833333333333 0.18263888888888888 0.0375 0.02638888888888889
0 0.6368055555555555 0.2673611111111111 0.03194444444444444 0.02638888888888889
0 0.6791666666666667 0.2923611111111111 0.03333333333333333 0.025
0 0.8409722222222222 0.11597222222222223 0.08472222222222223 0.07083333333333333
0 0.63125 0.12013888888888889 0.03888888888888889 0.04027777777777778
0 0.6611111111111111 0.36180555555555555 0.03611111111111111 0.03194444444444444
0 0.6743055555555556 0.32569444444444445 0.04861111111111111 0.04583333333333333
0 0.8243055555555555 0.29444444444444445 0.1875 0.16666666666666666
0 0.8986111111111111 0.26180555555555557 0.09236111111111112 0.10694444444444444
0 0.8958333333333334 0.36666666666666664 0.06111111111111111 0.022222222222222223
0 0.5979166666666667 0.35555555555555557 0.06805555555555555 0.044444444444444446
0 0.7201388888888889 0.23194444444444445 0.06388888888888888 0.06388888888888888
0 0.6194444444444445 0.22777777777777777 0.041666666666666664 0.03125
0 0.8034722222222223 0.18611111111111112 0.12638888888888888 0.07083333333333333
0 0.24722222222222223 0.45555555555555555 0.24166666666666667 0.1527777777777778
0 0.12430555555555556 0.7534722222222222 0.24861111111111112 0.49027777777777776
0 0.2875 0.6826388888888889 0.16111111111111112 0.5013888888888889
0 0.8326388888888889 0.6722222222222223 0.33194444444444443 0.5861111111111111
0 0.4409722222222222 0.8652777777777778 0.11736111111111111 0.14722222222222223
0 0.5215277777777778 0.8034722222222223 0.03888888888888889 0.08194444444444444
0 0.4173611111111111 0.6159722222222223 0.09583333333333334 0.4736111111111111
0 0.5576388888888889 0.48194444444444445 0.3763888888888889 0.20555555555555555
0 0.6381944444444444 0.9041666666666667 0.5375 0.18888888888888888
0 0.6125 0.7340277777777777 0.2 0.2708333333333333
0 0.9083333333333333 0.9333333333333333 0.17222222222222222 0.13055555555555556
0 0.7819444444444444 0.8298611111111112 0.10138888888888889 0.15902777777777777
0 0.7652777777777777 0.9118055555555555 0.11805555555555555 0.1701388888888889
0 0.7229166666666667 0.6763888888888889 0.07569444444444444 0.14375