0 0.38472222222222224 0.25277777777777777 0.075 0.09444444444444444
0 0.49722222222222223 0.20694444444444443 0.08055555555555556 0.06388888888888888
0 0.4861111111111111 0.2763888888888889 0.10277777777777777 0.08611111111111111
0 0.027083333333333334 0.4861111111111111 0.05416666666666667 0.025
0 0.020833333333333332 0.3729166666666667 0.041666666666666664 0.0625
0 0.3861111111111111 0.10277777777777777 0.11319444444444444 0.10138888888888889
0 0.15347222222222223 0.18611111111111112 0.19652777777777777 0.2222222222222222
0 0.26319444444444445 0.4326388888888889 0.03680555555555556 0.06597222222222222
0 0.33819444444444446 0.41875 0.11319444444444444 0.059722222222222225
0 0.3263888888888889 0.37916666666666665 0.07013888888888889 0.04861111111111111
0 0.3888888888888889 0.33055555555555555 0.07916666666666666 0.07847222222222222
0 0.48333333333333334 0.40069444444444446 0.06041666666666667 0.0798611111111111
0 0.5013888888888889 0.3472222222222222 0.07222222222222222 0.1
0 0.21388888888888888 0.3659722222222222 0.1527777777777778 0.1597222222222222
0 0.29930555555555555 0.16180555555555556 0.12083333333333333 0.1388888888888889
0 0.5006944444444444 0.44583333333333336 0.07361111111111111 0.10555555555555556
0 0.3090277777777778 0.46458333333333335 0.10416666666666667 0.06805555555555555
0 0.06666666666666667 0.4222222222222222 0.09583333333333334 0.13194444444444445
0 0.027083333333333334 0.4652777777777778 0.05416666666666667 0.058333333333333334
0 0.4284722222222222 0.37083333333333335 0.07569444444444444 0.06875
0 0.3277777777777778 0.24930555555555556 0.03888888888888889 0.04861111111111111
0 0.3840277777777778 0.47291666666666665 0.059027777777777776 0.0375
0 0.4361111111111111 0.4513888888888889 0.05763888888888889 0.059722222222222225
0 0.43194444444444446 0.4875 0.07222222222222222 0.022222222222222223
0 0.5270833333333333 0.17222222222222222 0.020833333333333332 0.058333333333333334
0 0.40347222222222223 0.17569444444444443 0.05763888888888889 0.05486111111111111
0 0.24375 0.25416666666666665 0.07777777777777778 0.08263888888888889
0 0.9583333333333334 0.32083333333333336 0.06736111111111111 0.06319444444444444
0 0.8770833333333333 0.14097222222222222 0.24305555555555555 0.1763888888888889
0 0.7888888888888889 0.38125 0.18333333333333332 0.23472222222222222
0 0.6090277777777777 0.28055555555555556 0.14027777777777778 0.4361111111111111
0 0.5979166666666667 0.03958333333333333 0.11805555555555555 0.07916666666666666
0 0.6090277777777777 0.20972222222222223 0.14027777777777778 0.12222222222222222
0 0.9861111111111112 0.025 0.025 0.05
0 0.6638888888888889 0.3784722222222222 0.1527777777777778 0.24027777777777778
0 0.5652777777777778 0.0875 0.05277777777777778 0.15555555555555556
0 0.9236111111111112 0.46111111111111114 0.15 0.075
0 0.8027777777777778 0.06805555555555555 0.15833333333333333 0.13472222222222222
0 0.6756944444444445 0.10972222222222222 0.24861111111111112 0.21944444444444444
0 0.8201388888888889 0.28402777777777777 0.14930555555555555 0.12430555555555556
0 0.4048611111111111 0.8166666666666667 0.2652777777777778 0.3638888888888889
0 0.15 0.7493055555555556 0.3 0.4986111111111111
0 0.8680555555555556 0.7631944444444444 0.13055555555555556 0.12083333333333333
0 0.7944444444444444 0.5881944444444445 0.07708333333333334 0.08888888888888889
0 0.9263888888888889 0.5451388888888888 0.06319444444444444 0.06875
0 0.6840277777777778 0.5368055555555555 0.14583333333333334 0.07361111111111111
0 0.9215277777777777 0.5131944444444444 0.10972222222222222 0.02638888888888889
0 0.6625 0.9645833333333333 0.14166666666666666 0.06805555555555555
0 0.9819444444444444 0.8263888888888888 0.03333333333333333 0.1111111111111111
0 0.9152777777777777 0.9520833333333333 0.16666666666666666 0.09305555555555556
0 0.6770833333333334 0.6666666666666666 0.2763888888888889 0.275
0 0.9763888888888889 0.6597222222222222 0.044444444444444446 0.11944444444444445
0 0.70625 0.8506944444444444 0.21319444444444444 0.16319444444444445