0 0.6083333333333333 0.09444444444444444 0.019444444444444445 0.058333333333333334
0 0.5770833333333333 0.09513888888888888 0.04027777777777778 0.05555555555555555
0 0.03888888888888889 0.44166666666666665 0.07777777777777778 0.41388888888888886
0 0.23472222222222222 0.29305555555555557 0.10486111111111111 0.1
0 0.5465277777777777 0.23541666666666666 0.07361111111111111 0.05416666666666667
0 0.47152777777777777 0.06736111111111111 0.09305555555555556 0.07291666666666667
0 0.37916666666666665 0.33125 0.17291666666666666 0.10555555555555556
0 0.19583333333333333 0.07430555555555556 0.07222222222222222 0.06944444444444445
0 0.41041666666666665 0.03263888888888889 0.10972222222222222 0.06527777777777778
0 0.2638888888888889 0.3763888888888889 0.06666666666666667 0.07916666666666666
0 0.15416666666666667 0.4284722222222222 0.08055555555555556 0.1326388888888889
0 0.34444444444444444 0.11736111111111111 0.09583333333333334 0.05277777777777778
0 0.40208333333333335 0.23680555555555555 0.11805555555555555 0.10902777777777778
0 0.29444444444444445 0.18541666666666667 0.05486111111111111 0.058333333333333334
0 0.2534722222222222 0.2048611111111111 0.0625 0.08263888888888889
0 0.2881944444444444 0.2652777777777778 0.06527777777777778 0.1111111111111111
0 0.21597222222222223 0.014583333333333334 0.07083333333333333 0.029166666666666667
0 0.5243055555555556 0.28055555555555556 0.1451388888888889 0.16944444444444445
0 0.5944444444444444 0.1701388888888889 0.04722222222222222 0.05416666666666667
0 0.45902777777777776 0.1638888888888889 0.12569444444444444 0.06319444444444444
0 0.5784722222222223 0.38333333333333336 0.07916666666666666 0.1527777777777778
0 0.2833333333333333 0.05277777777777778 0.06944444444444445 0.06041666666666667
0 0.18194444444444444 0.5152777777777777 0.13125 0.10347222222222222
0 0.0125 0.09791666666666667 0.025 0.06805555555555555
0 0.12152777777777778 0.12291666666666666 0.1 0.20694444444444443
0 0.3611111111111111 0.45625 0.28055555555555556 0.14097222222222222
0 0.14652777777777778 0.25277777777777777 0.11875 0.05555555555555555
0 0.05763888888888889 0.3506944444444444 0.11527777777777778 0.12361111111111112
0 0.49930555555555556 0.016666666666666666 0.09027777777777778 0.03333333333333333
0 0.13958333333333334 0.28680555555555554 0.06875 0.06180555555555556
0 0.3229166666666667 0.5513888888888889 0.07430555555555556 0.1326388888888889
0 0.20972222222222223 0.03888888888888889 0.05 0.03958333333333333
0 0.2833333333333333 0.125 0.09097222222222222 0.0875
0 0.4125 0.13055555555555556 0.09097222222222222 0.07569444444444444
0 0.19722222222222222 0.14722222222222223 0.07708333333333334 0.10416666666666667
0 0.1451388888888889 0.35 0.08194444444444444 0.06666666666666667
0 0.8770833333333333 0.32430555555555557 0.24305555555555555 0.6486111111111111
0 0.8090277777777778 0.5076388888888889 0.37916666666666665 0.28194444444444444
0 0.6784722222222223 0.22430555555555556 0.11805555555555555 0.4486111111111111
0 0.7576388888888889 0.07222222222222222 0.2763888888888889 0.14444444444444443
0 0.4708333333333333 0.9576388888888889 0.10277777777777777 0.08194444444444444
0 0.42291666666666666 0.9333333333333333 0.06805555555555555 0.052083333333333336
0 0.3541666666666667 0.9493055555555555 0.059722222222222225 0.0375
0 0.044444444444444446 0.9611111111111111 0.04236111111111111 0.03888888888888889
0 0.09097222222222222 0.9881944444444445 0.04583333333333333 0.020833333333333332
0 0.5680555555555555 0.7451388888888889 0.04583333333333333 0.03611111111111111
0 0.46111111111111114 0.7993055555555556 0.03125 0.034722222222222224
0 0.38958333333333334 0.84375 0.043055555555555555 0.030555555555555555
0 0.5673611111111111 0.8319444444444445 0.04027777777777778 0.030555555555555555
0 0.5680555555555555 0.8784722222222222 0.04027777777777778 0.075
0 0.5895833333333333 0.9381944444444444 0.05694444444444444 0.0875
0 0.32430555555555557 0.8930555555555556 0.06458333333333334 0.06319444444444444
0 0.21597222222222223 0.9798611111111111 0.05138888888888889 0.0375
0 0.26875 0.9534722222222223 0.09305555555555556 0.09027777777777778
0 0.29097222222222224 0.9236111111111112 0.03680555555555556 0.029861111111111113
0 0.5194444444444445 0.9666666666666667 0.07222222222222222 0.06388888888888888
0 0.5423611111111111 0.8625 0.030555555555555555 0.03125
0 0.3715277777777778 0.9777777777777777 0.04027777777777778 0.041666666666666664
0 0.11666666666666667 0.9659722222222222 0.08333333333333333 0.06527777777777778
0 0.2013888888888889 0.8305555555555556 0.05277777777777778 0.04236111111111111
0 0.47152777777777777 0.8375 0.034722222222222224 0.03819444444444445
0 0.6993055555555555 0.8243055555555555 0.1597222222222222 0.3486111111111111
0 0.88125 0.8243055555555555 0.22916666666666666 0.3486111111111111
0 0.7333333333333333 0.9791666666666666 0.22777777777777777 0.03888888888888889
0 0.7236111111111111 0.6805555555555556 0.20833333333333334 0.06111111111111111