0 0.3402777777777778 0.3159722222222222 0.04652777777777778 0.09513888888888888
0 0.5520833333333334 0.2826388888888889 0.03194444444444444 0.07083333333333333
0 0.09236111111111112 0.4486111111111111 0.12222222222222222 0.11180555555555556
0 0.32083333333333336 0.09236111111111112 0.06944444444444445 0.08194444444444444
0 0.11527777777777778 0.5777777777777777 0.23055555555555557 0.18333333333333332
0 0.3576388888888889 0.6590277777777778 0.12083333333333333 0.05694444444444444
0 0.18125 0.4777777777777778 0.09583333333333334 0.07430555555555556
0 0.5534722222222223 0.5743055555555555 0.029166666666666667 0.043055555555555555
0 0.4930555555555556 0.2388888888888889 0.027083333333333334 0.03680555555555556
0 0.5236111111111111 0.2590277777777778 0.02638888888888889 0.03819444444444445
0 0.36527777777777776 0.3527777777777778 0.03888888888888889 0.04375
0 0.45625 0.3215277777777778 0.02361111111111111 0.029166666666666667
0 0.4791666666666667 0.31805555555555554 0.03611111111111111 0.03333333333333333
0 0.225 0.675 0.05277777777777778 0.025
0 0.17083333333333334 0.3993055555555556 0.029861111111111113 0.07291666666666667
0 0.034722222222222224 0.29375 0.06944444444444445 0.11527777777777778
0 0.013194444444444444 0.42916666666666664 0.02638888888888889 0.06388888888888888
0 0.41180555555555554 0.49375 0.058333333333333334 0.08333333333333333
0 0.5458333333333333 0.5201388888888889 0.03333333333333333 0.03333333333333333
0 0.5423611111111111 0.5451388888888888 0.029861111111111113 0.030555555555555555
0 0.5222222222222223 0.5215277777777778 0.022222222222222223 0.035416666666666666
0 0.4131944444444444 0.5840277777777778 0.13472222222222222 0.12916666666666668
0 0.13680555555555557 0.33611111111111114 0.08333333333333333 0.09861111111111111
0 0.12013888888888889 0.28055555555555556 0.05763888888888889 0.052083333333333336
0 0.38819444444444445 0.1951388888888889 0.16597222222222222 0.1125
0 0.2611111111111111 0.39375 0.13125 0.15902777777777777
0 0.4375 0.39375 0.12083333333333333 0.12638888888888888
0 0.1076388888888889 0.37569444444444444 0.10416666666666667 0.1076388888888889
0 0.17222222222222222 0.6722222222222223 0.06388888888888888 0.030555555555555555
0 0.54375 0.4173611111111111 0.04861111111111111 0.05416666666666667
0 0.2763888888888889 0.5076388888888889 0.09930555555555555 0.09513888888888888
0 0.050694444444444445 0.12013888888888889 0.05347222222222222 0.06388888888888888
0 0.011111111111111112 0.08888888888888889 0.022222222222222223 0.07222222222222222
0 0.2833333333333333 0.6041666666666666 0.07569444444444444 0.08472222222222223
0 0.34097222222222223 0.4708333333333333 0.08263888888888889 0.08541666666666667
0 0.6229166666666667 0.5152777777777777 0.10694444444444444 0.31666666666666665
0 0.8138888888888889 0.5604166666666667 0.36944444444444446 0.25416666666666665
0 0.6395833333333333 0.08888888888888889 0.14027777777777778 0.17777777777777778
0 0.9319444444444445 0.18680555555555556 0.13333333333333333 0.3736111111111111
0 0.7291666666666666 0.2298611111111111 0.2722222222222222 0.4597222222222222
0 0.28402777777777777 0.85625 0.5680555555555555 0.2847222222222222
0 0.05625 0.75 0.1125 0.12222222222222222
0 0.8013888888888889 0.8631944444444445 0.39444444444444443 0.2708333333333333
0 0.6923611111111111 0.7569444444444444 0.24583333333333332 0.1361111111111111