0 0.18472222222222223 0.2361111111111111 0.04236111111111111 0.03680555555555556
0 0.09097222222222222 0.17222222222222222 0.049305555555555554 0.044444444444444446
0 0.3111111111111111 0.22777777777777777 0.05486111111111111 0.034027777777777775
0 0.20277777777777778 0.2722222222222222 0.03263888888888889 0.043055555555555555
0 0.2673611111111111 0.24444444444444444 0.03194444444444444 0.029166666666666667
0 0.17152777777777778 0.20416666666666666 0.03958333333333333 0.04722222222222222
0 0.05138888888888889 0.4048611111111111 0.034027777777777775 0.044444444444444446
0 0.17152777777777778 0.4215277777777778 0.04375 0.04791666666666667
0 0.22430555555555556 0.14305555555555555 0.044444444444444446 0.07013888888888889
0 0.3597222222222222 0.2152777777777778 0.016666666666666666 0.058333333333333334
0 0.2375 0.44166666666666665 0.07083333333333333 0.0875
0 0.013194444444444444 0.09027777777777778 0.02638888888888889 0.058333333333333334
0 0.030555555555555555 0.05416666666666667 0.06111111111111111 0.06388888888888888
0 0.1326388888888889 0.09027777777777778 0.07013888888888889 0.06527777777777778
0 0.22013888888888888 0.3645833333333333 0.11527777777777778 0.15416666666666667
0 0.34305555555555556 0.3861111111111111 0.05 0.08611111111111111
0 0.3173611111111111 0.3 0.04791666666666667 0.04722222222222222
0 0.21597222222222223 0.24027777777777778 0.04027777777777778 0.04722222222222222
0 0.23055555555555557 0.19305555555555556 0.04513888888888889 0.041666666666666664
0 0.22569444444444445 0.3 0.04722222222222222 0.043055555555555555
0 0.049305555555555554 0.2701388888888889 0.06319444444444444 0.08472222222222223
0 0.35694444444444445 0.4875 0.022222222222222223 0.08055555555555556
0 0.3194444444444444 0.46041666666666664 0.09722222222222222 0.09722222222222222
0 0.28055555555555556 0.21736111111111112 0.035416666666666666 0.029861111111111113
0 0.3548611111111111 0.2875 0.02638888888888889 0.08888888888888889
0 0.3020833333333333 0.13472222222222222 0.13194444444444445 0.16666666666666666
0 0.10069444444444445 0.2826388888888889 0.04791666666666667 0.1111111111111111
0 0.5652777777777778 0.3798611111111111 0.39166666666666666 0.29583333333333334
0 0.41944444444444445 0.10625 0.1 0.1763888888888889
0 0.7986111111111112 0.09513888888888888 0.4 0.19027777777777777
0 0.09027777777777778 0.6708333333333333 0.09444444444444444 0.08333333333333333
0 0.2604166666666667 0.6729166666666667 0.04791666666666667 0.075
0 0.26944444444444443 0.6013888888888889 0.06736111111111111 0.07083333333333333
0 0.044444444444444446 0.7611111111111111 0.08888888888888889 0.07777777777777778
0 0.12430555555555556 0.925 0.24861111111111112 0.14722222222222223
0 0.12152777777777778 0.5590277777777778 0.08194444444444444 0.059722222222222225
0 0.029166666666666667 0.5979166666666667 0.058333333333333334 0.1375
0 0.3229166666666667 0.6222222222222222 0.09027777777777778 0.18611111111111112
0 0.1701388888888889 0.6833333333333333 0.1423611111111111 0.15347222222222223
0 0.22430555555555556 0.7854166666666667 0.2388888888888889 0.15208333333333332
0 0.26180555555555557 0.8965277777777778 0.14097222222222222 0.12083333333333333
0 0.3277777777777778 0.9576388888888889 0.08055555555555556 0.08194444444444444
0 0.27569444444444446 0.9784722222222222 0.09861111111111111 0.04027777777777778
0 0.6236111111111111 0.7159722222222222 0.5083333333333333 0.3736111111111111
0 0.85 0.7569444444444444 0.2972222222222222 0.45555555555555555
0 0.49166666666666664 0.9305555555555556 0.24444444444444444 0.1361111111111111
0 0.6979166666666666 0.9611111111111111 0.22361111111111112 0.075