0 0.32569444444444445 0.007638888888888889 0.029166666666666667 0.015277777777777777
0 0.3611111111111111 0.011805555555555555 0.03611111111111111 0.02361111111111111
0 0.10069444444444445 0.14652777777777778 0.05416666666666667 0.05347222222222222
0 0.19444444444444445 0.10208333333333333 0.11875 0.09236111111111112
0 0.2791666666666667 0.024305555555555556 0.07222222222222222 0.04861111111111111
0 0.22777777777777777 0.04861111111111111 0.05138888888888889 0.04791666666666667
0 0.5493055555555556 0.21944444444444444 0.2986111111111111 0.4388888888888889
0 0.8451388888888889 0.33125 0.2923611111111111 0.2875
0 0.93125 0.12222222222222222 0.13472222222222222 0.19444444444444445
0 0.8097222222222222 0.06388888888888888 0.37777777777777777 0.12777777777777777
0 0.15902777777777777 0.8451388888888889 0.31805555555555554 0.30694444444444446
0 0.32916666666666666 0.9097222222222222 0.1388888888888889 0.17777777777777778
0 0.15763888888888888 0.5805555555555556 0.31527777777777777 0.06111111111111111
0 0.04513888888888889 0.63125 0.09027777777777778 0.1625
0 0.2423611111111111 0.6916666666666667 0.30416666666666664 0.2833333333333333
0 0.6402777777777777 0.9361111111111111 0.3388888888888889 0.125
0 0.8965277777777778 0.5736111111111111 0.1486111111111111 0.04722222222222222
0 0.5069444444444444 0.6340277777777777 0.1638888888888889 0.16805555555555557
0 0.7277777777777777 0.75 0.3055555555555556 0.4
0 0.8958333333333334 0.6840277777777778 0.14583333333333334 0.20972222222222223
0 0.925 0.7972222222222223 0.14722222222222223 0.4027777777777778
0 0.4875 0.8451388888888889 0.175 0.30694444444444446