0 0.6986111111111111 0.1375 0.07777777777777778 0.07222222222222222
0 0.40555555555555556 0.16111111111111112 0.030555555555555555 0.08333333333333333
0 0.29791666666666666 0.39861111111111114 0.0763888888888889 0.07847222222222222
0 0.24097222222222223 0.5145833333333333 0.09305555555555556 0.0875
0 0.5881944444444445 0.02847222222222222 0.08472222222222223 0.05694444444444444
0 0.5131944444444444 0.010416666666666666 0.07361111111111111 0.020833333333333332
0 0.08333333333333333 0.3541666666666667 0.08055555555555556 0.07777777777777778
0 0.06041666666666667 0.26805555555555555 0.05625 0.06875
0 0.1375 0.3013888888888889 0.06666666666666667 0.08194444444444444
0 0.1361111111111111 0.24375 0.06944444444444445 0.06388888888888888
0 0.16527777777777777 0.39444444444444443 0.11319444444444444 0.08888888888888889
0 0.6458333333333334 0.38819444444444445 0.06805555555555555 0.14375
0 0.6027777777777777 0.33055555555555555 0.07152777777777777 0.0875
0 0.5868055555555556 0.26666666666666666 0.059722222222222225 0.06527777777777778
0 0.3263888888888889 0.10277777777777777 0.059027777777777776 0.06805555555555555
0 0.4465277777777778 0.01875 0.05138888888888889 0.0375
0 0.6118055555555556 0.25069444444444444 0.043055555555555555 0.04722222222222222
0 0.70625 0.05555555555555555 0.059027777777777776 0.05277777777777778
0 0.7048611111111112 0.43680555555555556 0.06527777777777778 0.05138888888888889
0 0.18888888888888888 0.31666666666666665 0.06458333333333334 0.09097222222222222
0 0.7284722222222222 0.26805555555555555 0.018055555555555554 0.05555555555555555
0 0.7270833333333333 0.3458333333333333 0.020833333333333332 0.05555555555555555
0 0.5340277777777778 0.034722222222222224 0.07708333333333334 0.04097222222222222
0 0.16666666666666666 0.51875 0.1361111111111111 0.07916666666666666
0 0.06944444444444445 0.5027777777777778 0.1 0.1111111111111111
0 0.19652777777777777 0.44583333333333336 0.11458333333333333 0.08055555555555556
0 0.5 0.49166666666666664 0.09097222222222222 0.08888888888888889
0 0.44583333333333336 0.5166666666666667 0.10277777777777777 0.08333333333333333
0 0.6465277777777778 0.5076388888888889 0.10416666666666667 0.10138888888888889
0 0.7111111111111111 0.27847222222222223 0.05277777777777778 0.08194444444444444
0 0.22777777777777777 0.1673611111111111 0.08125 0.09097222222222222
0 0.3090277777777778 0.47638888888888886 0.06944444444444445 0.08888888888888889
0 0.6347222222222222 0.22013888888888888 0.06458333333333334 0.06388888888888888
0 0.1798611111111111 0.18819444444444444 0.12569444444444444 0.09444444444444444
0 0.86875 0.26944444444444443 0.25972222222222224 0.5388888888888889
0 0.10694444444444444 0.9673611111111111 0.10833333333333334 0.0625
0 0.5972222222222222 0.9013888888888889 0.06388888888888888 0.0798611111111111
0 0.6638888888888889 0.8604166666666667 0.09583333333333334 0.0763888888888889
0 0.2590277777777778 0.9152777777777777 0.04097222222222222 0.06180555555555556
0 0.6895833333333333 0.7743055555555556 0.08125 0.07708333333333334
0 0.2972222222222222 0.7305555555555555 0.05138888888888889 0.04791666666666667
0 0.5333333333333333 0.7618055555555555 0.05277777777777778 0.05763888888888889
0 0.3763888888888889 0.8652777777777778 0.058333333333333334 0.04583333333333333
0 0.3680555555555556 0.7069444444444445 0.02361111111111111 0.034722222222222224
0 0.18125 0.9354166666666667 0.08541666666666667 0.08263888888888889
0 0.30486111111111114 0.9763888888888889 0.04027777777777778 0.044444444444444446
0 0.05486111111111111 0.86875 0.075 0.07152777777777777
0 0.19305555555555556 0.6743055555555556 0.07916666666666666 0.12222222222222222
0 0.1111111111111111 0.9138888888888889 0.030555555555555555 0.03125
0 0.12361111111111112 0.8909722222222223 0.059722222222222225 0.025
0 0.6395833333333333 0.975 0.025 0.027083333333333334
0 0.6743055555555556 0.9229166666666667 0.06180555555555556 0.04861111111111111
0 0.7215277777777778 0.8597222222222223 0.03194444444444444 0.06111111111111111
0 0.6833333333333333 0.6451388888888889 0.052083333333333336 0.03611111111111111
0 0.6305555555555555 0.7381944444444445 0.04722222222222222 0.04861111111111111
0 0.44375 0.6833333333333333 0.03333333333333333 0.024305555555555556
0 0.5173611111111112 0.7090277777777778 0.03194444444444444 0.05416666666666667
0 0.4375 0.7472222222222222 0.024305555555555556 0.034027777777777775
0 0.4951388888888889 0.7423611111111111 0.04097222222222222 0.05347222222222222
0 0.26666666666666666 0.7604166666666666 0.029166666666666667 0.030555555555555555
0 0.07777777777777778 0.9125 0.03958333333333333 0.034722222222222224
0 0.13541666666666666 0.9208333333333333 0.044444444444444446 0.03611111111111111
0 0.05 0.9451388888888889 0.06875 0.0875
0 0.29097222222222224 0.8319444444444445 0.09027777777777778 0.059027777777777776
0 0.38472222222222224 0.7826388888888889 0.035416666666666666 0.029861111111111113
0 0.5381944444444444 0.7916666666666666 0.03263888888888889 0.02847222222222222
0 0.5256944444444445 0.8291666666666667 0.05555555555555555 0.05277777777777778
0 0.42291666666666666 0.8625 0.03333333333333333 0.027083333333333334
0 0.5458333333333333 0.9145833333333333 0.022222222222222223 0.044444444444444446
0 0.7013888888888888 0.9041666666666667 0.03333333333333333 0.03958333333333333
0 0.725 0.8923611111111112 0.025 0.05138888888888889
0 0.5805555555555556 0.8680555555555556 0.06041666666666667 0.1
0 0.3 0.9277777777777778 0.04097222222222222 0.059722222222222225
0 0.3375 0.9763888888888889 0.041666666666666664 0.044444444444444446
0 0.2375 0.8125 0.08333333333333333 0.06597222222222222
0 0.38680555555555557 0.9618055555555556 0.03333333333333333 0.027777777777777776
0 0.7201388888888889 0.9319444444444445 0.034722222222222224 0.05277777777777778
0 0.6034722222222222 0.9652777777777778 0.049305555555555554 0.05555555555555555
0 0.5826388888888889 0.6881944444444444 0.07152777777777777 0.05277777777777778
0 0.21666666666666667 0.8777777777777778 0.06527777777777778 0.10694444444444444
0 0.6840277777777778 0.9645833333333333 0.06527777777777778 0.06805555555555555
0 0.1486111111111111 0.8423611111111111 0.05416666666666667 0.07083333333333333
0 0.15555555555555556 0.98125 0.09444444444444444 0.034722222222222224
0 0.41805555555555557 0.9069444444444444 0.05763888888888889 0.04097222222222222
0 0.33125 0.8736111111111111 0.04375 0.04097222222222222
0 0.3326388888888889 0.9138888888888889 0.025694444444444443 0.03888888888888889
0 0.23958333333333334 0.975 0.041666666666666664 0.03680555555555556
0 0.42916666666666664 0.9513888888888888 0.050694444444444445 0.06388888888888888
0 0.5736111111111111 0.9895833333333334 0.04722222222222222 0.018055555555555554
0 0.5513888888888889 0.9847222222222223 0.03888888888888889 0.02847222222222222
0 0.5743055555555555 0.95625 0.016666666666666666 0.04097222222222222
0 0.6305555555555555 0.9527777777777777 0.03611111111111111 0.03611111111111111
0 0.85625 0.8097222222222222 0.23472222222222222 0.37777777777777777
0 0.89375 0.8125 0.20972222222222223 0.37222222222222223
0 0.7722222222222223 0.7840277777777778 0.06666666666666667 0.42916666666666664
0 0.86875 0.675 0.25972222222222224 0.23055555555555557