0 0.49166666666666664 0.041666666666666664 0.09166666666666666 0.08333333333333333
0 0.02638888888888889 0.48541666666666666 0.05277777777777778 0.04583333333333333
0 0.1375 0.4444444444444444 0.10902777777777778 0.11388888888888889
0 0.2847222222222222 0.4701388888888889 0.10833333333333334 0.0763888888888889
0 0.016666666666666666 0.18263888888888888 0.03333333333333333 0.05694444444444444
0 0.10486111111111111 0.2826388888888889 0.07222222222222222 0.07430555555555556
0 0.24861111111111112 0.2791666666666667 0.10208333333333333 0.08680555555555555
0 0.30416666666666664 0.09305555555555556 0.05625 0.13541666666666666
0 0.37222222222222223 0.2222222222222222 0.035416666666666666 0.05416666666666667
0 0.32013888888888886 0.21388888888888888 0.03611111111111111 0.027083333333333334
0 0.3368055555555556 0.17916666666666667 0.0625 0.08125
0 0.4222222222222222 0.4048611111111111 0.17291666666666666 0.20069444444444445
0 0.32222222222222224 0.3451388888888889 0.0375 0.0375
0 0.41041666666666665 0.28402777777777777 0.08263888888888889 0.10069444444444445
0 0.06805555555555555 0.4930555555555556 0.12777777777777777 0.030555555555555555
0 0.4701388888888889 0.22152777777777777 0.13472222222222222 0.44305555555555554
0 0.2659722222222222 0.41041666666666665 0.06319444444444444 0.06736111111111111
0 0.6805555555555556 0.27569444444444446 0.1486111111111111 0.35694444444444445
0 0.7326388888888888 0.09375 0.31527777777777777 0.1875
0 0.8694444444444445 0.1798611111111111 0.25833333333333336 0.3597222222222222
0 0.5861111111111111 0.25416666666666665 0.09444444444444444 0.5083333333333333
0 0.9763888888888889 0.39444444444444443 0.044444444444444446 0.22777777777777777
0 0.80625 0.41388888888888886 0.3736111111111111 0.18888888888888888
0 0.26875 0.7541666666666667 0.5375 0.4888888888888889
0 0.05416666666666667 0.7791666666666667 0.10833333333333334 0.4388888888888889
0 0.26875 0.7013888888888888 0.5375 0.38333333333333336
0 0.5666666666666667 0.6875 0.05555555555555555 0.05277777777777778
0 0.7340277777777777 0.7625 0.06805555555555555 0.06111111111111111
0 0.71875 0.5222222222222223 0.034722222222222224 0.025
0 0.6243055555555556 0.6083333333333333 0.08194444444444444 0.0875
0 0.5625 0.5645833333333333 0.04375 0.043055555555555555
0 0.8145833333333333 0.6875 0.03888888888888889 0.05486111111111111
0 0.8069444444444445 0.6555555555555556 0.03819444444444445 0.03819444444444445
0 0.9298611111111111 0.9027777777777778 0.0763888888888889 0.06666666666666667
0 0.8638888888888889 0.8638888888888889 0.0875 0.06875
0 0.6902777777777778 0.575 0.05138888888888889 0.0375
0 0.9881944444444445 0.9013888888888889 0.020833333333333332 0.08055555555555556
0 0.7881944444444444 0.7076388888888889 0.06111111111111111 0.08680555555555555
0 0.5840277777777778 0.7847222222222222 0.09027777777777778 0.10277777777777777
0 0.7597222222222222 0.6444444444444445 0.04027777777777778 0.0875
0 0.8513888888888889 0.7472222222222222 0.03958333333333333 0.03819444444444445
0 0.6319444444444444 0.5222222222222223 0.06111111111111111 0.025
0 0.5541666666666667 0.53125 0.030555555555555555 0.043055555555555555
0 0.5597222222222222 0.8506944444444444 0.041666666666666664 0.12083333333333333
0 0.6645833333333333 0.8277777777777777 0.12291666666666666 0.11458333333333333
0 0.5576388888888889 0.6229166666666667 0.0375 0.0763888888888889
0 0.7 0.6159722222222223 0.06527777777777778 0.05763888888888889
0 0.9034722222222222 0.7118055555555556 0.07361111111111111 0.0625
0 0.95625 0.7222222222222222 0.05 0.05138888888888889
0 0.5861111111111111 0.7270833333333333 0.09444444444444444 0.06527777777777778
0 0.79375 0.7680555555555556 0.07847222222222222 0.05625
0 0.6798611111111111 0.7305555555555555 0.07361111111111111 0.08402777777777778
0 0.6388888888888888 0.6673611111111111 0.05694444444444444 0.08472222222222223
0 0.7534722222222222 0.5902777777777778 0.05763888888888889 0.07291666666666667
0 0.8006944444444445 0.5194444444444445 0.05138888888888889 0.019444444444444445
0 0.5902777777777778 0.8798611111111111 0.05138888888888889 0.06458333333333334
0 0.9625 0.6895833333333333 0.07222222222222222 0.06527777777777778