0 0.5701388888888889 0.07222222222222222 0.0763888888888889 0.14166666666666666
0 0.5215277777777778 0.03194444444444444 0.08194444444444444 0.06388888888888888
0 0.025 0.10694444444444444 0.05 0.09166666666666666
0 0.15 0.1597222222222222 0.044444444444444446 0.06458333333333334
0 0.18958333333333333 0.16458333333333333 0.04652777777777778 0.04375
0 0.08819444444444445 0.5354166666666667 0.12916666666666668 0.10416666666666667
0 0.33958333333333335 0.22847222222222222 0.12291666666666666 0.10208333333333333
0 0.39375 0.10902777777777778 0.10833333333333334 0.10347222222222222
0 0.21180555555555555 0.059722222222222225 0.059027777777777776 0.04513888888888889
0 0.25277777777777777 0.06527777777777778 0.03958333333333333 0.04791666666666667
0 0.04791666666666667 0.03125 0.059722222222222225 0.0625
0 0.08541666666666667 0.36944444444444446 0.12986111111111112 0.07916666666666666
0 0.05138888888888889 0.4201388888888889 0.08958333333333333 0.06875
0 0.31875 0.56875 0.0625 0.0375
0 0.12569444444444444 0.45555555555555555 0.050694444444444445 0.049305555555555554
0 0.4125 0.27708333333333335 0.03263888888888889 0.034722222222222224
0 0.45416666666666666 0.3854166666666667 0.03333333333333333 0.052083333333333336
0 0.4097222222222222 0.40069444444444446 0.058333333333333334 0.10902777777777778
0 0.49027777777777776 0.11597222222222223 0.07708333333333334 0.06319444444444444
0 0.36875 0.2951388888888889 0.03888888888888889 0.03819444444444445
0 0.48333333333333334 0.5298611111111111 0.05416666666666667 0.059027777777777776
0 0.37777777777777777 0.5277777777777778 0.07291666666666667 0.06527777777777778
0 0.5625 0.5402777777777777 0.05555555555555555 0.049305555555555554
0 0.2513888888888889 0.13819444444444445 0.059027777777777776 0.04861111111111111
0 0.5416666666666666 0.38333333333333336 0.09722222222222222 0.09097222222222222
0 0.3909722222222222 0.5659722222222222 0.09861111111111111 0.043055555555555555
0 0.30972222222222223 0.3076388888888889 0.07916666666666666 0.09236111111111112
0 0.3020833333333333 0.15416666666666667 0.059722222222222225 0.04791666666666667
0 0.19930555555555557 0.4527777777777778 0.14652777777777778 0.2048611111111111
0 0.31319444444444444 0.07222222222222222 0.07013888888888889 0.06875
0 0.3597222222222222 0.1597222222222222 0.04861111111111111 0.052083333333333336
0 0.5395833333333333 0.30972222222222223 0.04791666666666667 0.044444444444444446
0 0.3506944444444444 0.5069444444444444 0.059027777777777776 0.058333333333333334
0 0.27847222222222223 0.5229166666666667 0.09027777777777778 0.10486111111111111
0 0.5069444444444444 0.3020833333333333 0.04722222222222222 0.06388888888888888
0 0.09513888888888888 0.2625 0.06875 0.09444444444444444
0 0.02013888888888889 0.3145833333333333 0.04027777777777778 0.05694444444444444
0 0.21666666666666667 0.5590277777777778 0.06388888888888888 0.05694444444444444
0 0.18125 0.37222222222222223 0.02847222222222222 0.04791666666666667
0 0.2916666666666667 0.4222222222222222 0.04791666666666667 0.0625
0 0.4777777777777778 0.06805555555555555 0.05 0.04861111111111111
0 0.6548611111111111 0.49722222222222223 0.09027777777777778 0.18055555555555555
0 0.8527777777777777 0.40555555555555556 0.26319444444444445 0.29930555555555555
0 0.6416666666666667 0.3472222222222222 0.06388888888888888 0.12222222222222222
0 0.8854166666666666 0.18958333333333333 0.06458333333333334 0.07569444444444444
0 0.6326388888888889 0.19375 0.04583333333333333 0.0875
0 0.9118055555555555 0.29375 0.08472222222222223 0.09236111111111112
0 0.7006944444444444 0.10416666666666667 0.07847222222222222 0.11805555555555555
0 0.8055555555555556 0.22361111111111112 0.0625 0.05555555555555555
0 0.7951388888888888 0.15694444444444444 0.09305555555555556 0.08611111111111111
0 0.9472222222222222 0.03888888888888889 0.10277777777777777 0.07777777777777778
0 0.9861111111111112 0.18680555555555556 0.025 0.10138888888888889
0 0.69375 0.2625 0.06111111111111111 0.08680555555555555
0 0.6631944444444444 0.18888888888888888 0.07152777777777777 0.09444444444444444
0 0.6701388888888888 0.04652777777777778 0.09861111111111111 0.09305555555555556
0 0.6520833333333333 0.3125 0.049305555555555554 0.03611111111111111
0 0.6284722222222222 0.2708333333333333 0.0375 0.075
0 0.875 0.5708333333333333 0.11666666666666667 0.03333333333333333
0 0.08055555555555556 0.6375 0.16111111111111112 0.09722222222222222
0 0.41597222222222224 0.6993055555555555 0.38472222222222224 0.22083333333333333
0 0.22430555555555556 0.8555555555555555 0.3125 0.23402777777777778
0 0.14375 0.6722222222222223 0.1638888888888889 0.1597222222222222
0 0.8708333333333333 0.9166666666666666 0.05138888888888889 0.044444444444444446
0 0.9256944444444445 0.9659722222222222 0.043055555555555555 0.050694444444444445
0 0.9118055555555555 0.9326388888888889 0.03611111111111111 0.04236111111111111
0 0.86875 0.9451388888888889 0.025694444444444443 0.03194444444444444
0 0.9708333333333333 0.7354166666666667 0.03680555555555556 0.0375
0 0.7173611111111111 0.7770833333333333 0.10208333333333333 0.11805555555555555
0 0.6243055555555556 0.7909722222222222 0.029166666666666667 0.05138888888888889
0 0.6326388888888889 0.8763888888888889 0.04583333333333333 0.1388888888888889
0 0.9555555555555556 0.7944444444444444 0.05555555555555555 0.04236111111111111
0 0.7784722222222222 0.8111111111111111 0.07361111111111111 0.08263888888888889
0 0.8680555555555556 0.9847222222222223 0.044444444444444446 0.027777777777777776
0 0.7277777777777777 0.9229166666666667 0.04375 0.03333333333333333
0 0.9875 0.84375 0.022222222222222223 0.04861111111111111
0 0.95625 0.9840277777777777 0.07361111111111111 0.029166666666666667
0 0.9 0.9673611111111111 0.029861111111111113 0.030555555555555555
0 0.9034722222222222 0.9902777777777778 0.05138888888888889 0.016666666666666666
0 0.9763888888888889 0.9541666666666667 0.044444444444444446 0.06111111111111111
0 0.9840277777777777 0.9270833333333334 0.029166666666666667 0.06527777777777778
0 0.7798611111111111 0.9784722222222222 0.0763888888888889 0.04027777777777778
0 0.9201388888888888 0.85 0.050694444444444445 0.06041666666666667