0 0.11527777777777778 0.3368055555555556 0.052083333333333336 0.04583333333333333
0 0.2902777777777778 0.3548611111111111 0.059722222222222225 0.06527777777777778
0 0.3486111111111111 0.19722222222222222 0.18055555555555555 0.15416666666666667
0 0.03958333333333333 0.20694444444444443 0.07916666666666666 0.13055555555555556
0 0.12569444444444444 0.4388888888888889 0.19027777777777777 0.1388888888888889
0 0.3798611111111111 0.050694444444444445 0.05 0.07361111111111111
0 0.3138888888888889 0.03333333333333333 0.09722222222222222 0.06666666666666667
0 0.33819444444444446 0.34375 0.05277777777777778 0.05277777777777778
0 0.32708333333333334 0.28125 0.04513888888888889 0.050694444444444445
0 0.25277777777777777 0.30972222222222223 0.058333333333333334 0.03819444444444445
0 0.28541666666666665 0.4986111111111111 0.12083333333333333 0.019444444444444445
0 0.2388888888888889 0.16944444444444445 0.07013888888888889 0.050694444444444445
0 0.15069444444444444 0.13125 0.07430555555555556 0.059027777777777776
0 0.0875 0.1326388888888889 0.06805555555555555 0.0375
0 0.4076388888888889 0.29930555555555555 0.06041666666666667 0.059027777777777776
0 0.3770833333333333 0.12638888888888888 0.12152777777777778 0.09375
0 0.10208333333333333 0.04583333333333333 0.04652777777777778 0.05416666666666667
0 0.2423611111111111 0.23819444444444443 0.1111111111111111 0.10069444444444445
0 0.0375 0.035416666666666666 0.06111111111111111 0.07083333333333333
0 0.2361111111111111 0.010416666666666666 0.06111111111111111 0.020833333333333332
0 0.07361111111111111 0.18472222222222223 0.11180555555555556 0.09861111111111111
0 0.31527777777777777 0.08263888888888889 0.10486111111111111 0.09027777777777778
0 0.9381944444444444 0.4673611111111111 0.12083333333333333 0.08194444444444444
0 0.9777777777777777 0.08680555555555555 0.041666666666666664 0.14583333333333334
0 0.8715277777777778 0.02847222222222222 0.11527777777777778 0.05694444444444444
0 0.5465277777777777 0.041666666666666664 0.12916666666666668 0.08333333333333333
0 0.48194444444444445 0.4375 0.06388888888888888 0.10833333333333334
0 0.5111111111111111 0.4722222222222222 0.08888888888888889 0.07222222222222222
0 0.5243055555555556 0.40069444444444446 0.0625 0.07083333333333333
0 0.6215277777777778 0.08055555555555556 0.034027777777777775 0.03611111111111111
0 0.6659722222222222 0.19305555555555556 0.034722222222222224 0.05416666666666667
0 0.61875 0.20902777777777778 0.06111111111111111 0.11319444444444444
0 0.5763888888888888 0.09861111111111111 0.04097222222222222 0.03958333333333333
0 0.6958333333333333 0.34375 0.05625 0.06180555555555556
0 0.5854166666666667 0.3416666666666667 0.0763888888888889 0.06805555555555555
0 0.7784722222222222 0.3548611111111111 0.05763888888888889 0.05138888888888889
0 0.5291666666666667 0.4951388888888889 0.1111111111111111 0.02638888888888889
0 0.75625 0.1909722222222222 0.10138888888888889 0.09513888888888888
0 0.8534722222222222 0.25277777777777777 0.07430555555555556 0.08541666666666667
0 0.8777777777777778 0.04722222222222222 0.06736111111111111 0.05347222222222222
0 0.5993055555555555 0.41805555555555557 0.10208333333333333 0.11736111111111111
0 0.5152777777777777 0.1125 0.08263888888888889 0.09583333333333334
0 0.7548611111111111 0.11388888888888889 0.05 0.04652777777777778
0 0.5569444444444445 0.32013888888888886 0.06111111111111111 0.06111111111111111
0 0.49027777777777776 0.3368055555555556 0.08055555555555556 0.10972222222222222
0 0.93125 0.1625 0.13472222222222222 0.1638888888888889
0 0.7208333333333333 0.10625 0.04861111111111111 0.06666666666666667
0 0.9319444444444445 0.050694444444444445 0.052083333333333336 0.07222222222222222
0 0.49583333333333335 0.23194444444444445 0.05 0.06527777777777778
0 0.4 0.6 0.06319444444444444 0.0763888888888889
0 0.14583333333333334 0.6680555555555555 0.044444444444444446 0.059722222222222225
0 0.035416666666666666 0.9055555555555556 0.07083333333333333 0.18611111111111112
0 0.3173611111111111 0.9159722222222222 0.2625 0.16527777777777777
0 0.4236111111111111 0.5388888888888889 0.05 0.058333333333333334
0 0.23125 0.8666666666666667 0.1326388888888889 0.1798611111111111
0 0.021527777777777778 0.6097222222222223 0.043055555555555555 0.18333333333333332
0 0.37430555555555556 0.8215277777777777 0.1486111111111111 0.14305555555555555
0 0.03263888888888889 0.5284722222222222 0.06527777777777778 0.0375
0 0.10555555555555556 0.7125 0.15625 0.11388888888888889
0 0.43819444444444444 0.6534722222222222 0.020833333333333332 0.0625
0 0.2722222222222222 0.6013888888888889 0.06388888888888888 0.06736111111111111
0 0.13333333333333333 0.5319444444444444 0.058333333333333334 0.044444444444444446
0 0.18958333333333333 0.5298611111111111 0.07083333333333333 0.04027777777777778
0 0.16111111111111112 0.6104166666666667 0.07361111111111111 0.08958333333333333
0 0.20625 0.6652777777777777 0.09444444444444444 0.13194444444444445
0 0.3055555555555556 0.5548611111111111 0.18611111111111112 0.09027777777777778
0 0.3951388888888889 0.7034722222222223 0.10694444444444444 0.14583333333333334
0 0.09097222222222222 0.6173611111111111 0.07777777777777778 0.08541666666666667
0 0.12430555555555556 0.9236111111111112 0.18472222222222223 0.15
0 0.034722222222222224 0.5722222222222222 0.06944444444444445 0.125
0 0.9888888888888889 0.8423611111111111 0.019444444444444445 0.059722222222222225
0 0.9625 0.7847222222222222 0.06805555555555555 0.05277777777777778
0 0.8277777777777777 0.8625 0.04375 0.07847222222222222
0 0.7361111111111112 0.9180555555555555 0.21388888888888888 0.16111111111111112
0 0.6638888888888889 0.8208333333333333 0.15694444444444444 0.22569444444444445
0 0.9777777777777777 0.6618055555555555 0.041666666666666664 0.08472222222222223
0 0.48055555555555557 0.7666666666666667 0.06111111111111111 0.18333333333333332
0 0.8145833333333333 0.6305555555555555 0.11388888888888889 0.125
0 0.8111111111111111 0.5861111111111111 0.059722222222222225 0.052083333333333336
0 0.9034722222222222 0.8493055555555555 0.07916666666666666 0.0763888888888889
0 0.7840277777777778 0.5534722222222223 0.12638888888888888 0.0875
0 0.48055555555555557 0.9256944444444445 0.06111111111111111 0.14583333333333334
0 0.7881944444444444 0.9722222222222222 0.10972222222222222 0.05277777777777778
0 0.85625 0.9506944444444444 0.059722222222222225 0.09583333333333334
0 0.5354166666666667 0.9020833333333333 0.1361111111111111 0.1486111111111111
0 0.5715277777777777 0.9736111111111111 0.07916666666666666 0.05
0 0.9069444444444444 0.7388888888888889 0.12777777777777777 0.10555555555555556
0 0.8722222222222222 0.7993055555555556 0.07916666666666666 0.043055555555555555
0 0.69375 0.9791666666666666 0.08472222222222223 0.03888888888888889
0 0.8736111111111111 0.8770833333333333 0.05625 0.05763888888888889
0 0.6131944444444445 0.65625 0.3263888888888889 0.29305555555555557