0 0.40694444444444444 0.21944444444444444 0.07777777777777778 0.05138888888888889
0 0.4041666666666667 0.33194444444444443 0.09027777777777778 0.09027777777777778
0 0.2881944444444444 0.4423611111111111 0.20416666666666666 0.05138888888888889
0 0.33611111111111114 0.20833333333333334 0.07222222222222222 0.08194444444444444
0 0.25763888888888886 0.1763888888888889 0.07291666666666667 0.07083333333333333
0 0.3715277777777778 0.07916666666666666 0.06180555555555556 0.07361111111111111
0 0.11527777777777778 0.1763888888888889 0.08958333333333333 0.08263888888888889
0 0.44583333333333336 0.1451388888888889 0.075 0.07916666666666666
0 0.025694444444444443 0.19583333333333333 0.05138888888888889 0.08888888888888889
0 0.46111111111111114 0.059722222222222225 0.07916666666666666 0.06875
0 0.43819444444444444 0.009722222222222222 0.05694444444444444 0.019444444444444445
0 0.18958333333333333 0.09166666666666666 0.05347222222222222 0.06041666666666667
0 0.47291666666666665 0.21666666666666667 0.07083333333333333 0.06666666666666667
0 0.39861111111111114 0.44166666666666665 0.09166666666666666 0.05277777777777778
0 0.48819444444444443 0.38958333333333334 0.04027777777777778 0.09583333333333334
0 0.3333333333333333 0.3138888888888889 0.06805555555555555 0.06111111111111111
0 0.06805555555555555 0.40625 0.06944444444444445 0.05694444444444444
0 0.4305555555555556 0.08958333333333333 0.06458333333333334 0.06458333333333334
0 0.06180555555555556 0.26180555555555557 0.10694444444444444 0.09027777777777778
0 0.2534722222222222 0.10208333333333333 0.07361111111111111 0.07152777777777777
0 0.36666666666666664 0.27361111111111114 0.04722222222222222 0.05416666666666667
0 0.19791666666666666 0.3090277777777778 0.14652777777777778 0.23541666666666666
0 0.16111111111111112 0.3875 0.06180555555555556 0.07847222222222222
0 0.3576388888888889 0.3875 0.10277777777777777 0.08263888888888889
0 0.4222222222222222 0.26944444444444443 0.07916666666666666 0.06111111111111111
0 0.19375 0.8138888888888889 0.04583333333333333 0.059722222222222225
0 0.15347222222222223 0.7555555555555555 0.06944444444444445 0.05347222222222222
0 0.02013888888888889 0.8347222222222223 0.04027777777777778 0.08055555555555556
0 0.22083333333333333 0.6986111111111111 0.06041666666666667 0.06944444444444445
0 0.21319444444444444 0.63125 0.12916666666666668 0.08472222222222223
0 0.28194444444444444 0.6798611111111111 0.07916666666666666 0.08125
0 0.35347222222222224 0.5527777777777778 0.10208333333333333 0.16041666666666668
0 0.19583333333333333 0.9625 0.2111111111111111 0.07222222222222222
0 0.03125 0.6 0.0625 0.12777777777777777
0 0.01597222222222222 0.5548611111111111 0.03194444444444444 0.05416666666666667
0 0.09375 0.8208333333333333 0.08055555555555556 0.07708333333333334
0 0.37083333333333335 0.7993055555555556 0.11805555555555555 0.10555555555555556
0 0.36666666666666664 0.7222222222222222 0.2375 0.1451388888888889
0 0.48541666666666666 0.7402777777777778 0.04583333333333333 0.08333333333333333
0 0.4965277777777778 0.6625 0.02361111111111111 0.1
0 0.01597222222222222 0.9541666666666667 0.03194444444444444 0.07222222222222222
0 0.04513888888888889 0.9305555555555556 0.059027777777777776 0.1111111111111111
0 0.09722222222222222 0.7090277777777778 0.12916666666666668 0.10694444444444444
0 0.06180555555555556 0.7708333333333334 0.08055555555555556 0.043055555555555555
0 0.06319444444444444 0.8486111111111111 0.05694444444444444 0.058333333333333334
0 0.2361111111111111 0.8208333333333333 0.04236111111111111 0.04791666666666667
0 0.4013888888888889 0.9097222222222222 0.21388888888888888 0.17777777777777778
0 0.2375 0.9166666666666666 0.06736111111111111 0.07847222222222222
0 0.9138888888888889 0.9270833333333334 0.16944444444444445 0.14305555555555555
0 0.675 0.9416666666666667 0.25833333333333336 0.11388888888888889
0 0.5548611111111111 0.7180555555555556 0.09027777777777778 0.2361111111111111
0 0.8090277777777778 0.7111111111111111 0.08055555555555556 0.09583333333333334
0 0.7875 0.6284722222222222 0.1701388888888889 0.10902777777777778
0 0.9791666666666666 0.6798611111111111 0.03888888888888889 0.06527777777777778
0 0.8881944444444444 0.5451388888888888 0.06666666666666667 0.07222222222222222
0 0.6715277777777777 0.7777777777777778 0.08125 0.10486111111111111
0 0.9444444444444444 0.6013888888888889 0.10833333333333334 0.13055555555555556
0 0.5395833333333333 0.5763888888888888 0.059722222222222225 0.08333333333333333
0 0.8722222222222222 0.4791666666666667 0.06944444444444445 0.019444444444444445
0 0.5430555555555555 0.9118055555555555 0.06666666666666667 0.1736111111111111
0 0.6097222222222223 0.6423611111111112 0.05416666666666667 0.06805555555555555
0 0.7534722222222222 0.7458333333333333 0.06319444444444444 0.0875
0 0.9472222222222222 0.7819444444444444 0.10277777777777777 0.14722222222222223
0 0.7236111111111111 0.6590277777777778 0.10208333333333333 0.0875
0 0.6756944444444445 0.5631944444444444 0.12222222222222222 0.08263888888888889
0 0.7048611111111112 0.8861111111111111 0.19375 0.11041666666666666
0 0.7354166666666667 0.5416666666666666 0.06111111111111111 0.07013888888888889
0 0.8138888888888889 0.5131944444444444 0.034722222222222224 0.06319444444444444
0 0.9743055555555555 0.48333333333333334 0.04861111111111111 0.027777777777777776
0 0.8756944444444444 0.675 0.05625 0.11736111111111111
0 0.5854166666666667 0.5277777777777778 0.07222222222222222 0.05486111111111111
0 0.5222222222222223 0.5548611111111111 0.025 0.043055555555555555
0 0.8305555555555556 0.8076388888888889 0.12638888888888888 0.11597222222222223