0 0.2902777777777778 0.26458333333333334 0.05555555555555555 0.19027777777777777
0 0.12361111111111112 0.050694444444444445 0.07916666666666666 0.05763888888888889
0 0.15 0.09097222222222222 0.05763888888888889 0.06666666666666667
0 0.09097222222222222 0.3055555555555556 0.07430555555555556 0.08402777777777778
0 0.06388888888888888 0.1361111111111111 0.04861111111111111 0.044444444444444446
0 0.03680555555555556 0.28125 0.07361111111111111 0.14027777777777778
0 0.2861111111111111 0.007638888888888889 0.06388888888888888 0.015277777777777777
0 0.06319444444444444 0.2076388888888889 0.12638888888888888 0.06527777777777778
0 0.1076388888888889 0.3951388888888889 0.04791666666666667 0.10208333333333333
0 0.027777777777777776 0.019444444444444445 0.05555555555555555 0.03888888888888889
0 0.034027777777777775 0.15 0.06805555555555555 0.09722222222222222
0 0.22083333333333333 0.37777777777777777 0.19444444444444445 0.24166666666666667
0 0.05486111111111111 0.4 0.059722222222222225 0.13402777777777777
0 0.7590277777777777 0.4326388888888889 0.16041666666666668 0.10555555555555556
0 0.8208333333333333 0.16527777777777777 0.35555555555555557 0.33055555555555555
0 0.40694444444444444 0.42083333333333334 0.175 0.15555555555555556
0 0.6993055555555555 0.3701388888888889 0.20972222222222223 0.1326388888888889
0 0.5131944444444444 0.13125 0.3875 0.2625
0 0.20416666666666666 0.6895833333333333 0.22777777777777777 0.37916666666666665
0 0.06458333333333334 0.7472222222222222 0.12916666666666668 0.49444444444444446
0 0.18125 0.8708333333333333 0.22361111111111112 0.25555555555555554
0 0.73125 0.7909722222222222 0.5347222222222222 0.4152777777777778
0 0.9173611111111111 0.53125 0.1625 0.0625
0 0.42083333333333334 0.5909722222222222 0.20277777777777778 0.18194444444444444
0 0.3958333333333333 0.6930555555555555 0.14097222222222222 0.12361111111111112
0 0.48333333333333334 0.8534722222222222 0.3277777777777778 0.2902777777777778