0 0.18055555555555555 0.1875 0.10902777777777778 0.10347222222222222
0 0.5013888888888889 0.1284722222222222 0.07222222222222222 0.05694444444444444
0 0.33055555555555555 0.22777777777777777 0.17916666666666667 0.10972222222222222
0 0.2111111111111111 0.2743055555555556 0.06944444444444445 0.08194444444444444
0 0.09722222222222222 0.3284722222222222 0.08333333333333333 0.1375
0 0.2951388888888889 0.016666666666666666 0.10138888888888889 0.03333333333333333
0 0.3541666666666667 0.12986111111111112 0.12222222222222222 0.11319444444444444
0 0.24305555555555555 0.0763888888888889 0.05694444444444444 0.06041666666666667
0 0.2 0.09652777777777778 0.06527777777777778 0.08611111111111111
0 0.2361111111111111 0.15902777777777777 0.06736111111111111 0.11527777777777778
0 0.4722222222222222 0.175 0.13055555555555556 0.17777777777777778
0 0.41388888888888886 0.05347222222222222 0.12986111111111112 0.06597222222222222
0 0.5173611111111112 0.28125 0.04027777777777778 0.1597222222222222
0 0.12638888888888888 0.41875 0.1361111111111111 0.1076388888888889
0 0.06319444444444444 0.059722222222222225 0.10416666666666667 0.11944444444444445
0 0.31180555555555556 0.3576388888888889 0.29097222222222224 0.14652777777777778
0 0.08958333333333333 0.14652777777777778 0.12291666666666666 0.05763888888888889
0 0.02847222222222222 0.24791666666666667 0.05694444444444444 0.12916666666666668
0 0.08194444444444444 0.18194444444444444 0.07152777777777777 0.06388888888888888
0 0.2722222222222222 0.4375 0.07777777777777778 0.1
0 0.23125 0.029861111111111113 0.09583333333333334 0.059722222222222225
0 0.3659722222222222 0.029861111111111113 0.09583333333333334 0.059722222222222225
0 0.1423611111111111 0.04583333333333333 0.08194444444444444 0.09166666666666666
0 0.08819444444444445 0.2465277777777778 0.08541666666666667 0.06944444444444445
0 0.7847222222222222 0.41458333333333336 0.36944444444444446 0.14583333333333334
0 0.6402777777777777 0.08680555555555555 0.18055555555555555 0.1736111111111111
0 0.85625 0.2125 0.2847222222222222 0.425
0 0.6263888888888889 0.31527777777777777 0.175 0.34444444444444444
0 0.39861111111111114 0.74375 0.2777777777777778 0.5097222222222222
0 0.07430555555555556 0.5965277777777778 0.1486111111111111 0.2152777777777778
0 0.2513888888888889 0.6034722222222222 0.21666666666666667 0.22916666666666666
0 0.17291666666666666 0.8652777777777778 0.2847222222222222 0.26666666666666666
0 0.7166666666666667 0.5958333333333333 0.0375 0.08194444444444444
0 0.9805555555555555 0.8708333333333333 0.03611111111111111 0.09722222222222222
0 0.9319444444444445 0.6847222222222222 0.13333333333333333 0.24444444444444444
0 0.9333333333333333 0.5381944444444444 0.13055555555555556 0.09861111111111111
0 0.59375 0.7638888888888888 0.10972222222222222 0.10555555555555556
0 0.8020833333333334 0.6611111111111111 0.04791666666666667 0.09305555555555556
0 0.9777777777777777 0.9854166666666667 0.041666666666666664 0.02638888888888889
0 0.9930555555555556 0.9444444444444444 0.011111111111111112 0.075
0 0.7729166666666667 0.8131944444444444 0.05625 0.07916666666666666
0 0.8534722222222222 0.8743055555555556 0.049305555555555554 0.07916666666666666
0 0.5708333333333333 0.6284722222222222 0.06388888888888888 0.10138888888888889
0 0.7006944444444444 0.6659722222222222 0.09166666666666666 0.05347222222222222
0 0.6805555555555556 0.6131944444444445 0.030555555555555555 0.058333333333333334
0 0.9263888888888889 0.9715277777777778 0.049305555555555554 0.052083333333333336
0 0.8368055555555556 0.7298611111111111 0.10625 0.14166666666666666
0 0.6430555555555556 0.9743055555555555 0.06388888888888888 0.04861111111111111
0 0.7013888888888888 0.5159722222222223 0.05555555555555555 0.05416666666666667
0 0.9402777777777778 0.8527777777777777 0.11666666666666667 0.09444444444444444
0 0.7715277777777778 0.8895833333333333 0.049305555555555554 0.07777777777777778
0 0.7270833333333333 0.8534722222222222 0.034722222222222224 0.05
0 0.8055555555555556 0.5208333333333334 0.075 0.06388888888888888
0 0.6388888888888888 0.7229166666666667 0.05555555555555555 0.06527777777777778
0 0.7638888888888888 0.7388888888888889 0.05416666666666667 0.06736111111111111