0 0.28402777777777777 0.035416666666666666 0.07916666666666666 0.07083333333333333
0 0.6395833333333333 0.2013888888888889 0.05694444444444444 0.15833333333333333
0 0.37777777777777777 0.1673611111111111 0.08611111111111111 0.0798611111111111
0 0.33611111111111114 0.18680555555555556 0.06388888888888888 0.03888888888888889
0 0.22013888888888888 0.020833333333333332 0.12083333333333333 0.041666666666666664
0 0.007638888888888889 0.06458333333333334 0.015277777777777777 0.07361111111111111
0 0.42569444444444443 0.021527777777777778 0.05694444444444444 0.043055555555555555
0 0.48333333333333334 0.10069444444444445 0.09861111111111111 0.06041666666666667
0 0.4201388888888889 0.2652777777777778 0.11805555555555555 0.10555555555555556
0 0.4895833333333333 0.3298611111111111 0.14652777777777778 0.10069444444444445
0 0.1701388888888889 0.08611111111111111 0.12083333333333333 0.12986111111111112
0 0.28125 0.10902777777777778 0.08333333333333333 0.09513888888888888
0 0.03611111111111111 0.30972222222222223 0.07222222222222222 0.17222222222222222
0 0.5055555555555555 0.2361111111111111 0.1423611111111111 0.14722222222222223
0 0.1673611111111111 0.325 0.18472222222222223 0.16666666666666666
0 0.14444444444444443 0.20972222222222223 0.15347222222222223 0.14791666666666667
0 0.052083333333333336 0.1527777777777778 0.10416666666666667 0.15555555555555556
0 0.5777777777777777 0.18958333333333333 0.1284722222222222 0.17222222222222222
0 0.5659722222222222 0.38472222222222224 0.20416666666666666 0.04722222222222222
0 0.6291666666666667 0.3263888888888889 0.07777777777777778 0.14722222222222223
0 0.06944444444444445 0.3625 0.1388888888888889 0.09166666666666666
0 0.34791666666666665 0.3819444444444444 0.10694444444444444 0.05277777777777778
0 0.3194444444444444 0.34305555555555556 0.10625 0.07291666666666667
0 0.23819444444444443 0.16666666666666666 0.13194444444444445 0.10277777777777777
0 0.2951388888888889 0.24722222222222223 0.08958333333333333 0.07916666666666666
0 0.07291666666666667 0.043055555555555555 0.0798611111111111 0.07847222222222222
0 0.3784722222222222 0.05486111111111111 0.09444444444444444 0.09166666666666666
0 0.54375 0.04027777777777778 0.12083333333333333 0.08055555555555556
0 0.9284722222222223 0.11875 0.14027777777777778 0.2375
0 0.7701388888888889 0.1673611111111111 0.2013888888888889 0.3347222222222222
0 0.8361111111111111 0.28888888888888886 0.325 0.2388888888888889
0 0.08263888888888889 0.7083333333333334 0.10347222222222222 0.1125
0 0.1798611111111111 0.8458333333333333 0.034722222222222224 0.04097222222222222
0 0.4652777777777778 0.7576388888888889 0.025694444444444443 0.04097222222222222
0 0.4375 0.7298611111111111 0.06805555555555555 0.03263888888888889
0 0.06180555555555556 0.8569444444444444 0.11736111111111111 0.09930555555555555
0 0.4083333333333333 0.7763888888888889 0.044444444444444446 0.05
0 0.07847222222222222 0.8791666666666667 0.06388888888888888 0.08888888888888889
0 0.05416666666666667 0.9173611111111111 0.04652777777777778 0.049305555555555554
0 0.17777777777777778 0.65 0.07430555555555556 0.05416666666666667
0 0.21666666666666667 0.7041666666666667 0.10486111111111111 0.06666666666666667
0 0.6152777777777778 0.8680555555555556 0.10555555555555556 0.2611111111111111
0 0.18472222222222223 0.9125 0.08819444444444445 0.11388888888888889
0 0.1763888888888889 0.9777777777777777 0.16666666666666666 0.041666666666666664
0 0.11805555555555555 0.91875 0.06597222222222222 0.11805555555555555
0 0.016666666666666666 0.7347222222222223 0.03333333333333333 0.14722222222222223
0 0.5118055555555555 0.9631944444444445 0.06805555555555555 0.07083333333333333
0 0.6201388888888889 0.8333333333333334 0.06458333333333334 0.06319444444444444
0 0.3576388888888889 0.975 0.11527777777777778 0.04722222222222222
0 0.005555555555555556 0.8597222222222223 0.011111111111111112 0.030555555555555555
0 0.36666666666666664 0.8243055555555555 0.041666666666666664 0.034027777777777775
0 0.28055555555555556 0.6930555555555555 0.03888888888888889 0.04513888888888889
0 0.06180555555555556 0.5263888888888889 0.06944444444444445 0.04652777777777778
0 0.23125 0.6638888888888889 0.043055555555555555 0.052083333333333336
0 0.4847222222222222 0.9506944444444444 0.029861111111111113 0.043055555555555555
0 0.6513888888888889 0.8166666666666667 0.03333333333333333 0.05277777777777778
0 0.5652777777777778 0.8340277777777778 0.04791666666666667 0.035416666666666666
0 0.5527777777777778 0.9597222222222223 0.05486111111111111 0.03680555555555556
0 0.6597222222222222 0.7736111111111111 0.016666666666666666 0.03333333333333333
0 0.49166666666666664 0.7854166666666667 0.04375 0.04027777777777778
0 0.5069444444444444 0.825 0.06319444444444444 0.04375
0 0.44930555555555557 0.8159722222222222 0.04513888888888889 0.05486111111111111
0 0.4861111111111111 0.8361111111111111 0.04513888888888889 0.03888888888888889
0 0.5326388888888889 0.8652777777777778 0.06736111111111111 0.05694444444444444
0 0.4027777777777778 0.9368055555555556 0.08680555555555555 0.075
0 0.9659722222222222 0.5138888888888888 0.06527777777777778 0.125
0 0.6868055555555556 0.44027777777777777 0.034722222222222224 0.06111111111111111
0 0.91875 0.4388888888888889 0.10138888888888889 0.058333333333333334
0 0.7305555555555555 0.9034722222222222 0.12222222222222222 0.09861111111111111
0 0.83125 0.6840277777777778 0.3236111111111111 0.40694444444444444