0 0.020833333333333332 0.2465277777777778 0.041666666666666664 0.09583333333333334
0 0.30416666666666664 0.2701388888888889 0.11319444444444444 0.10416666666666667
0 0.05347222222222222 0.12013888888888889 0.05277777777777778 0.08680555555555555
0 0.19583333333333333 0.030555555555555555 0.05555555555555555 0.06111111111111111
0 0.2388888888888889 0.058333333333333334 0.05694444444444444 0.05694444444444444
0 0.3229166666666667 0.008333333333333333 0.05416666666666667 0.016666666666666666
0 0.007638888888888889 0.11875 0.015277777777777777 0.07361111111111111
0 0.3902777777777778 0.025694444444444443 0.05555555555555555 0.043055555555555555
0 0.26458333333333334 0.027777777777777776 0.09583333333333334 0.05555555555555555
0 0.39375 0.07916666666666666 0.04861111111111111 0.07222222222222222
0 0.3597222222222222 0.11458333333333333 0.0875 0.07847222222222222
0 0.3090277777777778 0.09652777777777778 0.05138888888888889 0.08680555555555555
0 0.23541666666666666 0.10416666666666667 0.09583333333333334 0.059722222222222225
0 0.12569444444444444 0.12638888888888888 0.07847222222222222 0.0798611111111111
0 0.12638888888888888 0.04722222222222222 0.10277777777777777 0.09444444444444444
0 0.1986111111111111 0.18888888888888888 0.08402777777777778 0.12083333333333333
0 0.11736111111111111 0.20902777777777778 0.11736111111111111 0.11319444444444444
0 0.05416666666666667 0.029166666666666667 0.059027777777777776 0.050694444444444445
0 0.034027777777777775 0.175 0.06805555555555555 0.10555555555555556
0 0.04513888888888889 0.08194444444444444 0.09027777777777778 0.06666666666666667
0 0.3326388888888889 0.05138888888888889 0.06736111111111111 0.06111111111111111
0 0.5006944444444444 0.08958333333333333 0.1625 0.17916666666666667
0 0.9194444444444444 0.08263888888888889 0.15833333333333333 0.16527777777777777
0 0.7881944444444444 0.1951388888888889 0.42083333333333334 0.3902777777777778
0 0.5416666666666666 0.2923611111111111 0.24444444444444444 0.23194444444444445
0 0.33125 0.7194444444444444 0.1736111111111111 0.36944444444444446
0 0.24027777777777778 0.7520833333333333 0.08541666666666667 0.125
0 0.12430555555555556 0.8361111111111111 0.24861111111111112 0.325
0 0.3215277777777778 0.9055555555555556 0.19305555555555556 0.18611111111111112
0 0.2 0.9715277777777778 0.1361111111111111 0.05416666666666667
0 0.31875 0.49236111111111114 0.1986111111111111 0.16527777777777777
0 0.11388888888888889 0.5541666666666667 0.22777777777777777 0.28888888888888886
0 0.5847222222222223 0.7868055555555555 0.07222222222222222 0.04513888888888889
0 0.7451388888888889 0.8527777777777777 0.059722222222222225 0.05347222222222222
0 0.43333333333333335 0.7194444444444444 0.027777777777777776 0.04722222222222222
0 0.7923611111111111 0.5645833333333333 0.05694444444444444 0.06319444444444444
0 0.73125 0.6305555555555555 0.029166666666666667 0.043055555555555555
0 0.6291666666666667 0.5895833333333333 0.04375 0.05277777777777778
0 0.47708333333333336 0.7701388888888889 0.044444444444444446 0.052083333333333336
0 0.6486111111111111 0.7180555555555556 0.07222222222222222 0.0763888888888889
0 0.5944444444444444 0.6791666666666667 0.03819444444444445 0.0375
0 0.8152777777777778 0.7868055555555555 0.034027777777777775 0.04791666666666667
0 0.8090277777777778 0.7590277777777777 0.03333333333333333 0.03333333333333333
0 0.46319444444444446 0.7354166666666667 0.0375 0.04375
0 0.42569444444444443 0.7479166666666667 0.0125 0.034722222222222224
0 0.5236111111111111 0.5319444444444444 0.03819444444444445 0.03888888888888889
0 0.9173611111111111 0.9729166666666667 0.06805555555555555 0.05138888888888889
0 0.8590277777777777 0.9423611111111111 0.0763888888888889 0.06041666666666667
0 0.7069444444444445 0.6881944444444444 0.04513888888888889 0.03263888888888889
0 0.47430555555555554 0.9666666666666667 0.09305555555555556 0.06388888888888888
0 0.9784722222222222 0.9694444444444444 0.04027777777777778 0.058333333333333334
0 0.7923611111111111 0.8048611111111111 0.05416666666666667 0.0763888888888889
0 0.5076388888888889 0.5923611111111111 0.05763888888888889 0.04375
0 0.5965277777777778 0.8722222222222222 0.10972222222222222 0.08819444444444445
0 0.7673611111111112 0.7493055555555556 0.035416666666666666 0.07708333333333334
0 0.8479166666666667 0.8395833333333333 0.034722222222222224 0.03333333333333333
0 0.42986111111111114 0.8020833333333334 0.020833333333333332 0.05416666666666667
0 0.6548611111111111 0.6222222222222222 0.05347222222222222 0.06041666666666667
0 0.5645833333333333 0.64375 0.07013888888888889 0.04861111111111111
0 0.5479166666666667 0.9305555555555556 0.12291666666666666 0.10486111111111111
0 0.44166666666666665 0.9222222222222223 0.044444444444444446 0.1
0 0.5076388888888889 0.8118055555555556 0.07430555555555556 0.07361111111111111
0 0.45069444444444445 0.7715277777777778 0.030555555555555555 0.03194444444444444
0 0.6840277777777778 0.9104166666666667 0.1076388888888889 0.10069444444444445
0 0.45416666666666666 0.8166666666666667 0.05138888888888889 0.059722222222222225
0 0.54375 0.7576388888888889 0.07430555555555556 0.0625
0 0.5645833333333333 0.7298611111111111 0.08263888888888889 0.06597222222222222
0 0.7006944444444444 0.5902777777777778 0.05277777777777778 0.06875
0 0.6840277777777778 0.5381944444444444 0.09166666666666666 0.06666666666666667
0 0.7152777777777778 0.7243055555555555 0.05694444444444444 0.050694444444444445
0 0.89375 0.8090277777777778 0.06458333333333334 0.05486111111111111
0 0.9402777777777778 0.8180555555555555 0.04375 0.04513888888888889
0 0.5972222222222222 0.8222222222222222 0.11666666666666667 0.05625
0 0.7972222222222223 0.8583333333333333 0.06944444444444445 0.049305555555555554
0 0.6972222222222222 0.8256944444444444 0.06458333333333334 0.07361111111111111
0 0.6618055555555555 0.7694444444444445 0.05 0.07430555555555556
0 0.47152777777777777 0.65 0.052083333333333336 0.0625
0 0.7625 0.7020833333333333 0.050694444444444445 0.06388888888888888
0 0.8034722222222223 0.625 0.043055555555555555 0.04513888888888889
0 0.5826388888888889 0.5798611111111112 0.04861111111111111 0.04375
0 0.61875 0.95625 0.04513888888888889 0.05625
0 0.5305555555555556 0.9819444444444444 0.03888888888888889 0.03333333333333333
0 0.9513888888888888 0.7881944444444444 0.07430555555555556 0.05625