0 0.1451388888888889 0.020833333333333332 0.03958333333333333 0.02847222222222222
0 0.22083333333333333 0.13402777777777777 0.02638888888888889 0.022222222222222223
0 0.008333333333333333 0.1451388888888889 0.016666666666666666 0.0625
0 0.36319444444444443 0.05555555555555555 0.06319444444444444 0.03819444444444445
0 0.3138888888888889 0.004861111111111111 0.05277777777777778 0.009722222222222222
0 0.22083333333333333 0.075 0.1 0.10138888888888889
0 0.20833333333333334 0.022916666666666665 0.06388888888888888 0.04583333333333333
0 0.27361111111111114 0.025694444444444443 0.04722222222222222 0.03194444444444444
0 0.35 0.019444444444444445 0.03611111111111111 0.03888888888888889
0 0.41805555555555557 0.10347222222222222 0.06111111111111111 0.0625
0 0.20972222222222223 0.2 0.06944444444444445 0.059722222222222225
0 0.3506944444444444 0.13541666666666666 0.1 0.052083333333333336
0 0.13125 0.22430555555555556 0.05277777777777778 0.0798611111111111
0 0.07222222222222222 0.19930555555555557 0.06180555555555556 0.09097222222222222
0 0.025 0.06666666666666667 0.05 0.075
0 0.030555555555555555 0.014583333333333334 0.06111111111111111 0.029166666666666667
0 0.2777777777777778 0.21944444444444444 0.07708333333333334 0.07291666666666667
0 0.5916666666666667 0.24930555555555556 0.21944444444444444 0.3763888888888889
0 0.7694444444444445 0.24791666666666667 0.24166666666666667 0.37916666666666665
0 0.9375 0.26666666666666666 0.12222222222222222 0.3416666666666667
0 0.7395833333333334 0.03194444444444444 0.17916666666666667 0.06388888888888888
0 0.8972222222222223 0.07013888888888889 0.20277777777777778 0.14027777777777778
0 0.58125 0.1326388888888889 0.2625 0.2652777777777778
0 0.2652777777777778 0.8048611111111111 0.36666666666666664 0.3875
0 0.31527777777777777 0.5555555555555556 0.2125 0.18680555555555556
0 0.07083333333333333 0.47638888888888886 0.10555555555555556 0.075
0 0.125 0.84375 0.25 0.25416666666666665
0 0.6305555555555555 0.725 0.35208333333333336 0.3729166666666667
0 0.9006944444444445 0.8534722222222222 0.19583333333333333 0.2902777777777778
0 0.8340277777777778 0.9298611111111111 0.32916666666666666 0.1375
0 0.6298611111111111 0.9305555555555556 0.24027777777777778 0.1361111111111111
0 0.88125 0.49722222222222223 0.16527777777777777 0.11666666666666667
0 0.6347222222222222 0.5388888888888889 0.3111111111111111 0.2
0 0.8736111111111111 0.6222222222222222 0.25 0.20555555555555555