0 0.5743055555555555 0.2388888888888889 0.04861111111111111 0.14444444444444443
0 0.3763888888888889 0.019444444444444445 0.11388888888888889 0.03888888888888889
0 0.48541666666666666 0.027083333333333334 0.06527777777777778 0.05416666666666667
0 0.5541666666666667 0.10902777777777778 0.08888888888888889 0.21805555555555556
0 0.43333333333333335 0.16319444444444445 0.06944444444444445 0.07708333333333334
0 0.06666666666666667 0.4638888888888889 0.10625 0.09583333333333334
0 0.1076388888888889 0.3458333333333333 0.2152777777777778 0.19722222222222222
0 0.24027777777777778 0.022222222222222223 0.14444444444444443 0.044444444444444446
0 0.44513888888888886 0.10486111111111111 0.05347222222222222 0.07361111111111111
0 0.5034722222222222 0.1388888888888889 0.06597222222222222 0.12638888888888888
0 0.5229166666666667 0.06944444444444445 0.03125 0.049305555555555554
0 0.11388888888888889 0.0763888888888889 0.17777777777777778 0.1527777777777778
0 0.2076388888888889 0.05 0.06666666666666667 0.06666666666666667
0 0.18611111111111112 0.22847222222222222 0.08402777777777778 0.07013888888888889
0 0.36736111111111114 0.09375 0.10277777777777777 0.18125
0 0.2513888888888889 0.2826388888888889 0.09652777777777778 0.12083333333333333
0 0.33958333333333335 0.25555555555555554 0.06527777777777778 0.06736111111111111
0 0.4131944444444444 0.3111111111111111 0.058333333333333334 0.07222222222222222
0 0.11736111111111111 0.19166666666666668 0.11388888888888889 0.11597222222222223
0 0.035416666666666666 0.14583333333333334 0.07083333333333333 0.14722222222222223
0 0.26805555555555555 0.09097222222222222 0.09722222222222222 0.0875
0 0.25625 0.14375 0.03888888888888889 0.09305555555555556
0 0.5277777777777778 0.18611111111111112 0.07847222222222222 0.09166666666666666
0 0.4979166666666667 0.3055555555555556 0.1423611111111111 0.15763888888888888
0 0.32083333333333336 0.18958333333333333 0.1375 0.13055555555555556
0 0.014583333333333334 0.09166666666666666 0.029166666666666667 0.09166666666666666
0 0.13125 0.10138888888888889 0.13472222222222222 0.10138888888888889
0 0.6770833333333334 0.20902777777777778 0.15416666666666667 0.3375
0 0.7694444444444445 0.3597222222222222 0.275 0.3680555555555556
0 0.9319444444444445 0.46041666666666664 0.13333333333333333 0.3541666666666667
0 0.6555555555555556 0.5465277777777777 0.1111111111111111 0.18194444444444444
0 0.7180555555555556 0.5777777777777777 0.2361111111111111 0.11944444444444445
0 0.7236111111111111 0.09513888888888888 0.24722222222222223 0.19027777777777777
0 0.9069444444444444 0.17916666666666667 0.18333333333333332 0.35833333333333334
0 0.28680555555555554 0.7958333333333333 0.5736111111111111 0.3138888888888889
0 0.7291666666666666 0.9222222222222223 0.25833333333333336 0.1527777777777778
0 0.9444444444444444 0.7590277777777777 0.10833333333333334 0.24027777777777778
0 0.8451388888888889 0.8631944444444445 0.2791666666666667 0.2708333333333333