0 0.17430555555555555 0.6305555555555555 0.1375 0.075
0 0.2708333333333333 0.6340277777777777 0.06666666666666667 0.06736111111111111
0 0.06041666666666667 0.5659722222222222 0.0875 0.07777777777777778
0 0.18125 0.5104166666666666 0.09930555555555555 0.10347222222222222
0 0.2791666666666667 0.6458333333333334 0.13055555555555556 0.044444444444444446
0 0.31180555555555556 0.5618055555555556 0.09305555555555556 0.12638888888888888
0 0.08611111111111111 0.06597222222222222 0.13541666666666666 0.08194444444444444
0 0.043055555555555555 0.2722222222222222 0.08611111111111111 0.05277777777777778
0 0.15208333333333332 0.3638888888888889 0.06527777777777778 0.06736111111111111
0 0.2826388888888889 0.3597222222222222 0.09305555555555556 0.07847222222222222
0 0.3333333333333333 0.1909722222222222 0.05138888888888889 0.12291666666666666
0 0.34444444444444444 0.30069444444444443 0.027777777777777776 0.02638888888888889
0 0.3458333333333333 0.26944444444444443 0.025 0.075
0 0.030555555555555555 0.5611111111111111 0.06111111111111111 0.15833333333333333
0 0.3451388888888889 0.4201388888888889 0.02638888888888889 0.034722222222222224
0 0.11805555555555555 0.5916666666666667 0.11388888888888889 0.10138888888888889
0 0.2986111111111111 0.4798611111111111 0.05763888888888889 0.06111111111111111
0 0.9791666666666666 0.39652777777777776 0.03888888888888889 0.09305555555555556
0 0.9805555555555555 0.17708333333333334 0.03611111111111111 0.06805555555555555
0 0.9881944444444445 0.049305555555555554 0.020833333333333332 0.07083333333333333
0 0.9777777777777777 0.010416666666666666 0.041666666666666664 0.020833333333333332
0 0.9666666666666667 0.014583333333333334 0.04722222222222222 0.029166666666666667
0 0.975 0.04652777777777778 0.029166666666666667 0.0375
0 0.8680555555555556 0.18611111111111112 0.0763888888888889 0.05347222222222222
0 0.8597222222222223 0.24722222222222223 0.03333333333333333 0.07361111111111111
0 0.8145833333333333 0.19236111111111112 0.04027777777777778 0.03819444444444445
0 0.6611111111111111 0.23472222222222222 0.06666666666666667 0.059027777777777776
0 0.6583333333333333 0.1527777777777778 0.06944444444444445 0.08263888888888889
0 0.66875 0.08194444444444444 0.0625 0.04791666666666667
0 0.8569444444444444 0.31319444444444444 0.08611111111111111 0.07777777777777778
0 0.4041666666666667 0.08611111111111111 0.08888888888888889 0.17222222222222222
0 0.5555555555555556 0.5583333333333333 0.13402777777777777 0.11458333333333333
0 0.46875 0.04236111111111111 0.0875 0.08472222222222223
0 0.6895833333333333 0.5875 0.16527777777777777 0.16111111111111112
0 0.5236111111111111 0.63125 0.25277777777777777 0.07361111111111111
0 0.9736111111111111 0.6243055555555556 0.05 0.0875
0 0.9444444444444444 0.2673611111111111 0.10833333333333334 0.1736111111111111
0 0.9590277777777778 0.10069444444444445 0.04861111111111111 0.08194444444444444
0 0.7020833333333333 0.021527777777777778 0.059722222222222225 0.043055555555555555
0 0.6256944444444444 0.09097222222222222 0.043055555555555555 0.049305555555555554
0 0.5861111111111111 0.09583333333333334 0.029861111111111113 0.049305555555555554
0 0.5777777777777777 0.22847222222222222 0.03611111111111111 0.03333333333333333
0 0.5173611111111112 0.1875 0.043055555555555555 0.03888888888888889
0 0.4618055555555556 0.4527777777777778 0.035416666666666666 0.04722222222222222
0 0.39791666666666664 0.6409722222222223 0.0625 0.05416666666666667
0 0.5333333333333333 0.28888888888888886 0.06111111111111111 0.05277777777777778
0 0.6729166666666667 0.28958333333333336 0.05416666666666667 0.06736111111111111
0 0.6173611111111111 0.39791666666666664 0.24861111111111112 0.19305555555555556
0 0.41180555555555554 0.5548611111111111 0.04583333333333333 0.04652777777777778
0 0.8569444444444444 0.5069444444444444 0.2833333333333333 0.32222222222222224
0 0.45625 0.6041666666666666 0.03194444444444444 0.06180555555555556
0 0.37569444444444444 0.5694444444444444 0.03194444444444444 0.03888888888888889
0 0.17916666666666667 0.8340277777777778 0.35833333333333334 0.32916666666666666
0 0.7902777777777777 0.8145833333333333 0.37777777777777777 0.2902777777777778
0 0.6048611111111111 0.9520833333333333 0.2763888888888889 0.09305555555555556
0 0.8715277777777778 0.94375 0.25416666666666665 0.10972222222222222