0 0.015277777777777777 0.4236111111111111 0.030555555555555555 0.058333333333333334
0 0.008333333333333333 0.37430555555555556 0.016666666666666666 0.04861111111111111
0 0.4673611111111111 0.4215277777777778 0.06458333333333334 0.0875
0 0.4388888888888889 0.5041666666666667 0.1388888888888889 0.12777777777777777
0 0.0625 0.5180555555555556 0.1 0.1
0 0.21805555555555556 0.21805555555555556 0.1388888888888889 0.11875
0 0.011805555555555555 0.5416666666666666 0.02361111111111111 0.05277777777777778
0 0.3111111111111111 0.4909722222222222 0.14444444444444443 0.15416666666666667
0 0.35625 0.32708333333333334 0.1701388888888889 0.32430555555555557
0 0.1840277777777778 0.3861111111111111 0.2611111111111111 0.25972222222222224
0 0.02013888888888889 0.4840277777777778 0.04027777777777778 0.0763888888888889
0 0.12083333333333333 0.10833333333333334 0.03680555555555556 0.049305555555555554
0 0.05416666666666667 0.30694444444444446 0.06319444444444444 0.06180555555555556
0 0.28194444444444444 0.0763888888888889 0.25833333333333336 0.1527777777777778
0 0.06875 0.21388888888888888 0.04791666666666667 0.04791666666666667
0 0.44583333333333336 0.18333333333333332 0.125 0.36666666666666664
0 0.11458333333333333 0.2652777777777778 0.03333333333333333 0.06388888888888888
0 0.024305555555555556 0.22847222222222222 0.04861111111111111 0.04027777777777778
0 0.7194444444444444 0.4513888888888889 0.41944444444444445 0.23333333333333334
0 0.9444444444444444 0.1763888888888889 0.10833333333333334 0.10277777777777777
0 0.9638888888888889 0.06111111111111111 0.06944444444444445 0.12222222222222222
0 0.6027777777777777 0.15 0.18611111111111112 0.3
0 0.6263888888888889 0.38333333333333336 0.23333333333333334 0.2222222222222222
0 0.8090277777777778 0.06944444444444445 0.26805555555555555 0.1388888888888889
0 0.7715277777777778 0.13472222222222222 0.2375 0.24722222222222223
0 0.33958333333333335 0.8555555555555555 0.3375 0.2861111111111111
0 0.37083333333333335 0.6430555555555556 0.2638888888888889 0.14722222222222223
0 0.06805555555555555 0.8798611111111111 0.1361111111111111 0.2375
0 0.11041666666666666 0.6541666666666667 0.22083333333333333 0.16944444444444445
0 0.5895833333333333 0.8201388888888889 0.07083333333333333 0.05694444444444444
0 0.7472222222222222 0.6777777777777778 0.07916666666666666 0.05763888888888889
0 0.5208333333333334 0.8347222222222223 0.022222222222222223 0.06388888888888888
0 0.8541666666666666 0.7388888888888889 0.06458333333333334 0.08888888888888889
0 0.7041666666666667 0.7472222222222222 0.08194444444444444 0.07222222222222222
0 0.6166666666666667 0.7736111111111111 0.058333333333333334 0.049305555555555554
0 0.6229166666666667 0.8743055555555556 0.09513888888888888 0.05277777777777778
0 0.9597222222222223 0.9680555555555556 0.07777777777777778 0.06111111111111111
0 0.9180555555555555 0.8833333333333333 0.0875 0.07152777777777777
0 0.8881944444444444 0.7354166666666667 0.04097222222222222 0.06527777777777778
0 0.7145833333333333 0.8076388888888889 0.075 0.06319444444444444
0 0.6534722222222222 0.9729166666666667 0.07916666666666666 0.05138888888888889
0 0.8298611111111112 0.96875 0.09861111111111111 0.059722222222222225
0 0.9833333333333333 0.8 0.030555555555555555 0.10555555555555556
0 0.9201388888888888 0.5923611111111111 0.15694444444444444 0.04583333333333333
0 0.9784722222222222 0.6847222222222222 0.04027777777777778 0.15555555555555556
0 0.8333333333333334 0.6263888888888889 0.13333333333333333 0.11388888888888889