0 0.28888888888888886 0.5756944444444444 0.07083333333333333 0.05486111111111111
0 0.3576388888888889 0.5173611111111112 0.06180555555555556 0.07083333333333333
0 0.35 0.4479166666666667 0.13194444444444445 0.08680555555555555
0 0.42083333333333334 0.4979166666666667 0.08125 0.08333333333333333
0 0.475 0.3680555555555556 0.06666666666666667 0.16666666666666666
0 0.48055555555555557 0.20069444444444445 0.05555555555555555 0.0875
0 0.4951388888888889 0.14722222222222223 0.02638888888888889 0.1
0 0.45069444444444445 0.12152777777777778 0.050694444444444445 0.06041666666666667
0 0.35347222222222224 0.1909722222222222 0.0798611111111111 0.04375
0 0.1361111111111111 0.41597222222222224 0.11805555555555555 0.12986111111111112
0 0.13194444444444445 0.3701388888888889 0.06180555555555556 0.05416666666666667
0 0.2569444444444444 0.2 0.09583333333333334 0.10277777777777777
0 0.05138888888888889 0.06180555555555556 0.10277777777777777 0.12361111111111112
0 0.17708333333333334 0.15 0.09652777777777778 0.14930555555555555
0 0.08333333333333333 0.12569444444444444 0.07847222222222222 0.09652777777777778
0 0.09513888888888888 0.05694444444444444 0.04583333333333333 0.07013888888888889
0 0.14305555555555555 0.06597222222222222 0.1 0.13194444444444445
0 0.46875 0.07569444444444444 0.07916666666666666 0.06805555555555555
0 0.475 0.1451388888888889 0.059027777777777776 0.07152777777777777
0 0.4465277777777778 0.5375 0.12361111111111112 0.14166666666666666
0 0.044444444444444446 0.20208333333333334 0.08888888888888889 0.0875
0 0.2298611111111111 0.11180555555555556 0.09861111111111111 0.09444444444444444
0 0.19444444444444445 0.021527777777777778 0.07777777777777778 0.043055555555555555
0 0.26458333333333334 0.00625 0.07083333333333333 0.0125
0 0.10416666666666667 0.2986111111111111 0.12916666666666668 0.16597222222222222
0 0.1 0.18611111111111112 0.05694444444444444 0.08263888888888889
0 0.18333333333333332 0.21319444444444444 0.06458333333333334 0.05694444444444444
0 0.23125 0.5277777777777778 0.1326388888888889 0.10902777777777778
0 0.19583333333333333 0.5881944444444445 0.08333333333333333 0.04027777777777778
0 0.04791666666666667 0.4083333333333333 0.09583333333333334 0.37222222222222223
0 0.8979166666666667 0.44583333333333336 0.2013888888888889 0.325
0 0.8847222222222222 0.17777777777777778 0.22777777777777777 0.35555555555555557
0 0.6638888888888889 0.34097222222222223 0.30833333333333335 0.5347222222222222
0 0.3597222222222222 0.8465277777777778 0.22291666666666668 0.27847222222222223
0 0.37569444444444444 0.6916666666666667 0.24583333333333332 0.1638888888888889
0 0.041666666666666664 0.7659722222222223 0.08333333333333333 0.3125
0 0.47638888888888886 0.8041666666666667 0.06388888888888888 0.3888888888888889
0 0.15763888888888888 0.8041666666666667 0.21805555555555556 0.3888888888888889
0 0.8486111111111111 0.9215277777777777 0.06527777777777778 0.0875
0 0.9145833333333333 0.9020833333333333 0.07430555555555556 0.07291666666666667
0 0.89375 0.9631944444444445 0.0625 0.07083333333333333
0 0.9888888888888889 0.9520833333333333 0.019444444444444445 0.05138888888888889
0 0.55625 0.9631944444444445 0.09305555555555556 0.07083333333333333
0 0.6465277777777778 0.9597222222222223 0.041666666666666664 0.05486111111111111
0 0.6805555555555556 0.9236111111111112 0.10694444444444444 0.12291666666666666
0 0.7291666666666666 0.9090277777777778 0.05138888888888889 0.04861111111111111
0 0.6868055555555556 0.8513888888888889 0.08055555555555556 0.059722222222222225
0 0.625 0.8548611111111111 0.04722222222222222 0.05138888888888889
0 0.6173611111111111 0.9784722222222222 0.034722222222222224 0.04027777777777778
0 0.5638888888888889 0.8958333333333334 0.043055555555555555 0.04583333333333333
0 0.5208333333333334 0.9222222222222223 0.022222222222222223 0.075