0 0.029861111111111113 0.28055555555555556 0.059722222222222225 0.075
0 0.18958333333333333 0.2152777777777778 0.13125 0.11180555555555556
0 0.19305555555555556 0.12638888888888888 0.12222222222222222 0.14097222222222222
0 0.38472222222222224 0.23402777777777778 0.06736111111111111 0.08819444444444445
0 0.08333333333333333 0.15347222222222223 0.13819444444444445 0.15833333333333333
0 0.04513888888888889 0.03888888888888889 0.09027777777777778 0.07777777777777778
0 0.3472222222222222 0.26875 0.10625 0.11666666666666667
0 0.3 0.20694444444444443 0.09513888888888888 0.07569444444444444
0 0.5652777777777778 0.03680555555555556 0.07222222222222222 0.07361111111111111
0 0.2833333333333333 0.15416666666666667 0.08263888888888889 0.08680555555555555
0 0.23194444444444445 0.05416666666666667 0.10277777777777777 0.09791666666666667
0 0.54375 0.2263888888888889 0.1486111111111111 0.4527777777777778
0 0.05486111111111111 0.3840277777777778 0.05138888888888889 0.04652777777777778
0 0.03333333333333333 0.075 0.06666666666666667 0.075
0 0.35208333333333336 0.03611111111111111 0.07916666666666666 0.07222222222222222
0 0.4861111111111111 0.24027777777777778 0.2638888888888889 0.3138888888888889
0 0.1951388888888889 0.3958333333333333 0.34305555555555556 0.14444444444444443
0 0.23958333333333334 0.27361111111111114 0.20347222222222222 0.14097222222222222
0 0.3951388888888889 0.11805555555555555 0.1111111111111111 0.12083333333333333
0 0.2125 0.3173611111111111 0.17569444444444443 0.09583333333333334
0 0.47152777777777777 0.044444444444444446 0.1375 0.08888888888888889
0 0.10902777777777778 0.06388888888888888 0.1 0.07708333333333334
0 0.17222222222222222 0.03194444444444444 0.04513888888888889 0.059722222222222225
0 0.15 0.025 0.06388888888888888 0.05
0 0.3909722222222222 0.41805555555555557 0.09583333333333334 0.1
0 0.56875 0.4527777777777778 0.09861111111111111 0.030555555555555555
0 0.40625 0.16597222222222222 0.09513888888888888 0.07222222222222222
0 0.9645833333333333 0.025 0.06805555555555555 0.05
0 0.9402777777777778 0.38958333333333334 0.11666666666666667 0.15694444444444444
0 0.7138888888888889 0.37569444444444444 0.18888888888888888 0.18472222222222223
0 0.6652777777777777 0.23958333333333334 0.09166666666666666 0.2652777777777778
0 0.8097222222222222 0.19166666666666668 0.28680555555555554 0.29375
0 0.9416666666666667 0.21180555555555555 0.11388888888888889 0.3402777777777778
0 0.1 0.6986111111111111 0.08194444444444444 0.06111111111111111
0 0.10902777777777778 0.9534722222222223 0.09027777777777778 0.09027777777777778
0 0.19722222222222222 0.7416666666666667 0.09027777777777778 0.09027777777777778
0 0.5256944444444445 0.8895833333333333 0.12430555555555556 0.08541666666666667
0 0.4152777777777778 0.8493055555555555 0.08402777777777778 0.07291666666666667
0 0.04027777777777778 0.9652777777777778 0.08055555555555556 0.06666666666666667
0 0.5576388888888889 0.5909722222222222 0.11458333333333333 0.1486111111111111
0 0.2708333333333333 0.89375 0.1486111111111111 0.16111111111111112
0 0.16597222222222222 0.8555555555555555 0.13541666666666666 0.13472222222222222
0 0.25069444444444444 0.6840277777777778 0.08680555555555555 0.12916666666666668
0 0.3458333333333333 0.7854166666666667 0.06527777777777778 0.07847222222222222
0 0.6013888888888889 0.9138888888888889 0.03333333333333333 0.09722222222222222
0 0.3236111111111111 0.7152777777777778 0.1 0.10069444444444445
0 0.5993055555555555 0.6805555555555556 0.0375 0.08055555555555556
0 0.2965277777777778 0.5763888888888888 0.04652777777777778 0.049305555555555554
0 0.32708333333333334 0.6097222222222223 0.03888888888888889 0.03888888888888889
0 0.3423611111111111 0.5826388888888889 0.044444444444444446 0.06527777777777778
0 0.3854166666666667 0.5618055555555556 0.04583333333333333 0.05694444444444444
0 0.5902777777777778 0.48194444444444445 0.03888888888888889 0.025
0 0.6020833333333333 0.48194444444444445 0.03194444444444444 0.025
0 0.46944444444444444 0.5375 0.15833333333333333 0.1361111111111111
0 0.5506944444444445 0.475 0.07361111111111111 0.011111111111111112
0 0.2847222222222222 0.4875 0.03819444444444445 0.03333333333333333
0 0.19930555555555557 0.4888888888888889 0.03888888888888889 0.034027777777777775
0 0.6048611111111111 0.5041666666666667 0.02638888888888889 0.03333333333333333
0 0.5513888888888889 0.7097222222222223 0.09930555555555555 0.13541666666666666
0 0.33958333333333335 0.6604166666666667 0.041666666666666664 0.08194444444444444
0 0.2722222222222222 0.6173611111111111 0.10347222222222222 0.10486111111111111
0 0.6013888888888889 0.5513888888888889 0.03333333333333333 0.06944444444444445
0 0.12222222222222222 0.7680555555555556 0.06041666666666667 0.04652777777777778
0 0.2722222222222222 0.7826388888888889 0.09097222222222222 0.06805555555555555
0 0.56875 0.5090277777777777 0.0798611111111111 0.06944444444444445
0 0.0125 0.9048611111111111 0.025 0.10138888888888889
0 0.18819444444444444 0.6048611111111111 0.07083333333333333 0.10416666666666667
0 0.36180555555555555 0.4986111111111111 0.06527777777777778 0.058333333333333334
0 0.4305555555555556 0.66875 0.1486111111111111 0.23819444444444443
0 0.06111111111111111 0.8881944444444444 0.12222222222222222 0.10138888888888889
0 0.04513888888888889 0.5229166666666667 0.043055555555555555 0.06041666666666667
0 0.26944444444444443 0.5284722222222222 0.05694444444444444 0.06180555555555556
0 0.8125 0.8701388888888889 0.059722222222222225 0.03888888888888889
0 0.7333333333333333 0.825 0.03125 0.035416666666666666
0 0.8291666666666667 0.7868055555555555 0.05 0.03125
0 0.8395833333333333 0.8104166666666667 0.049305555555555554 0.034027777777777775
0 0.8756944444444444 0.60625 0.043055555555555555 0.04375
0 0.8208333333333333 0.5569444444444445 0.041666666666666664 0.041666666666666664
0 0.6347222222222222 0.7125 0.030555555555555555 0.05277777777777778
0 0.6263888888888889 0.8291666666666667 0.013888888888888888 0.03611111111111111
0 0.9368055555555556 0.98125 0.04027777777777778 0.034027777777777775
0 0.8854166666666666 0.9166666666666666 0.034722222222222224 0.044444444444444446
0 0.8520833333333333 0.9298611111111111 0.029861111111111113 0.03263888888888889
0 0.6354166666666666 0.975 0.03194444444444444 0.04722222222222222