0 0.11666666666666667 0.5520833333333334 0.1527777777777778 0.07083333333333333
0 0.2826388888888889 0.5395833333333333 0.1625 0.09583333333333334
0 0.35208333333333336 0.3263888888888889 0.09305555555555556 0.19722222222222222
0 0.3701388888888889 0.21319444444444444 0.05694444444444444 0.15416666666666667
0 0.15625 0.1840277777777778 0.1111111111111111 0.14444444444444443
0 0.04236111111111111 0.5111111111111111 0.08472222222222223 0.14722222222222223
0 0.07291666666666667 0.26875 0.05277777777777778 0.0763888888888889
0 0.25972222222222224 0.2513888888888889 0.08888888888888889 0.15763888888888888
0 0.37222222222222223 0.43472222222222223 0.05277777777777778 0.21944444444444444
0 0.025 0.24097222222222223 0.05 0.12916666666666668
0 0.24930555555555556 0.07430555555555556 0.20416666666666666 0.1486111111111111
0 0.15347222222222223 0.019444444444444445 0.13472222222222222 0.03888888888888889
0 0.12986111111111112 0.43680555555555556 0.16666666666666666 0.2076388888888889
0 0.23194444444444445 0.4263888888888889 0.12986111111111112 0.18125
0 0.02361111111111111 0.55625 0.04722222222222222 0.0625
0 0.05694444444444444 0.11180555555555556 0.11388888888888889 0.1486111111111111
0 0.4361111111111111 0.33819444444444446 0.07222222222222222 0.4986111111111111
0 0.5729166666666666 0.5333333333333333 0.2375 0.10833333333333334
0 0.7972222222222223 0.5243055555555556 0.2388888888888889 0.12638888888888888
0 0.75 0.03611111111111111 0.3333333333333333 0.07222222222222222
0 0.9555555555555556 0.12638888888888888 0.08611111111111111 0.25277777777777777
0 0.4979166666666667 0.13541666666666666 0.19583333333333333 0.2708333333333333
0 0.6715277777777777 0.2222222222222222 0.22847222222222222 0.36041666666666666
0 0.8680555555555556 0.30486111111111114 0.2611111111111111 0.4513888888888889
0 0.6083333333333333 0.35555555555555557 0.27708333333333335 0.35138888888888886
0 0.034027777777777775 0.7479166666666667 0.03888888888888889 0.04583333333333333
0 0.01875 0.8944444444444445 0.0375 0.058333333333333334
0 0.03958333333333333 0.6152777777777778 0.05138888888888889 0.05277777777777778
0 0.1423611111111111 0.7347222222222223 0.075 0.11875
0 0.22013888888888888 0.8256944444444444 0.041666666666666664 0.030555555555555555
0 0.18472222222222223 0.8194444444444444 0.03263888888888889 0.03611111111111111
0 0.15763888888888888 0.8784722222222222 0.04583333333333333 0.043055555555555555
0 0.1284722222222222 0.8326388888888889 0.05 0.058333333333333334
0 0.02847222222222222 0.8166666666666667 0.03958333333333333 0.049305555555555554
0 0.017361111111111112 0.6638888888888889 0.034722222222222224 0.044444444444444446
0 0.020833333333333332 0.6347222222222222 0.041666666666666664 0.041666666666666664
0 0.013194444444444444 0.6034722222222222 0.02638888888888889 0.029166666666666667
0 0.08611111111111111 0.9652777777777778 0.08055555555555556 0.06666666666666667
0 0.1597222222222222 0.9527777777777777 0.05 0.052083333333333336
0 0.011805555555555555 0.9729166666666667 0.02361111111111111 0.05138888888888889
0 0.23055555555555557 0.9027777777777778 0.04722222222222222 0.041666666666666664
0 0.29444444444444445 0.7805555555555556 0.05416666666666667 0.030555555555555555
0 0.08611111111111111 0.6513888888888889 0.04513888888888889 0.04375
0 0.0798611111111111 0.6034722222222222 0.0375 0.029166666666666667
0 0.28541666666666665 0.6791666666666667 0.1986111111111111 0.18055555555555555
0 0.2569444444444444 0.8736111111111111 0.05277777777777778 0.058333333333333334
0 0.1 0.8347222222222223 0.04236111111111111 0.044444444444444446
0 0.08333333333333333 0.8819444444444444 0.0875 0.05555555555555555
0 0.2361111111111111 0.9472222222222222 0.1527777777777778 0.10277777777777777
0 0.17291666666666666 0.6819444444444445 0.0875 0.07708333333333334
0 0.9340277777777778 0.8944444444444445 0.12916666666666668 0.20833333333333334
0 0.9347222222222222 0.68125 0.12777777777777777 0.18472222222222223
0 0.6715277777777777 0.79375 0.5430555555555555 0.4097222222222222