0 0.5506944444444445 0.11736111111111111 0.05138888888888889 0.04513888888888889
0 0.024305555555555556 0.23194444444444445 0.04861111111111111 0.05277777777777778
0 0.6291666666666667 0.04791666666666667 0.049305555555555554 0.05416666666666667
0 0.4423611111111111 0.25763888888888886 0.044444444444444446 0.04583333333333333
0 0.45416666666666666 0.1361111111111111 0.043055555555555555 0.05416666666666667
0 0.4895833333333333 0.2652777777777778 0.05694444444444444 0.04513888888888889
0 0.5194444444444445 0.29444444444444445 0.043055555555555555 0.04722222222222222
0 0.4791666666666667 0.3020833333333333 0.03958333333333333 0.029861111111111113
0 0.4673611111111111 0.22708333333333333 0.049305555555555554 0.0625
0 0.6423611111111112 0.09444444444444444 0.049305555555555554 0.05416666666666667
0 0.8472222222222222 0.1638888888888889 0.2361111111111111 0.3277777777777778
0 0.9583333333333334 0.18680555555555556 0.08055555555555556 0.28194444444444444
0 0.6243055555555556 0.6597222222222222 0.2048611111111111 0.21666666666666667
0 0.2902777777777778 0.6743055555555556 0.5805555555555556 0.6486111111111111
0 0.5298611111111111 0.7854166666666667 0.09652777777777778 0.1
0 0.4701388888888889 0.8145833333333333 0.09236111111111112 0.11805555555555555
0 0.3680555555555556 0.90625 0.049305555555555554 0.15763888888888888
0 0.6625 0.8770833333333333 0.13055555555555556 0.24305555555555555
0 0.4895833333333333 0.9097222222222222 0.27361111111111114 0.17777777777777778
0 0.6472222222222223 0.45208333333333334 0.16111111111111112 0.24583333333333332
0 0.8368055555555556 0.5243055555555556 0.07569444444444444 0.08611111111111111
0 0.7472222222222222 0.5770833333333333 0.03611111111111111 0.18194444444444444
0 0.8104166666666667 0.35138888888888886 0.05138888888888889 0.044444444444444446
0 0.8965277777777778 0.7666666666666667 0.13541666666666666 0.12777777777777777
0 0.7743055555555556 0.49930555555555556 0.09027777777777778 0.14305555555555555
0 0.8006944444444445 0.42430555555555555 0.14305555555555555 0.06597222222222222
0 0.8541666666666666 0.6152777777777778 0.049305555555555554 0.10416666666666667
0 0.7743055555555556 0.7451388888888889 0.09027777777777778 0.1597222222222222
0 0.7472222222222222 0.9444444444444444 0.03611111111111111 0.10833333333333334
0 0.7604166666666666 0.875 0.0625 0.13055555555555556
0 0.8368055555555556 0.8791666666666667 0.12638888888888888 0.13472222222222222
0 0.7715277777777778 0.37222222222222223 0.08472222222222223 0.08611111111111111
0 0.9347222222222222 0.6131944444444445 0.12777777777777777 0.2763888888888889
0 0.8 0.6201388888888889 0.06111111111111111 0.13680555555555557
0 0.90625 0.95 0.10694444444444444 0.09722222222222222