0 0.18819444444444444 0.035416666666666666 0.09583333333333334 0.07083333333333333
0 0.4131944444444444 0.16458333333333333 0.1076388888888889 0.09513888888888888
0 0.4625 0.0125 0.05555555555555555 0.025
0 0.29930555555555555 0.027777777777777776 0.04722222222222222 0.043055555555555555
0 0.1076388888888889 0.08958333333333333 0.05625 0.058333333333333334
0 0.01597222222222222 0.5097222222222222 0.03194444444444444 0.03611111111111111
0 0.14097222222222222 0.1451388888888889 0.025 0.02847222222222222
0 0.5083333333333333 0.14097222222222222 0.09791666666666667 0.10208333333333333
0 0.3701388888888889 0.03819444444444445 0.04027777777777778 0.0763888888888889
0 0.5125 0.48680555555555555 0.09444444444444444 0.08194444444444444
0 0.3416666666666667 0.24166666666666667 0.1326388888888889 0.12152777777777778
0 0.05555555555555555 0.4152777777777778 0.10694444444444444 0.10625
0 0.3527777777777778 0.2777777777777778 0.09166666666666666 0.0875
0 0.47638888888888886 0.4534722222222222 0.10347222222222222 0.09583333333333334
0 0.49027777777777776 0.1625 0.06944444444444445 0.059027777777777776
0 0.5861111111111111 0.19305555555555556 0.044444444444444446 0.09166666666666666
0 0.20416666666666666 0.3375 0.05555555555555555 0.05416666666666667
0 0.5145833333333333 0.08819444444444445 0.035416666666666666 0.03611111111111111
0 0.23333333333333334 0.05763888888888889 0.10555555555555556 0.08472222222222223
0 0.06041666666666667 0.07291666666666667 0.03958333333333333 0.043055555555555555
0 0.28680555555555554 0.14583333333333334 0.0375 0.03819444444444445
0 0.26805555555555555 0.07361111111111111 0.043055555555555555 0.030555555555555555
0 0.25972222222222224 0.2652777777777778 0.04791666666666667 0.04791666666666667
0 0.2 0.26944444444444443 0.04513888888888889 0.05625
0 0.9652777777777778 0.40902777777777777 0.06666666666666667 0.2375
0 0.96875 0.16875 0.059722222222222225 0.3375
0 0.8520833333333333 0.10138888888888889 0.20416666666666666 0.20277777777777778
0 0.7756944444444445 0.38125 0.33194444444444443 0.2875
0 0.4777777777777778 0.8270833333333333 0.10069444444444445 0.1875
0 0.32083333333333336 0.6465277777777778 0.31666666666666665 0.23472222222222222
0 0.26875 0.8486111111111111 0.1673611111111111 0.12083333333333333
0 0.5659722222222222 0.8277777777777777 0.08472222222222223 0.20833333333333334
0 0.4986111111111111 0.9715277777777778 0.21944444444444444 0.05416666666666667
0 0.058333333333333334 0.9736111111111111 0.11666666666666667 0.05
0 0.12361111111111112 0.7194444444444444 0.0798611111111111 0.043055555555555555
0 0.043055555555555555 0.5805555555555556 0.08611111111111111 0.10277777777777777
0 0.018055555555555554 0.7729166666666667 0.03611111111111111 0.06527777777777778
0 0.1875 0.7666666666666667 0.07569444444444444 0.07222222222222222
0 0.09791666666666667 0.6722222222222223 0.034027777777777775 0.04375
0 0.0625 0.7840277777777778 0.05625 0.07777777777777778
0 0.08402777777777778 0.8284722222222223 0.04097222222222222 0.05416666666666667
0 0.022916666666666665 0.8680555555555556 0.04583333333333333 0.075
0 0.18125 0.96875 0.0763888888888889 0.059722222222222225
0 0.18125 0.9236111111111112 0.08402777777777778 0.05694444444444444
0 0.05694444444444444 0.7319444444444444 0.03819444444444445 0.04375
0 0.1284722222222222 0.7902777777777777 0.0375 0.03680555555555556
0 0.13055555555555556 0.8451388888888889 0.04652777777777778 0.05
0 0.09722222222222222 0.8868055555555555 0.07222222222222222 0.06736111111111111
0 0.39791666666666664 0.85625 0.0875 0.06458333333333334
0 0.1597222222222222 0.8701388888888889 0.06527777777777778 0.06180555555555556
0 0.35 0.9486111111111111 0.10416666666666667 0.06319444444444444
0 0.010416666666666666 0.9444444444444444 0.020833333333333332 0.075
0 0.005555555555555556 0.6590277777777778 0.011111111111111112 0.05138888888888889
0 0.07569444444444444 0.9222222222222223 0.08472222222222223 0.07152777777777777
0 0.13958333333333334 0.9388888888888889 0.04861111111111111 0.05763888888888889
0 0.3416666666666667 0.7506944444444444 0.1125 0.0798611111111111
0 0.1375 0.6451388888888889 0.06458333333333334 0.09097222222222222
0 0.45208333333333334 0.95625 0.1125 0.08472222222222223
0 0.008333333333333333 0.7 0.016666666666666666 0.04722222222222222
0 0.4027777777777778 0.8083333333333333 0.08611111111111111 0.06805555555555555
0 0.7798611111111111 0.6986111111111111 0.3347222222222222 0.3388888888888889
0 0.8958333333333334 0.7638888888888888 0.20555555555555555 0.46944444444444444
0 0.725 0.8972222222222223 0.23055555555555557 0.20277777777777778