0 0.02847222222222222 0.07847222222222222 0.05694444444444444 0.043055555555555555
0 0.37916666666666665 0.25555555555555554 0.09305555555555556 0.1388888888888889
0 0.6041666666666666 0.010416666666666666 0.09166666666666666 0.020833333333333332
0 0.6520833333333333 0.03194444444444444 0.07083333333333333 0.06388888888888888
0 0.5479166666666667 0.21388888888888888 0.07777777777777778 0.08472222222222223
0 0.5104166666666666 0.22708333333333333 0.06180555555555556 0.07222222222222222
0 0.275 0.029861111111111113 0.075 0.059722222222222225
0 0.2652777777777778 0.05694444444444444 0.05694444444444444 0.04722222222222222
0 0.07569444444444444 0.23472222222222222 0.050694444444444445 0.059722222222222225
0 0.2701388888888889 0.3138888888888889 0.07847222222222222 0.06875
0 0.4652777777777778 0.10694444444444444 0.1284722222222222 0.15902777777777777
0 0.5555555555555556 0.15486111111111112 0.10347222222222222 0.08958333333333333
0 0.6034722222222222 0.2375 0.06458333333333334 0.08958333333333333
0 0.625 0.08958333333333333 0.125 0.1625
0 0.4152777777777778 0.34375 0.10416666666666667 0.11388888888888889
0 0.4930555555555556 0.025 0.11944444444444445 0.05
0 0.025694444444444443 0.034722222222222224 0.05138888888888889 0.06944444444444445
0 0.4152777777777778 0.34444444444444444 0.1076388888888889 0.11458333333333333
0 0.6625 0.36527777777777776 0.05 0.20555555555555555
0 0.6611111111111111 0.225 0.05277777777777778 0.14444444444444443
0 0.5430555555555555 0.06597222222222222 0.08541666666666667 0.09583333333333334
0 0.6138888888888889 0.4027777777777778 0.14166666666666666 0.13055555555555556
0 0.36319444444444443 0.06111111111111111 0.0763888888888889 0.12222222222222222
0 0.7631944444444444 0.24722222222222223 0.1486111111111111 0.44166666666666665
0 0.9048611111111111 0.26458333333333334 0.1875 0.40694444444444444
0 0.33194444444444443 0.7597222222222222 0.6638888888888889 0.4777777777777778
0 0.30069444444444443 0.59375 0.49027777777777776 0.24861111111111112
0 0.6118055555555556 0.6965277777777777 0.15138888888888888 0.45416666666666666
0 0.8729166666666667 0.9027777777777778 0.1625 0.1
0 0.9715277777777778 0.8840277777777777 0.052083333333333336 0.0798611111111111
0 0.9680555555555556 0.9534722222222223 0.06111111111111111 0.09027777777777778
0 0.7298611111111111 0.9305555555555556 0.08194444444444444 0.1361111111111111
0 0.93125 0.7368055555555556 0.050694444444444445 0.05416666666666667
0 0.8986111111111111 0.7791666666666667 0.029861111111111113 0.043055555555555555
0 0.8798611111111111 0.7569444444444444 0.049305555555555554 0.05694444444444444
0 0.9826388888888888 0.7701388888888889 0.03194444444444444 0.06527777777777778
0 0.9097222222222222 0.8541666666666666 0.07430555555555556 0.058333333333333334
0 0.9680555555555556 0.8256944444444444 0.05138888888888889 0.05486111111111111
0 0.75 0.8590277777777777 0.09722222222222222 0.12083333333333333