0 0.5229166666666667 0.16527777777777777 0.029166666666666667 0.04722222222222222
0 0.5194444444444445 0.04583333333333333 0.03611111111111111 0.058333333333333334
0 0.020833333333333332 0.23680555555555555 0.041666666666666664 0.08194444444444444
0 0.09166666666666666 0.07291666666666667 0.10555555555555556 0.0875
0 0.19166666666666668 0.6402777777777777 0.15208333333333332 0.12291666666666666
0 0.10902777777777778 0.2881944444444444 0.07361111111111111 0.08541666666666667
0 0.2298611111111111 0.4979166666666667 0.0875 0.15208333333333332
0 0.025694444444444443 0.12569444444444444 0.05138888888888889 0.059722222222222225
0 0.4284722222222222 0.4361111111111111 0.04583333333333333 0.08125
0 0.4701388888888889 0.4409722222222222 0.058333333333333334 0.07777777777777778
0 0.5263888888888889 0.37916666666666665 0.022222222222222223 0.09166666666666666
0 0.5118055555555555 0.3784722222222222 0.02847222222222222 0.034722222222222224
0 0.24027777777777778 0.06805555555555555 0.14444444444444443 0.1361111111111111
0 0.3 0.14444444444444443 0.07430555555555556 0.07013888888888889
0 0.02847222222222222 0.5152777777777777 0.05694444444444444 0.09444444444444444
0 0.08888888888888889 0.5902777777777778 0.07222222222222222 0.125
0 0.2875 0.6965277777777777 0.09166666666666666 0.0625
0 0.5201388888888889 0.44930555555555557 0.034722222222222224 0.0625
0 0.3819444444444444 0.6625 0.1111111111111111 0.13055555555555556
0 0.28402777777777777 0.3993055555555556 0.10138888888888889 0.10625
0 0.5090277777777777 0.24861111111111112 0.05694444444444444 0.17777777777777778
0 0.40902777777777777 0.3375 0.0375 0.05416666666666667
0 0.2659722222222222 0.20208333333333334 0.1527777777777778 0.13472222222222222
0 0.1 0.3951388888888889 0.12083333333333333 0.16458333333333333
0 0.29583333333333334 0.6076388888888888 0.07222222222222222 0.10902777777777778
0 0.4013888888888889 0.38055555555555554 0.06666666666666667 0.06111111111111111
0 0.375 0.5527777777777778 0.07916666666666666 0.05486111111111111
0 0.47847222222222224 0.5923611111111111 0.06736111111111111 0.05625
0 0.5201388888888889 0.5152777777777777 0.034722222222222224 0.06944444444444445
0 0.45 0.6527777777777778 0.175 0.15
0 0.1986111111111111 0.5652777777777778 0.12013888888888889 0.13472222222222222
0 0.4666666666666667 0.3770833333333333 0.09513888888888888 0.10208333333333333
0 0.3590277777777778 0.49375 0.10972222222222222 0.07083333333333333
0 0.2 0.3236111111111111 0.075 0.05277777777777778
0 0.5173611111111112 0.12569444444444444 0.04027777777777778 0.04583333333333333
0 0.4847222222222222 0.1388888888888889 0.05694444444444444 0.058333333333333334
0 0.35208333333333336 0.6930555555555555 0.12361111111111112 0.06944444444444445
0 0.03194444444444444 0.3888888888888889 0.06388888888888888 0.2222222222222222
0 0.027083333333333334 0.5652777777777778 0.05416666666666667 0.1
0 0.2152777777777778 0.6958333333333333 0.15 0.06388888888888888
0 0.3729166666666667 0.09930555555555555 0.11041666666666666 0.07083333333333333
0 0.4013888888888889 0.034027777777777775 0.1 0.06805555555555555
0 0.09444444444444444 0.12777777777777777 0.07777777777777778 0.06597222222222222
0 0.25 0.28125 0.058333333333333334 0.05694444444444444
0 0.23055555555555557 0.004166666666666667 0.1111111111111111 0.008333333333333333
0 0.2972222222222222 0.31805555555555554 0.04583333333333333 0.07291666666666667
0 0.5534722222222223 0.6722222222222223 0.029166666666666667 0.1111111111111111
0 0.6027777777777777 0.5138888888888888 0.12777777777777777 0.18055555555555555
0 0.875 0.38472222222222224 0.21736111111111112 0.10277777777777777
0 0.5555555555555556 0.1326388888888889 0.03333333333333333 0.059722222222222225
0 0.7861111111111111 0.15625 0.06666666666666667 0.041666666666666664
0 0.8097222222222222 0.18263888888888888 0.06527777777777778 0.05486111111111111
0 0.8326388888888889 0.22569444444444445 0.09375 0.04791666666666667
0 0.71875 0.35208333333333336 0.16041666666666668 0.09375
0 0.7583333333333333 0.44583333333333336 0.2048611111111111 0.13680555555555557
0 0.9430555555555555 0.20347222222222222 0.06041666666666667 0.06666666666666667
0 0.8284722222222223 0.6159722222222223 0.3402777777777778 0.22361111111111112
0 0.9409722222222222 0.09166666666666666 0.11527777777777778 0.16944444444444445
0 0.9916666666666667 0.13402777777777777 0.013888888888888888 0.07361111111111111
0 0.9145833333333333 0.48125 0.16805555555555557 0.13194444444444445
0 0.6458333333333334 0.16805555555555557 0.1326388888888889 0.1076388888888889
0 0.6854166666666667 0.2534722222222222 0.1111111111111111 0.11458333333333333
0 0.5638888888888889 0.20347222222222222 0.05 0.1125
0 0.6534722222222222 0.5756944444444444 0.15138888888888888 0.16180555555555556
0 0.9638888888888889 0.35 0.06944444444444445 0.15
0 0.93125 0.29791666666666666 0.07222222222222222 0.09444444444444444
0 0.85625 0.12777777777777777 0.06458333333333334 0.08541666666666667
0 0.7819444444444444 0.10833333333333334 0.07222222222222222 0.05277777777777778
0 0.7944444444444444 0.07152777777777777 0.058333333333333334 0.035416666666666666
0 0.9583333333333334 0.15902777777777777 0.07777777777777778 0.05625
0 0.12777777777777777 0.8638888888888889 0.25555555555555554 0.26944444444444443
0 0.37430555555555556 0.9118055555555555 0.3263888888888889 0.1736111111111111
0 0.46597222222222223 0.8541666666666666 0.14305555555555555 0.25
0 0.2916666666666667 0.8159722222222222 0.26666666666666666 0.1736111111111111
0 0.5548611111111111 0.8444444444444444 0.03194444444444444 0.06666666666666667
0 0.5548611111111111 0.7722222222222223 0.03194444444444444 0.075
0 0.8847222222222222 0.9777777777777777 0.10555555555555556 0.041666666666666664
0 0.8895833333333333 0.9368055555555556 0.08819444444444445 0.05625
0 0.6 0.8027777777777778 0.08055555555555556 0.11180555555555556
0 0.9659722222222222 0.8770833333333333 0.06527777777777778 0.15694444444444444
0 0.9034722222222222 0.7604166666666666 0.0875 0.0625
0 0.9659722222222222 0.7569444444444444 0.06527777777777778 0.05555555555555555
0 0.8180555555555555 0.8125 0.04791666666666667 0.08472222222222223
0 0.8444444444444444 0.8048611111111111 0.022916666666666665 0.05694444444444444
0 0.9076388888888889 0.8333333333333334 0.1125 0.08402777777777778
0 0.91875 0.8986111111111111 0.06736111111111111 0.06180555555555556
0 0.8048611111111111 0.7548611111111111 0.05277777777777778 0.04791666666666667
0 0.7666666666666667 0.7402777777777778 0.041666666666666664 0.022222222222222223
0 0.7444444444444445 0.74375 0.05 0.029166666666666667
0 0.7 0.7930555555555555 0.1076388888888889 0.08888888888888889
0 0.9694444444444444 0.9638888888888889 0.058333333333333334 0.06944444444444445
0 0.6305555555555555 0.9215277777777777 0.18333333333333332 0.15416666666666667
0 0.76875 0.8923611111111112 0.08680555555555555 0.09305555555555556
0 0.8 0.9506944444444444 0.10277777777777777 0.09583333333333334