0 0.10833333333333334 0.38263888888888886 0.0875 0.06527777777777778
0 0.11805555555555555 0.6277777777777778 0.09722222222222222 0.041666666666666664
0 0.2125 0.4284722222222222 0.09652777777777778 0.09583333333333334
0 0.44375 0.54375 0.0875 0.07916666666666666
0 0.29097222222222224 0.5770833333333333 0.1597222222222222 0.14305555555555555
0 0.17916666666666667 0.5506944444444445 0.14444444444444443 0.14444444444444443
0 0.26944444444444443 0.36736111111111114 0.09236111111111112 0.13819444444444445
0 0.37083333333333335 0.475 0.06944444444444445 0.08402777777777778
0 0.3472222222222222 0.40069444444444446 0.10694444444444444 0.1076388888888889
0 0.31875 0.2520833333333333 0.05 0.05277777777777778
0 0.3506944444444444 0.2881944444444444 0.041666666666666664 0.04097222222222222
0 0.36736111111111114 0.25833333333333336 0.04722222222222222 0.07013888888888889
0 0.4131944444444444 0.2361111111111111 0.049305555555555554 0.06041666666666667
0 0.3451388888888889 0.075 0.05694444444444444 0.04861111111111111
0 0.3347222222222222 0.09375 0.04027777777777778 0.03611111111111111
0 0.4527777777777778 0.20694444444444443 0.06944444444444445 0.1527777777777778
0 0.3055555555555556 0.15694444444444444 0.04027777777777778 0.035416666666666666
0 0.21458333333333332 0.15833333333333333 0.041666666666666664 0.03680555555555556
0 0.3645833333333333 0.3416666666666667 0.044444444444444446 0.0875
0 0.2923611111111111 0.2951388888888889 0.1111111111111111 0.11180555555555556
0 0.13194444444444445 0.45694444444444443 0.06458333333333334 0.049305555555555554
0 0.2923611111111111 0.4722222222222222 0.09722222222222222 0.07291666666666667
0 0.4576388888888889 0.08611111111111111 0.05763888888888889 0.07291666666666667
0 0.013888888888888888 0.5986111111111111 0.027777777777777776 0.1
0 0.20277777777777778 0.28194444444444444 0.07569444444444444 0.11180555555555556
0 0.3875 0.1625 0.06805555555555555 0.07361111111111111
0 0.43472222222222223 0.3506944444444444 0.10555555555555556 0.2569444444444444
0 0.007638888888888889 0.049305555555555554 0.015277777777777777 0.09861111111111111
0 0.38819444444444445 0.075 0.03958333333333333 0.05416666666666667
0 0.4166666666666667 0.06597222222222222 0.03680555555555556 0.041666666666666664
0 0.06597222222222222 0.5854166666666667 0.13194444444444445 0.10694444444444444
0 0.05 0.19444444444444445 0.04583333333333333 0.06458333333333334
0 0.28888888888888886 0.20069444444444445 0.06041666666666667 0.06666666666666667
0 0.4798611111111111 0.006944444444444444 0.015277777777777777 0.013888888888888888
0 0.47708333333333336 0.04236111111111111 0.020833333333333332 0.043055555555555555
0 0.5944444444444444 0.6416666666666667 0.07222222222222222 0.013888888888888888
0 0.8256944444444444 0.5763888888888888 0.09513888888888888 0.07569444444444444
0 0.8597222222222223 0.44722222222222224 0.08263888888888889 0.11041666666666666
0 0.9826388888888888 0.5145833333333333 0.03194444444444444 0.06527777777777778
0 0.9763888888888889 0.5784722222222223 0.044444444444444446 0.06805555555555555
0 0.9027777777777778 0.6020833333333333 0.14444444444444443 0.09305555555555556
0 0.7513888888888889 0.5798611111111112 0.0625 0.08194444444444444
0 0.7597222222222222 0.6388888888888888 0.12222222222222222 0.019444444444444445
0 0.9618055555555556 0.3902777777777778 0.07361111111111111 0.075
0 0.91875 0.35625 0.06597222222222222 0.08402777777777778
0 0.9673611111111111 0.31180555555555556 0.0625 0.07916666666666666
0 0.6215277777777778 0.38958333333333334 0.15694444444444444 0.0625
0 0.7534722222222222 0.3326388888888889 0.15208333333333332 0.10694444444444444
0 0.5229166666666667 0.39652777777777776 0.06805555555555555 0.11805555555555555
0 0.5458333333333333 0.24375 0.11388888888888889 0.22083333333333333
0 0.6854166666666667 0.5006944444444444 0.20833333333333334 0.18333333333333332
0 0.9222222222222223 0.2833333333333333 0.04861111111111111 0.059027777777777776
0 0.85625 0.2743055555555556 0.08888888888888889 0.05555555555555555
0 0.15763888888888888 0.9076388888888889 0.24027777777777778 0.18194444444444444
0 0.46319444444444446 0.8965277777777778 0.04861111111111111 0.1125
0 0.46319444444444446 0.68125 0.04861111111111111 0.0625
0 0.4777777777777778 0.7416666666666667 0.019444444444444445 0.1361111111111111
0 0.22708333333333333 0.6736111111111112 0.0875 0.04722222222222222
0 0.34305555555555556 0.7583333333333333 0.24097222222222223 0.17916666666666667
0 0.3506944444444444 0.9611111111111111 0.08194444444444444 0.075
0 0.41805555555555557 0.9465277777777777 0.075 0.10416666666666667
0 0.04791666666666667 0.8013888888888889 0.06805555555555555 0.05625
0 0.1597222222222222 0.71875 0.14166666666666666 0.1375
0 0.3715277777777778 0.9854166666666667 0.08472222222222223 0.02638888888888889
0 0.1597222222222222 0.69375 0.125 0.0875
0 0.16805555555555557 0.69375 0.07777777777777778 0.0875
0 0.020833333333333332 0.9194444444444444 0.041666666666666664 0.05555555555555555
0 0.03333333333333333 0.9729166666666667 0.06666666666666667 0.05138888888888889
0 0.04236111111111111 0.7388888888888889 0.08472222222222223 0.075
0 0.8986111111111111 0.8097222222222222 0.2 0.3194444444444444
0 0.6826388888888889 0.7444444444444445 0.3875 0.18888888888888888