0 0.06736111111111111 0.20347222222222222 0.09861111111111111 0.06597222222222222
0 0.24375 0.17916666666666667 0.07847222222222222 0.09791666666666667
0 0.15069444444444444 0.2222222222222222 0.075 0.05416666666666667
0 0.10833333333333334 0.37569444444444444 0.08194444444444444 0.08194444444444444
0 0.31180555555555556 0.3402777777777778 0.03194444444444444 0.10833333333333334
0 0.26875 0.4284722222222222 0.05416666666666667 0.05416666666666667
0 0.021527777777777778 0.49166666666666664 0.043055555555555555 0.13055555555555556
0 0.1527777777777778 0.16944444444444445 0.044444444444444446 0.05138888888888889
0 0.28888888888888886 0.2048611111111111 0.06458333333333334 0.05
0 0.1951388888888889 0.5611111111111111 0.12638888888888888 0.05277777777777778
0 0.04375 0.37569444444444444 0.0875 0.22083333333333333
0 0.09722222222222222 0.2826388888888889 0.17291666666666666 0.10416666666666667
0 0.14930555555555555 0.09722222222222222 0.18125 0.1375
0 0.022222222222222223 0.16180555555555556 0.044444444444444446 0.07083333333333333
0 0.08888888888888889 0.5138888888888888 0.04027777777777778 0.034722222222222224
0 0.14930555555555555 0.4777777777777778 0.04722222222222222 0.0375
0 0.0875 0.4354166666666667 0.03125 0.03888888888888889
0 0.052083333333333336 0.5673611111111111 0.0375 0.04027777777777778
0 0.050694444444444445 0.525 0.025 0.04375
0 0.8180555555555555 0.31875 0.3611111111111111 0.5375
0 0.46458333333333335 0.5201388888888889 0.2708333333333333 0.13472222222222222
0 0.6180555555555556 0.29375 0.5777777777777777 0.5875
0 0.19583333333333333 0.9555555555555556 0.16666666666666666 0.08611111111111111
0 0.14027777777777778 0.7763888888888889 0.28055555555555556 0.375
0 0.05555555555555555 0.8701388888888889 0.1111111111111111 0.2569444444444444
0 0.7305555555555555 0.9458333333333333 0.09166666666666666 0.10555555555555556
0 0.6888888888888889 0.9881944444444445 0.1361111111111111 0.020833333333333332
0 0.8736111111111111 0.9472222222222222 0.25 0.10277777777777777
0 0.9256944444444445 0.7375 0.14583333333333334 0.2972222222222222
0 0.6208333333333333 0.7833333333333333 0.5833333333333334 0.3888888888888889