0 0.06944444444444445 0.225 0.03611111111111111 0.05
0 0.3590277777777778 0.30694444444444446 0.09791666666666667 0.10972222222222222
0 0.008333333333333333 0.20972222222222223 0.016666666666666666 0.041666666666666664
0 0.011111111111111112 0.16875 0.022222222222222223 0.0625
0 0.08680555555555555 0.5618055555555556 0.12916666666666668 0.07361111111111111
0 0.41805555555555557 0.26944444444444443 0.019444444444444445 0.06666666666666667
0 0.04027777777777778 0.05347222222222222 0.08055555555555556 0.10694444444444444
0 0.16111111111111112 0.09166666666666666 0.05277777777777778 0.04027777777777778
0 0.16458333333333333 0.3284722222222222 0.09444444444444444 0.11388888888888889
0 0.4166666666666667 0.1527777777777778 0.022222222222222223 0.06666666666666667
0 0.2423611111111111 0.32708333333333334 0.05555555555555555 0.07291666666666667
0 0.07916666666666666 0.43194444444444446 0.06458333333333334 0.09513888888888888
0 0.04513888888888889 0.3298611111111111 0.08125 0.06458333333333334
0 0.09166666666666666 0.38680555555555557 0.075 0.09097222222222222
0 0.4076388888888889 0.4861111111111111 0.04027777777777778 0.06666666666666667
0 0.33194444444444443 0.45069444444444445 0.06736111111111111 0.06319444444444444
0 0.23819444444444443 0.3972222222222222 0.10555555555555556 0.07708333333333334
0 0.007638888888888889 0.38055555555555554 0.015277777777777777 0.05277777777777778
0 0.34930555555555554 0.5409722222222222 0.15694444444444444 0.11527777777777778
0 0.41180555555555554 0.4125 0.03194444444444444 0.075
0 0.42083333333333334 0.33402777777777776 0.013888888888888888 0.09027777777777778
0 0.3701388888888889 0.05555555555555555 0.03680555555555556 0.04791666666666667
0 0.35347222222222224 0.020833333333333332 0.043055555555555555 0.041666666666666664
0 0.4131944444444444 0.02013888888888889 0.029166666666666667 0.04027777777777778
0 0.17708333333333334 0.2708333333333333 0.08055555555555556 0.08263888888888889
0 0.12013888888888889 0.1798611111111111 0.06597222222222222 0.08055555555555556
0 0.21875 0.2152777777777778 0.0375 0.06180555555555556
0 0.18333333333333332 0.17708333333333334 0.05 0.06597222222222222
0 0.21180555555555555 0.14375 0.05486111111111111 0.05
0 0.03333333333333333 0.39444444444444443 0.06666666666666667 0.09722222222222222
0 0.01597222222222222 0.2708333333333333 0.03194444444444444 0.06944444444444445
0 0.09097222222222222 0.2902777777777778 0.050694444444444445 0.05
0 0.4083333333333333 0.08263888888888889 0.034027777777777775 0.08888888888888889
0 0.2298611111111111 0.26319444444444445 0.06319444444444444 0.06736111111111111
0 0.2534722222222222 0.23402777777777778 0.05416666666666667 0.08333333333333333
0 0.24027777777777778 0.16666666666666666 0.05763888888888889 0.052083333333333336
0 0.875 0.017361111111111112 0.04722222222222222 0.034722222222222224
0 0.7263888888888889 0.46875 0.13958333333333334 0.16805555555555557
0 0.7777777777777778 0.1388888888888889 0.03958333333333333 0.04097222222222222
0 0.9770833333333333 0.4708333333333333 0.043055555555555555 0.05555555555555555
0 0.7881944444444444 0.030555555555555555 0.03819444444444445 0.04791666666666667
0 0.6625 0.53125 0.11458333333333333 0.12013888888888889
0 0.8979166666666667 0.4423611111111111 0.050694444444444445 0.04236111111111111
0 0.9659722222222222 0.5041666666666667 0.05347222222222222 0.07291666666666667
0 0.8631944444444445 0.4027777777777778 0.05277777777777778 0.05416666666666667
0 0.5159722222222223 0.25277777777777777 0.03680555555555556 0.030555555555555555
0 0.5583333333333333 0.25833333333333336 0.05555555555555555 0.04583333333333333
0 0.575 0.4166666666666667 0.09513888888888888 0.07708333333333334
0 0.4722222222222222 0.4722222222222222 0.04652777777777778 0.07083333333333333
0 0.4576388888888889 0.3958333333333333 0.05694444444444444 0.075
0 0.44722222222222224 0.43194444444444446 0.03611111111111111 0.05416666666666667
0 0.5118055555555555 0.3888888888888889 0.04861111111111111 0.059722222222222225
0 0.6166666666666667 0.4736111111111111 0.08194444444444444 0.049305555555555554
0 0.53125 0.49375 0.09930555555555555 0.11458333333333333
0 0.9756944444444444 0.5527777777777778 0.04583333333333333 0.05555555555555555
0 0.8763888888888889 0.5673611111111111 0.18055555555555555 0.0625
0 0.8256944444444444 0.46041666666666664 0.12638888888888888 0.09444444444444444
0 0.8597222222222223 0.3277777777777778 0.04513888888888889 0.06458333333333334
0 0.6645833333333333 0.2652777777777778 0.058333333333333334 0.06388888888888888
0 0.6291666666666667 0.2222222222222222 0.04236111111111111 0.044444444444444446
0 0.8194444444444444 0.14583333333333334 0.050694444444444445 0.04027777777777778
0 0.8465277777777778 0.17152777777777778 0.03819444444444445 0.041666666666666664
0 0.8104166666666667 0.17777777777777778 0.035416666666666666 0.02638888888888889
0 0.9513888888888888 0.37083333333333335 0.034722222222222224 0.04583333333333333
0 0.8006944444444445 0.11180555555555556 0.044444444444444446 0.05555555555555555
0 0.9555555555555556 0.009722222222222222 0.044444444444444446 0.019444444444444445
0 0.2361111111111111 0.7993055555555556 0.38333333333333336 0.39861111111111114
0 0.2875 0.7944444444444444 0.28055555555555556 0.3888888888888889
0 0.8965277777777778 0.7201388888888889 0.20416666666666666 0.24027777777777778
0 0.9763888888888889 0.8361111111111111 0.044444444444444446 0.325
0 0.6701388888888888 0.7993055555555556 0.48194444444444445 0.39861111111111114