0 0.0763888888888889 0.1736111111111111 0.0375 0.04513888888888889
0 0.25069444444444444 0.06111111111111111 0.04375 0.03958333333333333
0 0.32222222222222224 0.052083333333333336 0.030555555555555555 0.034722222222222224
0 0.030555555555555555 0.41458333333333336 0.06111111111111111 0.05416666666666667
0 0.15833333333333333 0.34097222222222223 0.04861111111111111 0.05
0 0.26666666666666666 0.38472222222222224 0.06388888888888888 0.043055555555555555
0 0.016666666666666666 0.35138888888888886 0.03333333333333333 0.044444444444444446
0 0.30625 0.2875 0.0625 0.06666666666666667
0 0.05277777777777778 0.6722222222222223 0.10555555555555556 0.09166666666666666
0 0.18958333333333333 0.7020833333333333 0.09027777777777778 0.03194444444444444
0 0.03958333333333333 0.24583333333333332 0.04722222222222222 0.04652777777777778
0 0.14375 0.11597222222222223 0.04652777777777778 0.04027777777777778
0 0.2881944444444444 0.1951388888888889 0.06666666666666667 0.05277777777777778
0 0.1111111111111111 0.39791666666666664 0.10555555555555556 0.10277777777777777
0 0.09861111111111111 0.3416666666666667 0.06736111111111111 0.034027777777777775
0 0.09861111111111111 0.3138888888888889 0.05 0.044444444444444446
0 0.18263888888888888 0.30694444444444446 0.049305555555555554 0.07083333333333333
0 0.27291666666666664 0.23680555555555555 0.03888888888888889 0.05
0 0.02847222222222222 0.30833333333333335 0.05694444444444444 0.125
0 0.09236111111111112 0.2076388888888889 0.044444444444444446 0.03888888888888889
0 0.19166666666666668 0.04791666666666667 0.04861111111111111 0.05138888888888889
0 0.03888888888888889 0.15833333333333333 0.04513888888888889 0.06527777777777778
0 0.006944444444444444 0.23125 0.013888888888888888 0.04583333333333333
0 0.18541666666666667 0.17916666666666667 0.03888888888888889 0.03958333333333333
0 0.6548611111111111 0.3111111111111111 0.6319444444444444 0.6222222222222222
0 0.9034722222222222 0.5680555555555555 0.19027777777777777 0.3
0 0.10208333333333333 0.9104166666666667 0.15138888888888888 0.1763888888888889
0 0.25277777777777777 0.8951388888888889 0.16944444444444445 0.20694444444444443
0 0.12013888888888889 0.8048611111111111 0.24027777777777778 0.17083333333333334
0 0.6777777777777778 0.8590277777777777 0.6416666666666667 0.2791666666666667