0 0.17916666666666667 0.29375 0.31666666666666665 0.5875
0 0.03333333333333333 0.027777777777777776 0.06666666666666667 0.05555555555555555
0 0.2652777777777778 0.006944444444444444 0.05 0.013888888888888888
0 0.16805555555555557 0.052083333333333336 0.0763888888888889 0.10347222222222222
0 0.03819444444444445 0.08888888888888889 0.0763888888888889 0.08888888888888889
0 0.06805555555555555 0.5638888888888889 0.1361111111111111 0.04722222222222222
0 0.013888888888888888 0.5069444444444444 0.027777777777777776 0.16111111111111112
0 0.10069444444444445 0.044444444444444446 0.05763888888888889 0.05625
0 0.2326388888888889 0.027777777777777776 0.05138888888888889 0.05138888888888889
0 0.9145833333333333 0.5569444444444445 0.05694444444444444 0.06111111111111111
0 0.4597222222222222 0.33125 0.05 0.06875
0 0.5715277777777777 0.4479166666666667 0.06111111111111111 0.04236111111111111
0 0.9645833333333333 0.44722222222222224 0.06805555555555555 0.10555555555555556
0 0.8145833333333333 0.28402777777777777 0.04236111111111111 0.05138888888888889
0 0.7145833333333333 0.34791666666666665 0.04722222222222222 0.04791666666666667
0 0.7458333333333333 0.3736111111111111 0.06875 0.059027777777777776
0 0.3840277777777778 0.4354166666666667 0.09027777777777778 0.14305555555555555
0 0.34930555555555554 0.46875 0.020833333333333332 0.04583333333333333
0 0.34652777777777777 0.5166666666666667 0.015277777777777777 0.10277777777777777
0 0.6465277777777778 0.5652777777777778 0.09305555555555556 0.044444444444444446
0 0.5847222222222223 0.5027777777777778 0.06180555555555556 0.075
0 0.5138888888888888 0.5569444444444445 0.08888888888888889 0.06111111111111111
0 0.9881944444444445 0.3861111111111111 0.020833333333333332 0.058333333333333334
0 0.8506944444444444 0.48055555555555557 0.0875 0.07708333333333334
0 0.8777777777777778 0.5291666666666667 0.08472222222222223 0.09027777777777778
0 0.9888888888888889 0.5319444444444444 0.019444444444444445 0.06388888888888888
0 0.9791666666666666 0.5715277777777777 0.03888888888888889 0.03194444444444444
0 0.16875 0.79375 0.3375 0.4097222222222222
0 0.6145833333333334 0.9340277777777778 0.2791666666666667 0.12916666666666668
0 0.8104166666666667 0.6340277777777777 0.3625 0.09027777777777778
0 0.5305555555555556 0.79375 0.38333333333333336 0.4097222222222222
0 0.8340277777777778 0.8256944444444444 0.30694444444444446 0.3458333333333333