0 0.3506944444444444 0.14930555555555555 0.05416666666666667 0.15138888888888888
0 0.3125 0.09583333333333334 0.08541666666666667 0.0875
0 0.11944444444444445 0.31527777777777777 0.13055555555555556 0.10833333333333334
0 0.17708333333333334 0.18819444444444444 0.11527777777777778 0.10972222222222222
0 0.008333333333333333 0.1361111111111111 0.016666666666666666 0.05
0 0.027777777777777776 0.1423611111111111 0.041666666666666664 0.050694444444444445
0 0.19722222222222222 0.36736111111111114 0.034722222222222224 0.03680555555555556
0 0.24166666666666667 0.48194444444444445 0.035416666666666666 0.05555555555555555
0 0.19375 0.4979166666666667 0.06180555555555556 0.11527777777777778
0 0.2798611111111111 0.19583333333333333 0.08194444444444444 0.06736111111111111
0 0.15069444444444444 0.3861111111111111 0.041666666666666664 0.04027777777777778
0 0.2722222222222222 0.6104166666666667 0.058333333333333334 0.015277777777777777
0 0.16041666666666668 0.6076388888888888 0.07916666666666666 0.020833333333333332
0 0.029166666666666667 0.22083333333333333 0.058333333333333334 0.05277777777777778
0 0.3298611111111111 0.4798611111111111 0.09583333333333334 0.09861111111111111
0 0.08819444444444445 0.3993055555555556 0.08402777777777778 0.09791666666666667
0 0.08055555555555556 0.2361111111111111 0.06388888888888888 0.050694444444444445
0 0.025 0.53125 0.05 0.1736111111111111
0 0.09236111111111112 0.14930555555555555 0.07430555555555556 0.07291666666666667
0 0.14166666666666666 0.2423611111111111 0.052083333333333336 0.05486111111111111
0 0.3326388888888889 0.4013888888888889 0.05138888888888889 0.04722222222222222
0 0.13194444444444445 0.5986111111111111 0.06388888888888888 0.03888888888888889
0 0.05555555555555555 0.5951388888888889 0.09722222222222222 0.04583333333333333
0 0.29791666666666666 0.39375 0.05 0.06805555555555555
0 0.36527777777777776 0.050694444444444445 0.025 0.06527777777777778
0 0.06875 0.5208333333333334 0.05138888888888889 0.06597222222222222
0 0.2659722222222222 0.14583333333333334 0.05277777777777778 0.05138888888888889
0 0.7090277777777778 0.2986111111111111 0.5791666666666667 0.5972222222222222
0 0.18888888888888888 0.8388888888888889 0.37777777777777777 0.3194444444444444
0 0.06111111111111111 0.7006944444444444 0.12222222222222222 0.1625
0 0.8680555555555556 0.9451388888888889 0.2611111111111111 0.10694444444444444
0 0.8486111111111111 0.7666666666666667 0.3 0.29444444444444445
0 0.6541666666666667 0.7861111111111111 0.43333333333333335 0.3333333333333333
0 0.44583333333333336 0.7923611111111111 0.13333333333333333 0.32916666666666666