0 0.6569444444444444 0.28888888888888886 0.022222222222222223 0.05555555555555555
0 0.3076388888888889 0.3368055555555556 0.04861111111111111 0.1
0 0.55625 0.3020833333333333 0.08263888888888889 0.07291666666666667
0 0.2875 0.10208333333333333 0.07291666666666667 0.08611111111111111
0 0.6229166666666667 0.3840277777777778 0.034722222222222224 0.006944444444444444
0 0.6479166666666667 0.24166666666666667 0.04027777777777778 0.05555555555555555
0 0.46875 0.25555555555555554 0.02847222222222222 0.03819444444444445
0 0.5 0.27708333333333335 0.027083333333333334 0.04027777777777778
0 0.3347222222222222 0.3701388888888889 0.041666666666666664 0.034722222222222224
0 0.42986111111111114 0.3423611111111111 0.024305555555555556 0.030555555555555555
0 0.4534722222222222 0.3388888888888889 0.03819444444444445 0.035416666666666666
0 0.011111111111111112 0.31319444444444444 0.022222222222222223 0.12083333333333333
0 0.56875 0.3715277777777778 0.03125 0.03194444444444444
0 0.09444444444444444 0.34652777777777777 0.08888888888888889 0.08194444444444444
0 0.07708333333333334 0.3 0.06041666666666667 0.05486111111111111
0 0.35833333333333334 0.20972222222222223 0.175 0.11805555555555555
0 0.225 0.3611111111111111 0.1388888888888889 0.05277777777777778
0 0.4097222222222222 0.36944444444444446 0.12777777777777777 0.03611111111111111
0 0.06388888888888888 0.36527777777777776 0.1111111111111111 0.044444444444444446
0 0.6291666666666667 0.32708333333333334 0.06041666666666667 0.052083333333333336
0 0.5909722222222222 0.24027777777777778 0.05277777777777778 0.059027777777777776
0 0.01597222222222222 0.13125 0.03194444444444444 0.06805555555555555
0 0.8340277777777778 0.16319444444444445 0.32916666666666666 0.3263888888888889
0 0.7173611111111111 0.23194444444444445 0.09583333333333334 0.2916666666666667
0 0.8770833333333333 0.30277777777777776 0.24305555555555555 0.16944444444444445
0 0.21736111111111112 0.5965277777777778 0.43472222222222223 0.4152777777777778
0 0.5472222222222223 0.9409722222222222 0.24166666666666667 0.11527777777777778
0 0.21805555555555556 0.9270833333333334 0.4361111111111111 0.14305555555555555
0 0.19305555555555556 0.7993055555555556 0.36041666666666666 0.20694444444444443
0 0.5145833333333333 0.6701388888888888 0.30694444444444446 0.5625
0 0.7875 0.85 0.2361111111111111 0.2972222222222222
0 0.9451388888888889 0.8006944444444445 0.10694444444444444 0.3958333333333333
0 0.8340277777777778 0.47291666666666665 0.32916666666666666 0.16805555555555557
0 0.8340277777777778 0.6673611111111111 0.32916666666666666 0.3402777777777778