0 0.10555555555555556 0.0798611111111111 0.07152777777777777 0.11805555555555555
0 0.09652777777777778 0.18541666666666667 0.08472222222222223 0.08402777777777778
0 0.15 0.03333333333333333 0.05277777777777778 0.06666666666666667
0 0.15902777777777777 0.10625 0.06041666666666667 0.07152777777777777
0 0.09583333333333334 0.0125 0.041666666666666664 0.025
0 0.2791666666666667 0.4284722222222222 0.10277777777777777 0.07916666666666666
0 0.1986111111111111 0.44027777777777777 0.10555555555555556 0.05555555555555555
0 0.3298611111111111 0.31875 0.05694444444444444 0.14305555555555555
0 0.13333333333333333 0.2965277777777778 0.13402777777777777 0.08472222222222223
0 0.32708333333333334 0.4354166666666667 0.059722222222222225 0.06527777777777778
0 0.2361111111111111 0.2701388888888889 0.06805555555555555 0.11944444444444445
0 0.30486111111111114 0.2388888888888889 0.10625 0.1326388888888889
0 0.28055555555555556 0.16666666666666666 0.09444444444444444 0.06041666666666667
0 0.3375 0.030555555555555555 0.041666666666666664 0.06111111111111111
0 0.25555555555555554 0.03125 0.1111111111111111 0.0625
0 0.18472222222222223 0.34305555555555556 0.07152777777777777 0.059722222222222225
0 0.22916666666666666 0.08125 0.05555555555555555 0.06111111111111111
0 0.07708333333333334 0.40555555555555556 0.15416666666666667 0.125
0 0.8791666666666667 0.37430555555555556 0.2388888888888889 0.1875
0 0.5472222222222223 0.03263888888888889 0.25 0.06527777777777778
0 0.7868055555555555 0.12083333333333333 0.2847222222222222 0.24166666666666667
0 0.9493055555555555 0.18819444444444444 0.09861111111111111 0.3763888888888889
0 0.39791666666666664 0.14652777777777778 0.0763888888888889 0.29305555555555557
0 0.6333333333333333 0.23402777777777778 0.4888888888888889 0.46805555555555556
0 0.22777777777777777 0.7270833333333333 0.13680555555555557 0.18333333333333332
0 0.20694444444444443 0.9798611111111111 0.07222222222222222 0.0375
0 0.11319444444444444 0.6409722222222223 0.2263888888888889 0.32916666666666666
0 0.2763888888888889 0.9326388888888889 0.1638888888888889 0.13194444444444445
0 0.05277777777777778 0.8159722222222222 0.10555555555555556 0.12916666666666668
0 0.10833333333333334 0.9020833333333333 0.15625 0.08958333333333333
0 0.30833333333333335 0.5305555555555556 0.1 0.12222222222222222
0 0.43680555555555556 0.5506944444444445 0.05138888888888889 0.05416666666666667
0 0.9069444444444444 0.8145833333333333 0.18333333333333332 0.15694444444444444
0 0.9388888888888889 0.9097222222222222 0.11944444444444445 0.11666666666666667
0 0.9145833333333333 0.60625 0.03611111111111111 0.03819444444444445
0 0.65625 0.49930555555555556 0.15138888888888888 0.059722222222222225
0 0.4479166666666667 0.7597222222222222 0.1763888888888889 0.20555555555555555
0 0.6583333333333333 0.8229166666666666 0.059027777777777776 0.08611111111111111
0 0.6854166666666667 0.8520833333333333 0.08402777777777778 0.08888888888888889
0 0.8166666666666667 0.7298611111111111 0.05625 0.09166666666666666
0 0.9722222222222222 0.48541666666666666 0.05277777777777778 0.03194444444444444
0 0.7715277777777778 0.6625 0.05277777777777778 0.04236111111111111
0 0.7888888888888889 0.5909722222222222 0.07430555555555556 0.05416666666666667
0 0.7597222222222222 0.8069444444444445 0.07916666666666666 0.12569444444444444
0 0.5854166666666667 0.6354166666666666 0.1 0.10138888888888889
0 0.5486111111111112 0.8097222222222222 0.09166666666666666 0.1361111111111111
0 0.6958333333333333 0.7479166666666667 0.06458333333333334 0.08263888888888889
0 0.6347222222222222 0.5854166666666667 0.06597222222222222 0.09444444444444444
0 0.9666666666666667 0.59375 0.06388888888888888 0.11527777777777778
0 0.90625 0.5381944444444444 0.09305555555555556 0.10347222222222222
0 0.7340277777777777 0.98125 0.12083333333333333 0.034722222222222224
0 0.9715277777777778 0.6673611111111111 0.05347222222222222 0.07291666666666667
0 0.8708333333333333 0.5770833333333333 0.07430555555555556 0.05555555555555555