0 0.26666666666666666 0.3597222222222222 0.04236111111111111 0.05
0 0.27291666666666664 0.20277777777777778 0.05416666666666667 0.0763888888888889
0 0.32222222222222224 0.1597222222222222 0.06041666666666667 0.04791666666666667
0 0.2916666666666667 0.14097222222222222 0.034722222222222224 0.03958333333333333
0 0.3854166666666667 0.3451388888888889 0.08263888888888889 0.13055555555555556
0 0.11944444444444445 0.17291666666666666 0.0375 0.03958333333333333
0 0.4708333333333333 0.44513888888888886 0.04583333333333333 0.034027777777777775
0 0.4326388888888889 0.43819444444444444 0.035416666666666666 0.03958333333333333
0 0.37083333333333335 0.4534722222222222 0.05486111111111111 0.06388888888888888
0 0.2604166666666667 0.4354166666666667 0.043055555555555555 0.05416666666666667
0 0.05138888888888889 0.18958333333333333 0.10277777777777777 0.16527777777777777
0 0.24513888888888888 0.2673611111111111 0.041666666666666664 0.04722222222222222
0 0.24513888888888888 0.23472222222222222 0.05694444444444444 0.044444444444444446
0 0.23055555555555557 0.19444444444444445 0.05347222222222222 0.044444444444444446
0 0.04722222222222222 0.1 0.06041666666666667 0.059722222222222225
0 0.013194444444444444 0.13055555555555556 0.02638888888888889 0.03333333333333333
0 0.11666666666666667 0.12152777777777778 0.09027777777777778 0.09652777777777778
0 0.13541666666666666 0.34930555555555554 0.05416666666666667 0.06111111111111111
0 0.12152777777777778 0.46805555555555556 0.05138888888888889 0.03888888888888889
0 0.5527777777777778 0.3958333333333333 0.059722222222222225 0.03333333333333333
0 0.017361111111111112 0.08263888888888889 0.034722222222222224 0.0625
0 0.1625 0.2534722222222222 0.08819444444444445 0.07569444444444444
0 0.3236111111111111 0.2534722222222222 0.049305555555555554 0.04791666666666667
0 0.31666666666666665 0.19652777777777777 0.04097222222222222 0.03888888888888889
0 0.5430555555555555 0.2833333333333333 0.21805555555555556 0.1986111111111111
0 0.5118055555555555 0.47638888888888886 0.059722222222222225 0.022222222222222223
0 0.3388888888888889 0.45555555555555555 0.04652777777777778 0.04861111111111111
0 0.05138888888888889 0.20833333333333334 0.10277777777777777 0.12777777777777777
0 0.20694444444444443 0.12986111111111112 0.075 0.06458333333333334
0 0.41944444444444445 0.28680555555555554 0.09652777777777778 0.08472222222222223
0 0.8388888888888889 0.19305555555555556 0.3194444444444444 0.3861111111111111
0 0.8388888888888889 0.24375 0.3194444444444444 0.4875
0 0.5625 0.8409722222222222 0.23055555555555557 0.31527777777777777
0 0.2298611111111111 0.8256944444444444 0.4597222222222222 0.3458333333333333
0 0.1951388888888889 0.5972222222222222 0.3902777777777778 0.21666666666666667
0 0.5270833333333333 0.6236111111111111 0.3013888888888889 0.26944444444444443
0 0.9125 0.6513888888888889 0.17222222222222222 0.325
0 0.7763888888888889 0.5604166666666667 0.19444444444444445 0.14305555555555555
0 0.8388888888888889 0.7958333333333333 0.3194444444444444 0.40555555555555556