0 0.5173611111111112 0.36527777777777776 0.0625 0.15833333333333333
0 0.017361111111111112 0.39444444444444443 0.034722222222222224 0.2722222222222222
0 0.38055555555555554 0.3645833333333333 0.31180555555555556 0.46319444444444446
0 0.34097222222222223 0.6305555555555555 0.1875 0.03611111111111111
0 0.4861111111111111 0.20833333333333334 0.09305555555555556 0.0798611111111111
0 0.5277777777777778 0.19791666666666666 0.041666666666666664 0.04861111111111111
0 0.5173611111111112 0.14930555555555555 0.0625 0.0875
0 0.06041666666666667 0.06666666666666667 0.12083333333333333 0.13333333333333333
0 0.48333333333333334 0.5916666666666667 0.13055555555555556 0.11388888888888889
0 0.21597222222222223 0.6013888888888889 0.10138888888888889 0.09444444444444444
0 0.06527777777777778 0.3104166666666667 0.09444444444444444 0.06458333333333334
0 0.5458333333333333 0.07777777777777778 0.005555555555555556 0.07777777777777778
0 0.32222222222222224 0.03333333333333333 0.05625 0.04791666666666667
0 0.06805555555555555 0.3729166666666667 0.08611111111111111 0.11388888888888889
0 0.04236111111111111 0.1375 0.08472222222222223 0.13055555555555556
0 0.45416666666666666 0.0798611111111111 0.14583333333333334 0.11180555555555556
0 0.09027777777777778 0.49930555555555556 0.11180555555555556 0.12152777777777778
0 0.18055555555555555 0.5097222222222222 0.09722222222222222 0.059027777777777776
0 0.13194444444444445 0.13680555555555557 0.1 0.11180555555555556
0 0.17777777777777778 0.21805555555555556 0.14305555555555555 0.16111111111111112
0 0.11388888888888889 0.04583333333333333 0.10902777777777778 0.06666666666666667
0 0.12569444444444444 0.010416666666666666 0.08194444444444444 0.020833333333333332
0 0.11875 0.41041666666666665 0.05486111111111111 0.09027777777777778
0 0.225 0.027083333333333334 0.06180555555555556 0.034027777777777775
0 0.2701388888888889 0.04027777777777778 0.0375 0.03819444444444445
0 0.22291666666666668 0.0763888888888889 0.03819444444444445 0.03333333333333333
0 0.07916666666666666 0.23194444444444445 0.07777777777777778 0.09583333333333334
0 0.3951388888888889 0.007638888888888889 0.07083333333333333 0.015277777777777777
0 0.04027777777777778 0.02361111111111111 0.08055555555555556 0.04722222222222222
0 0.15694444444444444 0.32222222222222224 0.11736111111111111 0.1
0 0.4486111111111111 0.2388888888888889 0.07361111111111111 0.08263888888888889
0 0.6909722222222222 0.2652777777777778 0.28194444444444444 0.2722222222222222
0 0.8986111111111111 0.4125 0.2 0.2361111111111111
0 0.7277777777777777 0.5104166666666666 0.20347222222222222 0.2361111111111111
0 0.6118055555555556 0.5513888888888889 0.12361111111111112 0.19444444444444445
0 0.9430555555555555 0.5736111111111111 0.1111111111111111 0.15
0 0.7930555555555555 0.6291666666666667 0.21666666666666667 0.03888888888888889
0 0.6763888888888889 0.07013888888888889 0.22777777777777777 0.14027777777777778
0 0.8034722222222223 0.14097222222222222 0.20972222222222223 0.28194444444444444
0 0.9409722222222222 0.15347222222222223 0.11527777777777778 0.30694444444444446
0 0.2743055555555556 0.7340277777777777 0.5486111111111112 0.16805555555555557
0 0.1701388888888889 0.8243055555555555 0.3402777777777778 0.3486111111111111
0 0.4305555555555556 0.8916666666666667 0.2361111111111111 0.21388888888888888
0 0.6215277777777778 0.9013888888888889 0.14305555555555555 0.19444444444444445
0 0.8986111111111111 0.7875 0.2 0.275
0 0.7493055555555556 0.7763888888888889 0.39861111111111114 0.25277777777777777