0 0.19027777777777777 0.54375 0.09444444444444444 0.12916666666666668
0 0.2298611111111111 0.35138888888888886 0.015277777777777777 0.03888888888888889
0 0.12708333333333333 0.13819444444444445 0.04861111111111111 0.04236111111111111
0 0.029861111111111113 0.20555555555555555 0.059722222222222225 0.1388888888888889
0 0.03125 0.08402777777777778 0.0625 0.0763888888888889
0 0.008333333333333333 0.5652777777777778 0.016666666666666666 0.08611111111111111
0 0.027777777777777776 0.5791666666666667 0.05555555555555555 0.058333333333333334
0 0.14375 0.4736111111111111 0.05555555555555555 0.09027777777777778
0 0.09791666666666667 0.06319444444444444 0.07916666666666666 0.12638888888888888
0 0.09861111111111111 0.40694444444444444 0.052083333333333336 0.041666666666666664
0 0.11597222222222223 0.3368055555555556 0.07361111111111111 0.05277777777777778
0 0.08680555555555555 0.5472222222222223 0.07916666666666666 0.12222222222222222
0 0.02847222222222222 0.49166666666666664 0.05694444444444444 0.08333333333333333
0 0.21180555555555555 0.28402777777777777 0.05138888888888889 0.10416666666666667
0 0.016666666666666666 0.034722222222222224 0.03333333333333333 0.06944444444444445
0 0.17430555555555555 0.14930555555555555 0.04236111111111111 0.07361111111111111
0 0.07083333333333333 0.13125 0.058333333333333334 0.04236111111111111
0 0.19722222222222222 0.32222222222222224 0.07361111111111111 0.05416666666666667
0 0.3284722222222222 0.12986111111111112 0.17916666666666667 0.25972222222222224
0 0.3284722222222222 0.3770833333333333 0.17916666666666667 0.4625
0 0.5340277777777778 0.04652777777777778 0.5402777777777777 0.09305555555555556
0 0.36875 0.5798611111111112 0.20416666666666666 0.05694444444444444
0 0.6194444444444445 0.5409722222222222 0.17222222222222222 0.13472222222222222
0 0.6381944444444444 0.24791666666666667 0.5513888888888889 0.49583333333333335
0 0.22777777777777777 0.6145833333333334 0.019444444444444445 0.009722222222222222
0 0.20347222222222222 0.8673611111111111 0.06805555555555555 0.04583333333333333
0 0.11180555555555556 0.8770833333333333 0.09652777777777778 0.10416666666666667
0 0.04027777777777778 0.8263888888888888 0.08055555555555556 0.1527777777777778
0 0.02361111111111111 0.7298611111111111 0.04722222222222222 0.15694444444444444
0 0.09722222222222222 0.6319444444444444 0.05694444444444444 0.04027777777777778
0 0.08402777777777778 0.7875 0.09930555555555555 0.09513888888888888
0 0.04722222222222222 0.66875 0.07777777777777778 0.09583333333333334
0 0.11875 0.6611111111111111 0.07013888888888889 0.05
0 0.03680555555555556 0.8895833333333333 0.06527777777777778 0.05763888888888889
0 0.18888888888888888 0.6375 0.08611111111111111 0.05555555555555555
0 0.8965277777777778 0.8041666666666667 0.12222222222222222 0.09791666666666667
0 0.6777777777777778 0.8041666666666667 0.39166666666666666 0.3888888888888889
0 0.30625 0.8256944444444444 0.13472222222222222 0.28194444444444444
0 0.47291666666666665 0.85625 0.21180555555555555 0.24375
0 0.9333333333333333 0.9013888888888889 0.13055555555555556 0.16666666666666666