0 0.08194444444444444 0.11458333333333333 0.11180555555555556 0.13402777777777777
0 0.025694444444444443 0.06319444444444444 0.05138888888888889 0.05694444444444444
0 0.03888888888888889 0.021527777777777778 0.07777777777777778 0.043055555555555555
0 0.41805555555555557 0.10902777777777778 0.08194444444444444 0.12986111111111112
0 0.3715277777777778 0.22569444444444445 0.13402777777777777 0.12708333333333333
0 0.4423611111111111 0.2965277777777778 0.059722222222222225 0.06388888888888888
0 0.18194444444444444 0.1486111111111111 0.05277777777777778 0.059722222222222225
0 0.18055555555555555 0.10138888888888889 0.07777777777777778 0.06319444444444444
0 0.34444444444444444 0.09930555555555555 0.06597222222222222 0.10694444444444444
0 0.3104166666666667 0.030555555555555555 0.10694444444444444 0.06111111111111111
0 0.26319444444444445 0.0125 0.07361111111111111 0.025
0 0.23541666666666666 0.04861111111111111 0.0763888888888889 0.09722222222222222
0 0.47291666666666665 0.017361111111111112 0.009722222222222222 0.034722222222222224
0 0.44375 0.02361111111111111 0.05138888888888889 0.04722222222222222
0 0.1361111111111111 0.30625 0.16111111111111112 0.14305555555555555
0 0.1 0.029861111111111113 0.08888888888888889 0.059722222222222225
0 0.027777777777777776 0.14652777777777778 0.05555555555555555 0.12361111111111112
0 0.5229166666666667 0.24513888888888888 0.0875 0.14305555555555555
0 0.5701388888888889 0.0798611111111111 0.18194444444444444 0.1597222222222222
0 0.7513888888888889 0.0375 0.19722222222222222 0.075
0 0.9819444444444444 0.30416666666666664 0.03333333333333333 0.14166666666666666
0 0.8270833333333333 0.1986111111111111 0.34305555555555556 0.26666666666666666
0 0.9097222222222222 0.05277777777777778 0.17777777777777778 0.10555555555555556
0 0.8875 0.3402777777777778 0.08611111111111111 0.075
0 0.9583333333333334 0.34791666666666665 0.08055555555555556 0.059722222222222225
0 0.6743055555555556 0.3298611111111111 0.37916666666666665 0.09583333333333334
0 0.65 0.13333333333333333 0.1451388888888889 0.15555555555555556
0 0.14652777777777778 0.6965277777777777 0.2076388888888889 0.275
0 0.39652777777777776 0.85 0.1625 0.2972222222222222
0 0.23125 0.8881944444444444 0.2708333333333333 0.22083333333333333
0 0.27847222222222223 0.47638888888888886 0.36527777777777776 0.19444444444444445
0 0.36041666666666666 0.5923611111111111 0.23472222222222222 0.40694444444444444
0 0.5506944444444445 0.7722222222222223 0.14305555555555555 0.41944444444444445
0 0.9215277777777777 0.8243055555555555 0.15416666666666667 0.3486111111111111
0 0.7291666666666666 0.8430555555555556 0.3527777777777778 0.3111111111111111
0 0.75625 0.5402777777777777 0.34305555555555556 0.32222222222222224
0 0.5638888888888889 0.5486111111111112 0.16944444444444445 0.2972222222222222
0 0.9548611111111112 0.5958333333333333 0.0875 0.4