0 0.050694444444444445 0.030555555555555555 0.10138888888888889 0.06111111111111111
0 0.12222222222222222 0.020833333333333332 0.06666666666666667 0.041666666666666664
0 0.07430555555555556 0.006944444444444444 0.05138888888888889 0.013888888888888888
0 0.3972222222222222 0.029861111111111113 0.02638888888888889 0.022916666666666665
0 0.16944444444444445 0.04097222222222222 0.044444444444444446 0.06111111111111111
0 0.034722222222222224 0.05416666666666667 0.059027777777777776 0.050694444444444445
0 0.00625 0.04652777777777778 0.0125 0.05694444444444444
0 0.06319444444444444 0.09930555555555555 0.07777777777777778 0.07152777777777777
0 0.04583333333333333 0.17569444444444443 0.08541666666666667 0.08888888888888889
0 0.39791666666666664 0.011111111111111112 0.10138888888888889 0.022222222222222223
0 0.5965277777777778 0.015277777777777777 0.06527777777777778 0.030555555555555555
0 0.3854166666666667 0.09652777777777778 0.06944444444444445 0.059722222222222225
0 0.5270833333333333 0.03125 0.1 0.05277777777777778
0 0.6715277777777777 0.029861111111111113 0.0125 0.05694444444444444
0 0.30694444444444446 0.12083333333333333 0.05347222222222222 0.08055555555555556
0 0.24791666666666667 0.09583333333333334 0.06180555555555556 0.09166666666666666
0 0.45416666666666666 0.11597222222222223 0.07777777777777778 0.07291666666666667
0 0.8006944444444445 0.17916666666666667 0.24305555555555555 0.35833333333333334
0 0.10138888888888889 0.7993055555555556 0.20277777777777778 0.39861111111111114
0 0.36527777777777776 0.49583333333333335 0.2638888888888889 0.2722222222222222
0 0.5854166666666667 0.89375 0.18472222222222223 0.20972222222222223
0 0.18958333333333333 0.6215277777777778 0.2673611111111111 0.2722222222222222
0 0.4597222222222222 0.7041666666666667 0.20347222222222222 0.1840277777777778
0 0.23680555555555555 0.9715277777777778 0.20416666666666666 0.05416666666666667
0 0.4083333333333333 0.8805555555555555 0.20833333333333334 0.2361111111111111
0 0.20069444444444445 0.8618055555555556 0.0763888888888889 0.22569444444444445
0 0.27569444444444446 0.8631944444444445 0.12222222222222222 0.21875
0 0.7541666666666667 0.8569444444444444 0.06527777777777778 0.11041666666666666
0 0.7965277777777777 0.3861111111111111 0.03819444444444445 0.050694444444444445
0 0.7527777777777778 0.9708333333333333 0.14166666666666666 0.05555555555555555
0 0.9611111111111111 0.9125 0.075 0.12777777777777777
0 0.7006944444444444 0.8847222222222222 0.043055555555555555 0.075
0 0.6944444444444444 0.6736111111111112 0.030555555555555555 0.025
0 0.7034722222222223 0.8270833333333333 0.04861111111111111 0.07083333333333333
0 0.7798611111111111 0.9118055555555555 0.07569444444444444 0.10138888888888889
0 0.7638888888888888 0.36875 0.03888888888888889 0.018055555555555554
0 0.7180555555555556 0.3659722222222222 0.06111111111111111 0.0125
0 0.7020833333333333 0.3819444444444444 0.04583333333333333 0.044444444444444446
0 0.7340277777777777 0.40694444444444444 0.09444444444444444 0.075
0 0.76875 0.6333333333333333 0.06111111111111111 0.07847222222222222
0 0.8819444444444444 0.65625 0.23333333333333334 0.5208333333333334