0 0.08541666666666667 0.3638888888888889 0.13472222222222222 0.027777777777777776
0 0.17916666666666667 0.36666666666666664 0.06666666666666667 0.022222222222222223
0 0.008333333333333333 0.32222222222222224 0.016666666666666666 0.07777777777777778
0 0.3645833333333333 0.3368055555555556 0.30694444444444446 0.08194444444444444
0 0.09166666666666666 0.26805555555555555 0.09722222222222222 0.10069444444444445
0 0.22291666666666668 0.3173611111111111 0.09583333333333334 0.12083333333333333
0 0.06319444444444444 0.125 0.06388888888888888 0.06597222222222222
0 0.19027777777777777 0.12152777777777778 0.09097222222222222 0.07708333333333334
0 0.3 0.07083333333333333 0.03125 0.04791666666666667
0 0.25416666666666665 0.06388888888888888 0.03194444444444444 0.024305555555555556
0 0.26875 0.034722222222222224 0.05694444444444444 0.06944444444444445
0 0.34444444444444444 0.23333333333333334 0.15347222222222223 0.17847222222222223
0 0.25625 0.1798611111111111 0.03333333333333333 0.03333333333333333
0 0.3347222222222222 0.12569444444444444 0.07361111111111111 0.08958333333333333
0 0.043055555555555555 0.3375 0.08611111111111111 0.08055555555555556
0 0.42291666666666666 0.13333333333333333 0.19027777777777777 0.26666666666666666
0 0.20625 0.23819444444444443 0.05625 0.059722222222222225
0 0.6625 0.02638888888888889 0.06666666666666667 0.05277777777777778
0 0.6784722222222223 0.2590277777777778 0.11805555555555555 0.10972222222222222
0 0.6236111111111111 0.12569444444444444 0.20833333333333334 0.20416666666666666
0 0.7847222222222222 0.26319444444444445 0.11180555555555556 0.15347222222222223
0 0.7965277777777777 0.05694444444444444 0.2263888888888889 0.11388888888888889
0 0.9541666666666667 0.010416666666666666 0.08611111111111111 0.020833333333333332
0 0.9083333333333333 0.20902777777777778 0.12638888888888888 0.13472222222222222
0 0.9652777777777778 0.2923611111111111 0.06666666666666667 0.17083333333333334
0 0.9673611111111111 0.049305555555555554 0.0625 0.09861111111111111
0 0.8763888888888889 0.3277777777777778 0.21388888888888888 0.1
0 0.7888888888888889 0.15833333333333333 0.1423611111111111 0.12430555555555556
0 0.91875 0.14027777777777778 0.11458333333333333 0.08958333333333333
0 0.34930555555555554 0.47430555555555554 0.3375 0.19027777777777777
0 0.12708333333333333 0.7020833333333333 0.25416666666666665 0.49027777777777776
0 0.3263888888888889 0.7388888888888889 0.38333333333333336 0.5194444444444445
0 0.025 0.7194444444444444 0.05 0.20555555555555555
0 0.7652777777777777 0.7138888888888889 0.4666666666666667 0.5694444444444444