0 0.25625 0.009722222222222222 0.05694444444444444 0.019444444444444445
0 0.21736111111111112 0.027083333333333334 0.04861111111111111 0.05416666666666667
0 0.25277777777777777 0.16180555555555556 0.04375 0.034027777777777775
0 0.14027777777777778 0.19166666666666668 0.06527777777777778 0.11319444444444444
0 0.3284722222222222 0.4479166666666667 0.05625 0.05555555555555555
0 0.24722222222222223 0.51875 0.041666666666666664 0.0375
0 0.2388888888888889 0.2076388888888889 0.0625 0.06527777777777778
0 0.07708333333333334 0.27847222222222223 0.044444444444444446 0.0763888888888889
0 0.06458333333333334 0.3388888888888889 0.034722222222222224 0.03611111111111111
0 0.4861111111111111 0.16597222222222222 0.05763888888888889 0.04861111111111111
0 0.4222222222222222 0.17916666666666667 0.09861111111111111 0.10277777777777777
0 0.20208333333333334 0.2569444444444444 0.09930555555555555 0.09236111111111112
0 0.44166666666666665 0.2826388888888889 0.058333333333333334 0.06736111111111111
0 0.16458333333333333 0.017361111111111112 0.07361111111111111 0.034722222222222224
0 0.3576388888888889 0.4340277777777778 0.029166666666666667 0.05347222222222222
0 0.7875 0.39791666666666664 0.2972222222222222 0.2791666666666667
0 0.5916666666666667 0.4097222222222222 0.08333333333333333 0.25555555555555554
0 0.6909722222222222 0.48333333333333334 0.28194444444444444 0.10833333333333334
0 0.6194444444444445 0.06111111111111111 0.1388888888888889 0.12222222222222222
0 0.8284722222222223 0.1736111111111111 0.3402777777777778 0.3472222222222222
0 0.6319444444444444 0.1986111111111111 0.1638888888888889 0.22777777777777777
0 0.2625 0.625 0.08819444444444445 0.06041666666666667
0 0.27569444444444446 0.6534722222222222 0.11736111111111111 0.06944444444444445
0 0.3194444444444444 0.6194444444444445 0.02847222222222222 0.030555555555555555
0 0.15 0.9131944444444444 0.05763888888888889 0.050694444444444445
0 0.31180555555555556 0.8361111111111111 0.05694444444444444 0.06388888888888888
0 0.27708333333333335 0.8020833333333334 0.05486111111111111 0.05
0 0.40208333333333335 0.8625 0.07430555555555556 0.0625
0 0.23194444444444445 0.8534722222222222 0.06180555555555556 0.09027777777777778
0 0.09513888888888888 0.6847222222222222 0.034027777777777775 0.05277777777777778
0 0.06180555555555556 0.91875 0.0375 0.04236111111111111
0 0.08611111111111111 0.9180555555555555 0.04861111111111111 0.05347222222222222
0 0.003472222222222222 0.7708333333333334 0.006944444444444444 0.022222222222222223
0 0.010416666666666666 0.74375 0.020833333333333332 0.0375
0 0.46041666666666664 0.8784722222222222 0.03611111111111111 0.03611111111111111
0 0.4986111111111111 0.93125 0.06180555555555556 0.06597222222222222
0 0.45416666666666666 0.8541666666666666 0.029166666666666667 0.030555555555555555
0 0.3972222222222222 0.7194444444444444 0.02638888888888889 0.05138888888888889
0 0.4284722222222222 0.7055555555555556 0.024305555555555556 0.04097222222222222
0 0.22430555555555556 0.9145833333333333 0.06805555555555555 0.05625
0 0.5451388888888888 0.9458333333333333 0.006944444444444444 0.06666666666666667
0 0.5333333333333333 0.9777777777777777 0.030555555555555555 0.041666666666666664
0 0.3638888888888889 0.9652777777777778 0.11944444444444445 0.06666666666666667
0 0.049305555555555554 0.8868055555555555 0.09861111111111111 0.0763888888888889
0 0.1326388888888889 0.825 0.08333333333333333 0.10138888888888889
0 0.22361111111111112 0.7333333333333333 0.049305555555555554 0.05486111111111111
0 0.4979166666666667 0.7513888888888889 0.059722222222222225 0.049305555555555554
0 0.5180555555555556 0.7791666666666667 0.06111111111111111 0.05277777777777778
0 0.18680555555555556 0.7284722222222222 0.024305555555555556 0.030555555555555555
0 0.4409722222222222 0.9173611111111111 0.05277777777777778 0.05416666666666667
0 0.025694444444444443 0.8347222222222223 0.05138888888888889 0.07222222222222222
0 0.05486111111111111 0.7611111111111111 0.07291666666666667 0.0625
0 0.04236111111111111 0.7416666666666667 0.05763888888888889 0.059027777777777776
0 0.30972222222222223 0.9451388888888889 0.09652777777777778 0.08472222222222223
0 0.07777777777777778 0.8243055555555555 0.029166666666666667 0.025
0 0.08888888888888889 0.7986111111111112 0.05 0.03680555555555556
0 0.12013888888888889 0.7395833333333334 0.03611111111111111 0.04027777777777778
0 0.07222222222222222 0.7173611111111111 0.06527777777777778 0.04722222222222222
0 0.11875 0.6590277777777778 0.03125 0.04513888888888889
0 0.16111111111111112 0.7319444444444444 0.025694444444444443 0.021527777777777778
0 0.18333333333333332 0.68125 0.03819444444444445 0.02638888888888889
0 0.3423611111111111 0.6548611111111111 0.02638888888888889 0.029166666666666667
0 0.1451388888888889 0.75625 0.02013888888888889 0.03680555555555556
0 0.25277777777777777 0.7104166666666667 0.02638888888888889 0.04236111111111111
0 0.5013888888888889 0.6305555555555555 0.0375 0.03611111111111111
0 0.3333333333333333 0.5888888888888889 0.025694444444444443 0.029861111111111113
0 0.5298611111111111 0.8569444444444444 0.0375 0.05277777777777778
0 0.4986111111111111 0.9819444444444444 0.075 0.03333333333333333
0 0.4618055555555556 0.9423611111111111 0.03819444444444445 0.04236111111111111
0 0.33958333333333335 0.8930555555555556 0.15069444444444444 0.08263888888888889
0 0.1625 0.70625 0.025 0.03125
0 0.9208333333333333 0.8840277777777777 0.15555555555555556 0.22916666666666666
0 0.6986111111111111 0.9090277777777778 0.2972222222222222 0.17916666666666667
0 0.8659722222222223 0.6618055555555555 0.2652777777777778 0.2375
0 0.6368055555555555 0.6875 0.1736111111111111 0.2972222222222222
0 0.8145833333333333 0.8326388888888889 0.17847222222222223 0.32916666666666666
0 0.7361111111111112 0.8381944444444445 0.06111111111111111 0.17222222222222222