0 0.11875 0.40625 0.2375 0.20416666666666666
0 0.35625 0.35694444444444445 0.15416666666666667 0.125
0 0.27291666666666664 0.020833333333333332 0.0763888888888889 0.041666666666666664
0 0.3951388888888889 0.21180555555555555 0.08958333333333333 0.15486111111111112
0 0.16527777777777777 0.22916666666666666 0.10555555555555556 0.09375
0 0.2513888888888889 0.3055555555555556 0.07361111111111111 0.12708333333333333
0 0.4375 0.44513888888888886 0.06111111111111111 0.12638888888888888
0 0.43333333333333335 0.11180555555555556 0.06944444444444445 0.10972222222222222
0 0.26319444444444445 0.10694444444444444 0.12291666666666666 0.16805555555555557
0 0.4465277777777778 0.3229166666666667 0.043055555555555555 0.1125
0 0.029166666666666667 0.26319444444444445 0.058333333333333334 0.11527777777777778
0 0.3638888888888889 0.28055555555555556 0.12222222222222222 0.1375
0 0.36527777777777776 0.034027777777777775 0.0763888888888889 0.05416666666666667
0 0.04652777777777778 0.1625 0.08333333333333333 0.11597222222222223
0 0.04722222222222222 0.19444444444444445 0.09444444444444444 0.1111111111111111
0 0.0125 0.1125 0.025 0.07777777777777778
0 0.04722222222222222 0.05416666666666667 0.09444444444444444 0.10833333333333334
0 0.3090277777777778 0.49027777777777776 0.09305555555555556 0.03611111111111111
0 0.125 0.10694444444444444 0.2 0.21388888888888888
0 0.12777777777777777 0.2791666666666667 0.17430555555555555 0.10069444444444445
0 0.38055555555555554 0.4444444444444444 0.1527777777777778 0.12777777777777777
0 0.4166666666666667 0.009722222222222222 0.06111111111111111 0.019444444444444445
0 0.45416666666666666 0.03333333333333333 0.027777777777777776 0.06666666666666667
0 0.6430555555555556 0.47847222222222224 0.3472222222222222 0.059722222222222225
0 0.7340277777777777 0.25416666666666665 0.5291666666666667 0.5083333333333333
0 0.2708333333333333 0.6152777777777778 0.21944444444444444 0.2111111111111111
0 0.4215277777777778 0.6326388888888889 0.09305555555555556 0.24583333333333332
0 0.1076388888888889 0.6652777777777777 0.2152777777777778 0.3111111111111111
0 0.11319444444444444 0.8486111111111111 0.2263888888888889 0.3
0 0.33819444444444446 0.8131944444444444 0.25972222222222224 0.37083333333333335
0 0.7229166666666667 0.9354166666666667 0.1284722222222222 0.08472222222222223
0 0.9666666666666667 0.7243055555555555 0.06388888888888888 0.11805555555555555
0 0.7270833333333333 0.5618055555555556 0.08194444444444444 0.10416666666666667
0 0.9493055555555555 0.8319444444444445 0.09861111111111111 0.09166666666666666
0 0.6423611111111112 0.5916666666666667 0.09513888888888888 0.075
0 0.5270833333333333 0.6041666666666666 0.11527777777777778 0.12777777777777777
0 0.61875 0.9819444444444444 0.04861111111111111 0.03333333333333333
0 0.6527777777777778 0.5416666666666666 0.06388888888888888 0.06388888888888888
0 0.5763888888888888 0.5333333333333333 0.15833333333333333 0.04722222222222222
0 0.8993055555555556 0.9791666666666666 0.12916666666666668 0.03888888888888889
0 0.7881944444444444 0.5986111111111111 0.07847222222222222 0.07708333333333334
0 0.4861111111111111 0.6666666666666666 0.03333333333333333 0.05555555555555555
0 0.9791666666666666 0.9548611111111112 0.03888888888888889 0.0875
0 0.8041666666666667 0.8263888888888888 0.06875 0.06736111111111111
0 0.7430555555555556 0.7555555555555555 0.08194444444444444 0.08402777777777778
0 0.5770833333333333 0.9284722222222223 0.09027777777777778 0.0798611111111111
0 0.49166666666666664 0.9298611111111111 0.044444444444444446 0.04861111111111111
0 0.9861111111111112 0.6090277777777777 0.025 0.04861111111111111
0 0.4840277777777778 0.7701388888888889 0.029166666666666667 0.0763888888888889
0 0.6604166666666667 0.8791666666666667 0.08611111111111111 0.14166666666666666
0 0.6993055555555555 0.9826388888888888 0.04027777777777778 0.03194444444444444
0 0.5340277777777778 0.9506944444444444 0.12916666666666668 0.09583333333333334
0 0.5097222222222222 0.8486111111111111 0.08055555555555556 0.11666666666666667
0 0.9236111111111112 0.8055555555555556 0.05277777777777778 0.05277777777777778
0 0.9722222222222222 0.8854166666666666 0.05277777777777778 0.07916666666666666
0 0.5916666666666667 0.7375 0.23055555555555557 0.2708333333333333