0 0.2708333333333333 0.4576388888888889 0.1527777777777778 0.12083333333333333
0 0.4375 0.4409722222222222 0.16111111111111112 0.1375
0 0.07777777777777778 0.03819444444444445 0.15555555555555556 0.0763888888888889
0 0.4895833333333333 0.20555555555555555 0.05694444444444444 0.2
0 0.31180555555555556 0.06805555555555555 0.1125 0.1361111111111111
0 0.19652777777777777 0.39166666666666666 0.08611111111111111 0.14583333333333334
0 0.10625 0.28194444444444444 0.2125 0.2777777777777778
0 0.22777777777777777 0.14722222222222223 0.05347222222222222 0.0763888888888889
0 0.4152777777777778 0.12986111111111112 0.08958333333333333 0.15833333333333333
0 0.10347222222222222 0.11944444444444445 0.2 0.12986111111111112
0 0.2847222222222222 0.31666666666666665 0.16805555555555557 0.20833333333333334
0 0.3875 0.30625 0.13055555555555556 0.18194444444444444
0 0.07083333333333333 0.45 0.08819444444444445 0.11944444444444445
0 0.1527777777777778 0.4618055555555556 0.09722222222222222 0.1125
0 0.18472222222222223 0.03194444444444444 0.16944444444444445 0.06388888888888888
0 0.9395833333333333 0.4576388888888889 0.11805555555555555 0.12083333333333333
0 0.7569444444444444 0.44930555555555557 0.28055555555555556 0.1375
0 0.9131944444444444 0.3951388888888889 0.17083333333333334 0.1736111111111111
0 0.7131944444444445 0.2986111111111111 0.3875 0.4388888888888889
0 0.9277777777777778 0.15833333333333333 0.14166666666666666 0.31666666666666665
0 0.7118055555555556 0.09722222222222222 0.38472222222222224 0.19444444444444445
0 0.32222222222222224 0.675 0.39166666666666666 0.3111111111111111
0 0.2361111111111111 0.9319444444444445 0.4722222222222222 0.13333333333333333
0 0.22152777777777777 0.7451388888888889 0.44305555555555554 0.4513888888888889
0 0.6590277777777778 0.8993055555555556 0.03888888888888889 0.04583333333333333
0 0.6645833333333333 0.7555555555555555 0.05 0.06944444444444445
0 0.7097222222222223 0.7166666666666667 0.05555555555555555 0.04375
0 0.6819444444444445 0.6993055555555555 0.03125 0.03611111111111111
0 0.7673611111111112 0.8854166666666666 0.07569444444444444 0.11944444444444445
0 0.5305555555555556 0.7284722222222222 0.022222222222222223 0.0375
0 0.8458333333333333 0.9770833333333333 0.041666666666666664 0.03125
0 0.8104166666666667 0.9708333333333333 0.03263888888888889 0.03611111111111111
0 0.7534722222222222 0.9770833333333333 0.05138888888888889 0.043055555555555555
0 0.6527777777777778 0.9680555555555556 0.03958333333333333 0.049305555555555554
0 0.6388888888888888 0.8145833333333333 0.03819444444444445 0.043055555555555555
0 0.6388888888888888 0.7854166666666667 0.052083333333333336 0.04027777777777778
0 0.6256944444444444 0.7479166666666667 0.04861111111111111 0.04027777777777778
0 0.5409722222222222 0.68125 0.043055555555555555 0.09027777777777778
0 0.5416666666666666 0.8895833333333333 0.044444444444444446 0.05694444444444444
0 0.5340277777777778 0.9895833333333334 0.029166666666666667 0.018055555555555554
0 0.9208333333333333 0.9319444444444445 0.05486111111111111 0.030555555555555555
0 0.5631944444444444 0.8020833333333334 0.08055555555555556 0.06875
0 0.7111111111111111 0.8020833333333334 0.04513888888888889 0.04375
0 0.7041666666666667 0.75 0.0375 0.035416666666666666
0 0.9048611111111111 0.8298611111111112 0.1875 0.18194444444444444
0 0.725 0.98125 0.044444444444444446 0.034722222222222224
0 0.6041666666666666 0.6888888888888889 0.06875 0.059027777777777776
0 0.7986111111111112 0.8326388888888889 0.08819444444444445 0.07708333333333334