0 0.3159722222222222 0.19444444444444445 0.04097222222222222 0.035416666666666666
0 0.2263888888888889 0.13333333333333333 0.04722222222222222 0.043055555555555555
0 0.42430555555555555 0.54375 0.13472222222222222 0.06805555555555555
0 0.4375 0.18680555555555556 0.05277777777777778 0.03263888888888889
0 0.3333333333333333 0.22916666666666666 0.03194444444444444 0.04097222222222222
0 0.3951388888888889 0.20277777777777778 0.030555555555555555 0.027777777777777776
0 0.3034722222222222 0.1638888888888889 0.03819444444444445 0.04513888888888889
0 0.1875 0.35694444444444445 0.03263888888888889 0.04236111111111111
0 0.3034722222222222 0.3729166666666667 0.04236111111111111 0.04583333333333333
0 0.35347222222222224 0.10555555555555556 0.043055555555555555 0.06736111111111111
0 0.5069444444444444 0.175 0.06111111111111111 0.05555555555555555
0 0.53125 0.21041666666666667 0.0125 0.043055555555555555
0 0.059722222222222225 0.5520833333333334 0.08055555555555556 0.05138888888888889
0 0.36666666666666664 0.3923611111111111 0.06805555555555555 0.08402777777777778
0 0.09097222222222222 0.04027777777777778 0.06597222222222222 0.059722222222222225
0 0.14027777777777778 0.05486111111111111 0.04375 0.05347222222222222
0 0.15555555555555556 0.025 0.08333333333333333 0.05
0 0.2659722222222222 0.05486111111111111 0.06736111111111111 0.0625
0 0.35 0.31805555555555554 0.11041666666666666 0.14791666666666667
0 0.47638888888888886 0.33819444444444446 0.06388888888888888 0.08125
0 0.44375 0.25555555555555554 0.04583333333333333 0.04513888888888889
0 0.3458333333333333 0.1986111111111111 0.03819444444444445 0.04513888888888889
0 0.36041666666666666 0.15347222222222223 0.043055555555555555 0.03958333333333333
0 0.05 0.18472222222222223 0.0875 0.06805555555555555
0 0.35555555555555557 0.25625 0.04513888888888889 0.041666666666666664
0 0.53125 0.37916666666666665 0.0125 0.044444444444444446
0 0.18611111111111112 0.22777777777777777 0.06041666666666667 0.08125
0 0.00625 0.03819444444444445 0.0125 0.0763888888888889
0 0.010416666666666666 0.09513888888888888 0.020833333333333332 0.0625
0 0.11041666666666666 0.22430555555555556 0.07083333333333333 0.06597222222222222
0 0.058333333333333334 0.5083333333333333 0.06597222222222222 0.05625
0 0.07777777777777778 0.4152777777777778 0.07013888888888889 0.10347222222222222
0 0.5284722222222222 0.4930555555555556 0.018055555555555554 0.06666666666666667
0 0.5041666666666667 0.4375 0.06666666666666667 0.08055555555555556
0 0.44513888888888886 0.4097222222222222 0.09305555555555556 0.09375
0 0.4083333333333333 0.1763888888888889 0.034027777777777775 0.029166666666666667
0 0.5020833333333333 0.24375 0.07083333333333333 0.08472222222222223
0 0.034722222222222224 0.07152777777777777 0.044444444444444446 0.034722222222222224
0 0.45069444444444445 0.09652777777777778 0.17083333333333334 0.15902777777777777
0 0.23541666666666666 0.23958333333333334 0.04652777777777778 0.10694444444444444
0 0.8326388888888889 0.26944444444444443 0.33194444444444443 0.3
0 0.6229166666666667 0.3784722222222222 0.16805555555555557 0.39861111111111114
0 0.9708333333333333 0.4361111111111111 0.05555555555555555 0.125
0 0.9159722222222222 0.5201388888888889 0.16527777777777777 0.11527777777777778
0 0.7395833333333334 0.5590277777777778 0.2708333333333333 0.0375
0 0.8652777777777778 0.059722222222222225 0.26666666666666666 0.11944444444444445
0 0.6993055555555555 0.11527777777777778 0.32083333333333336 0.23055555555555557
0 0.9395833333333333 0.16597222222222222 0.11805555555555555 0.33194444444444443
0 0.08541666666666667 0.7805555555555556 0.17083333333333334 0.33611111111111114
0 0.32708333333333334 0.6104166666666667 0.0625 0.0625
0 0.49027777777777776 0.6159722222222223 0.09444444444444444 0.07361111111111111
0 0.3104166666666667 0.7430555555555556 0.24166666666666667 0.20347222222222222
0 0.08819444444444445 0.6548611111111111 0.09513888888888888 0.10347222222222222
0 0.24583333333333332 0.9763888888888889 0.16111111111111112 0.044444444444444446
0 0.3104166666666667 0.9159722222222222 0.22361111111111112 0.16527777777777777
0 0.5173611111111112 0.6777777777777778 0.04027777777777778 0.10833333333333334
0 0.43680555555555556 0.8638888888888889 0.07291666666666667 0.075
0 0.16666666666666666 0.9756944444444444 0.11666666666666667 0.04583333333333333
0 0.5090277777777777 0.8840277777777777 0.05694444444444444 0.08194444444444444
0 0.4965277777777778 0.7652777777777777 0.08194444444444444 0.10555555555555556
0 0.5256944444444445 0.8458333333333333 0.02361111111111111 0.06666666666666667
0 0.48055555555555557 0.6895833333333333 0.06875 0.05486111111111111
0 0.4076388888888889 0.64375 0.06597222222222222 0.07083333333333333
0 0.5229166666666667 0.9402777777777778 0.029166666666666667 0.11666666666666667
0 0.05625 0.9729166666666667 0.1125 0.05138888888888889
0 0.76875 0.9388888888888889 0.4597222222222222 0.11944444444444445
0 0.6861111111111111 0.7590277777777777 0.11736111111111111 0.16805555555555557
0 0.7402777777777778 0.6854166666666667 0.4027777777777778 0.2125