0 0.009027777777777777 0.1673611111111111 0.018055555555555554 0.07361111111111111
0 0.22361111111111112 0.08472222222222223 0.14791666666666667 0.10347222222222222
0 0.46041666666666664 0.24722222222222223 0.12222222222222222 0.11875
0 0.5652777777777778 0.2798611111111111 0.044444444444444446 0.09027777777777778
0 0.3111111111111111 0.21458333333333332 0.15625 0.19722222222222222
0 0.5354166666666667 0.35347222222222224 0.059722222222222225 0.029166666666666667
0 0.17291666666666666 0.2923611111111111 0.19305555555555556 0.15138888888888888
0 0.275 0.32083333333333336 0.07291666666666667 0.07291666666666667
0 0.45 0.31805555555555554 0.11388888888888889 0.1
0 0.07152777777777777 0.041666666666666664 0.07916666666666666 0.058333333333333334
0 0.07083333333333333 0.10208333333333333 0.14166666666666666 0.09583333333333334
0 0.010416666666666666 0.07013888888888889 0.020833333333333332 0.11527777777777778
0 0.34097222222222223 0.3423611111111111 0.10694444444444444 0.05138888888888889
0 0.2875 0.03888888888888889 0.09444444444444444 0.07777777777777778
0 0.044444444444444446 0.24513888888888888 0.08888888888888889 0.10972222222222222
0 0.04027777777777778 0.3416666666666667 0.08055555555555556 0.05277777777777778
0 0.19236111111111112 0.34444444444444444 0.1486111111111111 0.04722222222222222
0 0.9097222222222222 0.34375 0.09166666666666666 0.04861111111111111
0 0.7416666666666667 0.32430555555555557 0.20555555555555555 0.0875
0 0.7194444444444444 0.27291666666666664 0.13333333333333333 0.1076388888888889
0 0.6125 0.325 0.04722222222222222 0.06944444444444445
0 0.6381944444444444 0.24027777777777778 0.08541666666666667 0.07361111111111111
0 0.6770833333333334 0.11041666666666666 0.08194444444444444 0.11458333333333333
0 0.8104166666666667 0.1798611111111111 0.05625 0.0625
0 0.7361111111111112 0.030555555555555555 0.06944444444444445 0.06111111111111111
0 0.9756944444444444 0.30694444444444446 0.04583333333333333 0.12222222222222222
0 0.8701388888888889 0.041666666666666664 0.08194444444444444 0.08333333333333333
0 0.9111111111111111 0.006944444444444444 0.025 0.013888888888888888
0 0.9270833333333334 0.04236111111111111 0.034722222222222224 0.05347222222222222
0 0.9583333333333334 0.022222222222222223 0.044444444444444446 0.044444444444444446
0 0.9097222222222222 0.19583333333333333 0.17777777777777778 0.17777777777777778
0 0.8020833333333334 0.24791666666666667 0.04791666666666667 0.06736111111111111
0 0.9430555555555555 0.29305555555555557 0.05763888888888889 0.0375
0 0.8902777777777777 0.2986111111111111 0.09236111111111112 0.06666666666666667
0 0.6270833333333333 0.025 0.0763888888888889 0.05
0 0.7875 0.05694444444444444 0.08541666666666667 0.07777777777777778
0 0.5270833333333333 0.6763888888888889 0.12083333333333333 0.55
0 0.2791666666666667 0.7333333333333333 0.3701388888888889 0.43680555555555556
0 0.05138888888888889 0.79375 0.10277777777777777 0.33194444444444443
0 0.29097222222222224 0.9361111111111111 0.4125 0.125
0 0.4395833333333333 0.4263888888888889 0.29583333333333334 0.11388888888888889
0 0.15138888888888888 0.47291666666666665 0.30277777777777776 0.20694444444444443
0 0.08263888888888889 0.5798611111111112 0.16527777777777777 0.2902777777777778
0 0.9138888888888889 0.4847222222222222 0.16944444444444445 0.17777777777777778
0 0.9555555555555556 0.3875 0.08611111111111111 0.03611111111111111
0 0.7520833333333333 0.425 0.29305555555555557 0.1111111111111111
0 0.9201388888888888 0.6979166666666666 0.15694444444444444 0.2847222222222222
0 0.7548611111111111 0.9097222222222222 0.33194444444444443 0.17777777777777778
0 0.7215277777777778 0.6020833333333333 0.2652777777777778 0.4652777777777778