0 0.33125 0.24722222222222223 0.13472222222222222 0.18333333333333332
0 0.09444444444444444 0.49375 0.18888888888888888 0.1486111111111111
0 0.09583333333333334 0.29791666666666666 0.11319444444444444 0.11527777777777778
0 0.04513888888888889 0.2673611111111111 0.09027777777777778 0.10694444444444444
0 0.03194444444444444 0.09375 0.06388888888888888 0.1875
0 0.38263888888888886 0.5145833333333333 0.03194444444444444 0.10694444444444444
0 0.3020833333333333 0.06111111111111111 0.19305555555555556 0.12222222222222222
0 0.26458333333333334 0.20625 0.26805555555555555 0.2513888888888889
0 0.11666666666666667 0.40347222222222223 0.12569444444444444 0.11041666666666666
0 0.3597222222222222 0.44375 0.07777777777777778 0.1597222222222222
0 0.28680555555555554 0.4270833333333333 0.20555555555555555 0.18541666666666667
0 0.3597222222222222 0.3298611111111111 0.07777777777777778 0.15138888888888888
0 0.17777777777777778 0.03333333333333333 0.08055555555555556 0.06666666666666667
0 0.41041666666666665 0.46944444444444444 0.020833333333333332 0.05277777777777778
0 0.45069444444444445 0.525 0.10138888888888889 0.08611111111111111
0 0.66875 0.35208333333333336 0.05763888888888889 0.07847222222222222
0 0.7027777777777777 0.42916666666666664 0.07291666666666667 0.09375
0 0.6597222222222222 0.4583333333333333 0.05 0.05416666666666667
0 0.7118055555555556 0.5194444444444445 0.041666666666666664 0.03333333333333333
0 0.5493055555555556 0.4041666666666667 0.03611111111111111 0.044444444444444446
0 0.5097222222222222 0.40555555555555556 0.04861111111111111 0.035416666666666666
0 0.5402777777777777 0.47152777777777777 0.06180555555555556 0.06736111111111111
0 0.5645833333333333 0.5548611111111111 0.13194444444444445 0.02638888888888889
0 0.7520833333333333 0.5048611111111111 0.05694444444444444 0.04513888888888889
0 0.6027777777777777 0.4847222222222222 0.0375 0.04097222222222222
0 0.9416666666666667 0.5236111111111111 0.09097222222222222 0.07430555555555556
0 0.4263888888888889 0.3458333333333333 0.05277777777777778 0.08333333333333333
0 0.4409722222222222 0.29791666666666666 0.08194444444444444 0.08194444444444444
0 0.7041666666666667 0.5513888888888889 0.06111111111111111 0.03333333333333333
0 0.5118055555555555 0.3715277777777778 0.05694444444444444 0.05138888888888889
0 0.5069444444444444 0.33819444444444446 0.03888888888888889 0.02013888888888889
0 0.8611111111111112 0.5430555555555555 0.058333333333333334 0.05
0 0.5666666666666667 0.3576388888888889 0.09027777777777778 0.09027777777777778
0 0.8173611111111111 0.4083333333333333 0.24513888888888888 0.22777777777777777
0 0.21388888888888888 0.9381944444444444 0.04236111111111111 0.03611111111111111
0 0.30486111111111114 0.94375 0.15138888888888888 0.10972222222222222
0 0.34375 0.8256944444444444 0.10972222222222222 0.1597222222222222
0 0.11458333333333333 0.9715277777777778 0.043055555555555555 0.05416666666666667
0 0.21944444444444444 0.9138888888888889 0.05138888888888889 0.029861111111111113
0 0.08125 0.7958333333333333 0.02847222222222222 0.06319444444444444
0 0.18263888888888888 0.8791666666666667 0.0625 0.07430555555555556
0 0.5527777777777778 0.91875 0.3055555555555556 0.1597222222222222
0 0.8444444444444444 0.8652777777777778 0.30833333333333335 0.26666666666666666
0 0.6152777777777778 0.6256944444444444 0.4305555555555556 0.1125
0 0.9069444444444444 0.6638888888888889 0.18333333333333332 0.18888888888888888
0 0.44027777777777777 0.7840277777777778 0.08055555555555556 0.42916666666666664
0 0.6347222222222222 0.8013888888888889 0.38125 0.3645833333333333