0 0.04513888888888889 0.12013888888888889 0.052083333333333336 0.04652777777777778
0 0.4979166666666667 0.36736111111111114 0.12083333333333333 0.18472222222222223
0 0.5430555555555555 0.45208333333333334 0.030555555555555555 0.07083333333333333
0 0.4326388888888889 0.4097222222222222 0.04583333333333333 0.034722222222222224
0 0.4618055555555556 0.44375 0.06041666666666667 0.07291666666666667
0 0.5340277777777778 0.3173611111111111 0.04861111111111111 0.04861111111111111
0 0.5118055555555555 0.2763888888888889 0.0798611111111111 0.05694444444444444
0 0.4847222222222222 0.23194444444444445 0.06041666666666667 0.041666666666666664
0 0.08541666666666667 0.18333333333333332 0.11736111111111111 0.10208333333333333
0 0.29583333333333334 0.025694444444444443 0.05277777777777778 0.05138888888888889
0 0.32569444444444445 0.08402777777777778 0.06527777777777778 0.08402777777777778
0 0.28680555555555554 0.11041666666666666 0.04513888888888889 0.04861111111111111
0 0.3333333333333333 0.16458333333333333 0.0375 0.029861111111111113
0 0.1875 0.06111111111111111 0.03263888888888889 0.03958333333333333
0 0.15208333333333332 0.0625 0.04375 0.03194444444444444
0 0.1798611111111111 0.12222222222222222 0.05555555555555555 0.06041666666666667
0 0.20069444444444445 0.24027777777777778 0.11736111111111111 0.10833333333333334
0 0.36944444444444446 0.15138888888888888 0.05138888888888889 0.04027777777777778
0 0.2361111111111111 0.13402777777777777 0.034027777777777775 0.03680555555555556
0 0.5284722222222222 0.16875 0.059722222222222225 0.06805555555555555
0 0.07013888888888889 0.02361111111111111 0.059722222222222225 0.04722222222222222
0 0.32569444444444445 0.20625 0.05347222222222222 0.05416666666666667
0 0.15416666666666667 0.03263888888888889 0.05138888888888889 0.04652777777777778
0 0.15 0.00625 0.03611111111111111 0.0125
0 0.029166666666666667 0.015277777777777777 0.058333333333333334 0.030555555555555555
0 0.4673611111111111 0.18888888888888888 0.05138888888888889 0.049305555555555554
0 0.4048611111111111 0.30625 0.07222222222222222 0.059722222222222225
0 0.016666666666666666 0.14097222222222222 0.03333333333333333 0.09861111111111111
0 0.20347222222222222 0.030555555555555555 0.08194444444444444 0.06111111111111111
0 0.4284722222222222 0.08402777777777778 0.22083333333333333 0.16805555555555557
0 0.83125 0.24166666666666667 0.3347222222222222 0.48333333333333334
0 0.6444444444444445 0.2659722222222222 0.16944444444444445 0.4097222222222222
0 0.7631944444444444 0.4423611111111111 0.3263888888888889 0.09027777777777778
0 0.6479166666666667 0.10069444444444445 0.1763888888888889 0.2013888888888889
0 0.11458333333333333 0.8784722222222222 0.22916666666666666 0.24027777777777778
0 0.47638888888888886 0.9069444444444444 0.1638888888888889 0.18333333333333332
0 0.3548611111111111 0.7034722222222223 0.40694444444444444 0.42916666666666664
0 0.16597222222222222 0.5729166666666666 0.19027777777777777 0.16805555555555557
0 0.059027777777777776 0.5868055555555556 0.11805555555555555 0.19583333333333333
0 0.9736111111111111 0.5486111111111112 0.05 0.025
0 0.9659722222222222 0.63125 0.06527777777777778 0.10138888888888889
0 0.9888888888888889 0.7076388888888889 0.019444444444444445 0.1125
0 0.7013888888888888 0.6916666666666667 0.04375 0.07777777777777778
0 0.7402777777777778 0.6965277777777777 0.05555555555555555 0.07430555555555556
0 0.81875 0.6375 0.06944444444444445 0.08611111111111111
0 0.7798611111111111 0.6375 0.027083333333333334 0.03333333333333333
0 0.8854166666666666 0.6201388888888889 0.075 0.06180555555555556
0 0.5847222222222223 0.9541666666666667 0.05 0.08888888888888889
0 0.7916666666666666 0.7048611111111112 0.04097222222222222 0.05763888888888889
0 0.9743055555555555 0.5208333333333334 0.03194444444444444 0.030555555555555555
0 0.6569444444444444 0.9222222222222223 0.10347222222222222 0.1527777777777778
0 0.5861111111111111 0.6569444444444444 0.05277777777777778 0.10277777777777777
0 0.8513888888888889 0.54375 0.20277777777777778 0.10972222222222222
0 0.6826388888888889 0.5979166666666667 0.035416666666666666 0.05138888888888889
0 0.9423611111111111 0.7083333333333334 0.1125 0.04027777777777778
0 0.8854166666666666 0.6694444444444444 0.08680555555555555 0.06111111111111111
0 0.5847222222222223 0.8555555555555555 0.05 0.10555555555555556
0 0.675 0.6395833333333333 0.06319444444444444 0.058333333333333334
0 0.65 0.8027777777777778 0.075 0.052083333333333336
0 0.7486111111111111 0.8409722222222222 0.06388888888888888 0.05347222222222222
0 0.7909722222222222 0.7673611111111112 0.0375 0.06458333333333334
0 0.8319444444444445 0.7784722222222222 0.059722222222222225 0.04513888888888889
0 0.9645833333333333 0.7513888888888889 0.05277777777777778 0.05486111111111111
0 0.8972222222222223 0.7479166666666667 0.08472222222222223 0.08194444444444444
0 0.8395833333333333 0.7215277777777778 0.06666666666666667 0.0875
0 0.7458333333333333 0.9125 0.21388888888888888 0.17222222222222222
0 0.9458333333333333 0.9416666666666667 0.10555555555555556 0.11388888888888889
0 0.7368055555555556 0.6354166666666666 0.09027777777777778 0.09722222222222222
0 0.9118055555555555 0.8333333333333334 0.1736111111111111 0.16111111111111112
0 0.8708333333333333 0.90625 0.08958333333333333 0.06111111111111111
0 0.6347222222222222 0.7465277777777778 0.10416666666666667 0.06736111111111111
0 0.6284722222222222 0.9506944444444444 0.11805555555555555 0.09583333333333334
0 0.5791666666666667 0.5798611111111112 0.03888888888888889 0.07083333333333333