0 0.3076388888888889 0.16041666666666668 0.1388888888888889 0.11388888888888889
0 0.45 0.04236111111111111 0.075 0.08472222222222223
0 0.41458333333333336 0.3104166666666667 0.15902777777777777 0.1986111111111111
0 0.3215277777777778 0.07013888888888889 0.09375 0.09583333333333334
0 0.3861111111111111 0.03125 0.08055555555555556 0.0625
0 0.4840277777777778 0.24861111111111112 0.04861111111111111 0.15555555555555556
0 0.28125 0.3625 0.15625 0.18333333333333332
0 0.009722222222222222 0.1388888888888889 0.019444444444444445 0.07777777777777778
0 0.05625 0.24583333333333332 0.1125 0.07222222222222222
0 0.025 0.43680555555555556 0.05 0.12361111111111112
0 0.07430555555555556 0.48055555555555557 0.1486111111111111 0.05555555555555555
0 0.3055555555555556 0.26319444444444445 0.10416666666666667 0.1736111111111111
0 0.08194444444444444 0.40347222222222223 0.1638888888888889 0.1736111111111111
0 0.4444444444444444 0.17708333333333334 0.12777777777777777 0.10416666666666667
0 0.1638888888888889 0.3486111111111111 0.15 0.20069444444444445
0 0.2548611111111111 0.4652777777777778 0.15416666666666667 0.08611111111111111
0 0.42083333333333334 0.11388888888888889 0.14166666666666666 0.10555555555555556
0 0.12430555555555556 0.15902777777777777 0.13958333333333334 0.125
0 0.8541666666666666 0.15763888888888888 0.13194444444444445 0.10277777777777777
0 0.5854166666666667 0.475 0.09305555555555556 0.06666666666666667
0 0.7611111111111111 0.021527777777777778 0.125 0.043055555555555555
0 0.6069444444444444 0.025 0.19444444444444445 0.05
0 0.7979166666666667 0.45902777777777776 0.14305555555555555 0.09861111111111111
0 0.5736111111111111 0.10902777777777778 0.12777777777777777 0.15138888888888888
0 0.6006944444444444 0.19583333333333333 0.18194444444444444 0.12222222222222222
0 0.6201388888888889 0.33055555555555555 0.175 0.2513888888888889
0 0.9229166666666667 0.41458333333333336 0.15138888888888888 0.1625
0 0.7736111111111111 0.04513888888888889 0.13055555555555556 0.09027777777777778
0 0.9305555555555556 0.10138888888888889 0.10902777777777778 0.12291666666666666
0 0.7493055555555556 0.15138888888888888 0.07847222222222222 0.15902777777777777
0 0.6854166666666667 0.09652777777777778 0.12013888888888889 0.11180555555555556
0 0.5243055555555556 0.3951388888888889 0.029166666666666667 0.13194444444444445
0 0.7944444444444444 0.35347222222222224 0.18194444444444444 0.14166666666666666
0 0.7770833333333333 0.2048611111111111 0.08055555555555556 0.09861111111111111
0 0.8638888888888889 0.07152777777777777 0.16111111111111112 0.14305555555555555
0 0.8916666666666667 0.26458333333333334 0.21388888888888888 0.1736111111111111
0 0.6520833333333333 0.475 0.09305555555555556 0.06666666666666667
0 0.1388888888888889 0.9479166666666666 0.2777777777777778 0.10138888888888889
0 0.06111111111111111 0.7541666666666667 0.12222222222222222 0.4888888888888889
0 0.3034722222222222 0.7416666666666667 0.4097222222222222 0.3972222222222222
0 0.38263888888888886 0.9111111111111111 0.2513888888888889 0.175
0 0.9513888888888888 0.8375 0.09444444444444444 0.32222222222222224
0 0.56875 0.5868055555555556 0.11805555555555555 0.15416666666666667
0 0.8375 0.6409722222222223 0.32222222222222224 0.2625
0 0.6020833333333333 0.6631944444444444 0.18472222222222223 0.2902777777777778
0 0.5694444444444444 0.8215277777777777 0.11944444444444445 0.24305555555555555
0 0.7659722222222223 0.8194444444444444 0.2902777777777778 0.35833333333333334