0 0.041666666666666664 0.28125 0.07013888888888889 0.07361111111111111
0 0.01597222222222222 0.16944444444444445 0.03194444444444444 0.06944444444444445
0 0.47152777777777777 0.3951388888888889 0.08472222222222223 0.02638888888888889
0 0.4 0.40208333333333335 0.07777777777777778 0.0125
0 0.4222222222222222 0.08888888888888889 0.06736111111111111 0.06388888888888888
0 0.4097222222222222 0.03611111111111111 0.06944444444444445 0.07222222222222222
0 0.47638888888888886 0.15763888888888888 0.04027777777777778 0.08611111111111111
0 0.3909722222222222 0.12361111111111112 0.059722222222222225 0.06666666666666667
0 0.34444444444444444 0.08055555555555556 0.05486111111111111 0.059722222222222225
0 0.41597222222222224 0.3194444444444444 0.05277777777777778 0.06180555555555556
0 0.5111111111111111 0.18125 0.04236111111111111 0.13680555555555557
0 0.2652777777777778 0.20833333333333334 0.05347222222222222 0.04861111111111111
0 0.3416666666666667 0.3034722222222222 0.06736111111111111 0.08541666666666667
0 0.2847222222222222 0.28194444444444444 0.04583333333333333 0.06388888888888888
0 0.23958333333333334 0.31527777777777777 0.11319444444444444 0.10625
0 0.5541666666666667 0.1986111111111111 0.04722222222222222 0.05555555555555555
0 0.5555555555555556 0.2513888888888889 0.044444444444444446 0.07777777777777778
0 0.19722222222222222 0.3798611111111111 0.08055555555555556 0.05694444444444444
0 0.275 0.39375 0.07777777777777778 0.029166666666666667
0 0.5222222222222223 0.0875 0.1111111111111111 0.175
0 0.6736111111111112 0.28680555555555554 0.18888888888888888 0.24305555555555555
0 0.7868055555555555 0.10486111111111111 0.4152777777777778 0.20972222222222223
0 0.4722222222222222 0.65625 0.10208333333333333 0.07013888888888889
0 0.4875 0.6881944444444444 0.13541666666666666 0.08055555555555556
0 0.5388888888888889 0.6493055555555556 0.03333333333333333 0.035416666666666666
0 0.3423611111111111 0.9791666666666666 0.06805555555555555 0.03888888888888889
0 0.5298611111111111 0.9 0.06597222222222222 0.07361111111111111
0 0.49027777777777776 0.8611111111111112 0.06388888888888888 0.05763888888888889
0 0.4375 0.9208333333333333 0.07152777777777777 0.10486111111111111
0 0.27847222222222223 0.725 0.03958333333333333 0.06111111111111111
0 0.12013888888888889 0.7430555555555556 0.050694444444444445 0.07569444444444444
0 0.09166666666666666 0.7590277777777777 0.021527777777777778 0.02847222222222222
0 0.24027777777777778 0.9847222222222223 0.044444444444444446 0.027777777777777776
0 0.26805555555555555 0.98125 0.058333333333333334 0.034722222222222224
0 0.09444444444444444 0.5965277777777778 0.11458333333333333 0.09791666666666667
0 0.15069444444444444 0.8534722222222222 0.03611111111111111 0.03611111111111111
0 0.1597222222222222 0.825 0.03125 0.024305555555555556
0 0.17291666666666666 0.79375 0.03819444444444445 0.04097222222222222
0 0.13125 0.8881944444444444 0.05555555555555555 0.04236111111111111
0 0.04513888888888889 0.8888888888888888 0.07569444444444444 0.034027777777777775
0 0.05625 0.8361111111111111 0.08055555555555556 0.0798611111111111
0 0.42916666666666664 0.9784722222222222 0.08055555555555556 0.04027777777777778
0 0.1638888888888889 0.5347222222222222 0.04722222222222222 0.04375
0 0.12222222222222222 0.5756944444444444 0.11805555555555555 0.09583333333333334
0 0.027083333333333334 0.6631944444444444 0.05416666666666667 0.08194444444444444
0 0.2076388888888889 0.9569444444444445 0.15138888888888888 0.08333333333333333
0 0.3333333333333333 0.41944444444444445 0.09166666666666666 0.019444444444444445
0 0.32222222222222224 0.8875 0.09652777777777778 0.11736111111111111
0 0.021527777777777778 0.8236111111111111 0.043055555555555555 0.08333333333333333
0 0.42777777777777776 0.78125 0.05763888888888889 0.06388888888888888
0 0.4527777777777778 0.43125 0.04722222222222222 0.043055555555555555
0 0.38472222222222224 0.7756944444444445 0.02847222222222222 0.035416666666666666
0 0.13541666666666666 0.5208333333333334 0.04583333333333333 0.04583333333333333
0 0.1840277777777778 0.8979166666666667 0.08472222222222223 0.08194444444444444
0 0.23194444444444445 0.8131944444444444 0.08402777777777778 0.07291666666666667
0 0.21736111111111112 0.7909722222222222 0.06666666666666667 0.06875
0 0.09583333333333334 0.5194444444444445 0.06041666666666667 0.05416666666666667
0 0.5243055555555556 0.9875 0.10694444444444444 0.022222222222222223
0 0.25833333333333336 0.8861111111111111 0.034027777777777775 0.02847222222222222
0 0.27152777777777776 0.8576388888888888 0.058333333333333334 0.04236111111111111
0 0.3076388888888889 0.7881944444444444 0.041666666666666664 0.04652777777777778
0 0.2520833333333333 0.7625 0.07569444444444444 0.05486111111111111
0 0.029861111111111113 0.7298611111111111 0.058333333333333334 0.07916666666666666
0 0.10694444444444444 0.6736111111111112 0.04791666666666667 0.06111111111111111
0 0.05694444444444444 0.7784722222222222 0.06319444444444444 0.06736111111111111
0 0.30625 0.6951388888888889 0.03680555555555556 0.052083333333333336
0 0.35555555555555557 0.7798611111111111 0.029861111111111113 0.025
0 0.38125 0.7208333333333333 0.044444444444444446 0.030555555555555555
0 0.5638888888888889 0.6902777777777778 0.027777777777777776 0.03611111111111111
0 0.3368055555555556 0.8076388888888889 0.02361111111111111 0.04236111111111111
0 0.46111111111111114 0.7548611111111111 0.03125 0.049305555555555554
0 0.5548611111111111 0.6138888888888889 0.029861111111111113 0.034722222222222224
0 0.5263888888888889 0.9583333333333334 0.10277777777777777 0.08055555555555556
0 0.35694444444444445 0.75 0.02847222222222222 0.03611111111111111
0 0.9736111111111111 0.7916666666666666 0.05 0.2722222222222222
0 0.5993055555555555 0.9020833333333333 0.04027777777777778 0.0763888888888889
0 0.7951388888888888 0.8965277777777778 0.3541666666666667 0.20416666666666666
0 0.6215277777777778 0.9444444444444444 0.08472222222222223 0.10833333333333334
0 0.9326388888888889 0.9625 0.07916666666666666 0.07222222222222222
0 0.6319444444444444 0.8215277777777777 0.10555555555555556 0.14027777777777778
0 0.6131944444444445 0.5972222222222222 0.06805555555555555 0.08888888888888889
0 0.6513888888888889 0.4444444444444444 0.058333333333333334 0.06944444444444445
0 0.7194444444444444 0.5402777777777777 0.03611111111111111 0.05416666666666667
0 0.6673611111111111 0.5319444444444444 0.03611111111111111 0.027083333333333334
0 0.6840277777777778 0.4965277777777778 0.06319444444444444 0.08194444444444444
0 0.7694444444444445 0.7243055555555555 0.17430555555555555 0.20208333333333334
0 0.6694444444444444 0.6638888888888889 0.0375 0.0375
0 0.7583333333333333 0.6027777777777777 0.08333333333333333 0.10138888888888889
0 0.8743055555555556 0.5861111111111111 0.24861111111111112 0.3527777777777778
0 0.6125 0.7298611111111111 0.06388888888888888 0.06805555555555555