0 0.20694444444444443 0.3611111111111111 0.16180555555555556 0.13125
0 0.12013888888888889 0.01597222222222222 0.07916666666666666 0.03194444444444444
0 0.24791666666666667 0.20902777777777778 0.09305555555555556 0.16180555555555556
0 0.03194444444444444 0.22777777777777777 0.06388888888888888 0.1
0 0.09722222222222222 0.30694444444444446 0.07708333333333334 0.13333333333333333
0 0.29375 0.10347222222222222 0.0875 0.11527777777777778
0 0.10972222222222222 0.09930555555555555 0.1284722222222222 0.17569444444444443
0 0.30833333333333335 0.32569444444444445 0.058333333333333334 0.11805555555555555
0 0.21458333333333332 0.28055555555555556 0.12777777777777777 0.14375
0 0.21597222222222223 0.025694444444444443 0.08194444444444444 0.05138888888888889
0 0.035416666666666666 0.10555555555555556 0.07083333333333333 0.2111111111111111
0 0.029861111111111113 0.2798611111111111 0.059722222222222225 0.10694444444444444
0 0.2326388888888889 0.40625 0.1597222222222222 0.043055555555555555
0 0.3159722222222222 0.02847222222222222 0.043055555555555555 0.05694444444444444
0 0.42569444444444443 0.32222222222222224 0.16805555555555557 0.2111111111111111
0 0.9708333333333333 0.12638888888888888 0.05555555555555555 0.23055555555555557
0 0.16875 0.8527777777777777 0.3375 0.2916666666666667
0 0.16875 0.6298611111111111 0.3375 0.4013888888888889
0 0.9652777777777778 0.7680555555555556 0.06666666666666667 0.4527777777777778
0 0.65625 0.9034722222222222 0.38472222222222224 0.19027777777777777
0 0.8638888888888889 0.9472222222222222 0.26944444444444443 0.10277777777777777
0 0.9361111111111111 0.49583333333333335 0.125 0.13333333333333333
0 0.43333333333333335 0.4840277777777778 0.18888888888888888 0.10972222222222222
0 0.6319444444444444 0.525 0.21944444444444444 0.19166666666666668
0 0.8527777777777777 0.5708333333333333 0.24166666666666667 0.2833333333333333
0 0.4576388888888889 0.7416666666666667 0.2375 0.4
0 0.7486111111111111 0.7520833333333333 0.35 0.3013888888888889