0 0.00625 0.3958333333333333 0.0125 0.04722222222222222
0 0.034027777777777775 0.25555555555555554 0.04236111111111111 0.05347222222222222
0 0.1284722222222222 0.34791666666666665 0.058333333333333334 0.05277777777777778
0 0.6208333333333333 0.46319444444444446 0.06944444444444445 0.029166666666666667
0 0.1736111111111111 0.41805555555555557 0.13125 0.11388888888888889
0 0.40902777777777777 0.22916666666666666 0.05763888888888889 0.07916666666666666
0 0.44305555555555554 0.30694444444444446 0.07361111111111111 0.09444444444444444
0 0.3993055555555556 0.33611111111111114 0.050694444444444445 0.05486111111111111
0 0.45208333333333334 0.39791666666666664 0.04236111111111111 0.03333333333333333
0 0.2881944444444444 0.28194444444444444 0.03680555555555556 0.044444444444444446
0 0.24861111111111112 0.2833333333333333 0.049305555555555554 0.03611111111111111
0 0.2798611111111111 0.35 0.06180555555555556 0.06736111111111111
0 0.3034722222222222 0.44930555555555557 0.13194444444444445 0.05694444444444444
0 0.49236111111111114 0.38263888888888886 0.05763888888888889 0.04513888888888889
0 0.3423611111111111 0.36319444444444443 0.0375 0.04097222222222222
0 0.6625 0.40208333333333335 0.05 0.0763888888888889
0 0.15694444444444444 0.22291666666666668 0.06527777777777778 0.08263888888888889
0 0.16111111111111112 0.175 0.11597222222222223 0.08125
0 0.44305555555555554 0.4444444444444444 0.059722222222222225 0.06041666666666667
0 0.25069444444444444 0.24930555555555556 0.05763888888888889 0.052083333333333336
0 0.24583333333333332 0.2152777777777778 0.03888888888888889 0.02013888888888889
0 0.0875 0.20208333333333334 0.10972222222222222 0.08888888888888889
0 0.6020833333333333 0.425 0.05763888888888889 0.05486111111111111
0 0.018055555555555554 0.28680555555555554 0.03611111111111111 0.09027777777777778
0 0.04791666666666667 0.41875 0.07222222222222222 0.05138888888888889
0 0.05763888888888889 0.3701388888888889 0.11527777777777778 0.10972222222222222
0 0.3055555555555556 0.23472222222222222 0.09097222222222222 0.09097222222222222
0 0.05347222222222222 0.15 0.05277777777777778 0.05416666666666667
0 0.5583333333333333 0.2861111111111111 0.2465277777777778 0.22916666666666666
0 0.84375 0.2625 0.30972222222222223 0.4305555555555556
0 0.7923611111111111 0.08680555555555555 0.20694444444444443 0.1736111111111111
0 0.9097222222222222 0.05277777777777778 0.17777777777777778 0.10555555555555556
0 0.7847222222222222 0.09513888888888888 0.14097222222222222 0.15069444444444444
0 0.7819444444444444 0.3076388888888889 0.18611111111111112 0.3013888888888889
0 0.38333333333333336 0.7527777777777778 0.525 0.49166666666666664
0 0.5965277777777778 0.7222222222222222 0.18194444444444444 0.375
0 0.09930555555555555 0.6451388888888889 0.1986111111111111 0.33194444444444443
0 0.4583333333333333 0.5145833333333333 0.16944444444444445 0.07083333333333333
0 0.8555555555555555 0.8736111111111111 0.2861111111111111 0.25
0 0.84375 0.6694444444444444 0.30972222222222223 0.38055555555555554