0 0.45625 0.10347222222222222 0.049305555555555554 0.0625
0 0.4076388888888889 0.10347222222222222 0.044444444444444446 0.06111111111111111
0 0.04513888888888889 0.32083333333333336 0.09027777777777778 0.1111111111111111
0 0.37430555555555556 0.25833333333333336 0.08055555555555556 0.059027777777777776
0 0.2916666666666667 0.07361111111111111 0.10208333333333333 0.0798611111111111
0 0.1909722222222222 0.36319444444444443 0.18888888888888888 0.11597222222222223
0 0.015277777777777777 0.08125 0.030555555555555555 0.0763888888888889
0 0.225 0.035416666666666666 0.11944444444444445 0.07083333333333333
0 0.06458333333333334 0.4125 0.07291666666666667 0.08611111111111111
0 0.1527777777777778 0.1284722222222222 0.10416666666666667 0.058333333333333334
0 0.21597222222222223 0.25972222222222224 0.12916666666666668 0.11944444444444445
0 0.09861111111111111 0.20347222222222222 0.059722222222222225 0.06388888888888888
0 0.05277777777777778 0.22430555555555556 0.06875 0.09097222222222222
0 0.09097222222222222 0.2902777777777778 0.07152777777777777 0.12222222222222222
0 0.025 0.01597222222222222 0.05 0.03194444444444444
0 0.35 0.3076388888888889 0.15833333333333333 0.18541666666666667
0 0.43125 0.18680555555555556 0.06180555555555556 0.058333333333333334
0 0.27847222222222223 0.17916666666666667 0.1375 0.06944444444444445
0 0.43194444444444446 0.4201388888888889 0.13333333333333333 0.16805555555555557
0 0.08611111111111111 0.05763888888888889 0.07569444444444444 0.06597222222222222
0 0.024305555555555556 0.5625 0.04861111111111111 0.1111111111111111
0 0.4756944444444444 0.3888888888888889 0.04583333333333333 0.24166666666666667
0 0.17083333333333334 0.5 0.30625 0.15416666666666667
0 0.3229166666666667 0.01875 0.09861111111111111 0.0375
0 0.12916666666666668 0.5743055555555555 0.08333333333333333 0.0875
0 0.016666666666666666 0.043055555555555555 0.03333333333333333 0.044444444444444446
0 0.08611111111111111 0.13680555555555557 0.09930555555555555 0.09583333333333334
0 0.22708333333333333 0.14305555555555555 0.09930555555555555 0.08263888888888889
0 0.018055555555555554 0.16111111111111112 0.03611111111111111 0.11666666666666667
0 0.8854166666666666 0.3090277777777778 0.2263888888888889 0.6180555555555556
0 0.5680555555555555 0.3951388888888889 0.1361111111111111 0.3486111111111111
0 0.6729166666666667 0.5131944444444444 0.1986111111111111 0.20972222222222223
0 0.7409722222222223 0.16805555555555557 0.48194444444444445 0.33611111111111114
0 0.5527777777777778 0.1527777777777778 0.10555555555555556 0.3055555555555556
0 0.3472222222222222 0.8194444444444444 0.30277777777777776 0.34444444444444444
0 0.14791666666666667 0.8673611111111111 0.1625 0.2625
0 0.15763888888888888 0.6930555555555555 0.1736111111111111 0.14722222222222223
0 0.03194444444444444 0.7006944444444444 0.06388888888888888 0.1625
0 0.6597222222222222 0.8951388888888889 0.3194444444444444 0.20694444444444443
0 0.8847222222222222 0.7402777777777778 0.22777777777777777 0.24166666666666667
0 0.73125 0.7277777777777777 0.19027777777777777 0.21666666666666667
0 0.5923611111111111 0.7284722222222222 0.18472222222222223 0.21805555555555556