0 0.6381944444444444 0.14583333333333334 0.020833333333333332 0.07777777777777778
0 0.6090277777777777 0.07847222222222222 0.07916666666666666 0.12083333333333333
0 0.35555555555555557 0.23958333333333334 0.05763888888888889 0.07777777777777778
0 0.575 0.28125 0.12083333333333333 0.12638888888888888
0 0.3861111111111111 0.34444444444444444 0.2361111111111111 0.175
0 0.6201388888888889 0.029861111111111113 0.05694444444444444 0.059722222222222225
0 0.01875 0.34097222222222223 0.0375 0.12083333333333333
0 0.13194444444444445 0.05763888888888889 0.12430555555555556 0.10625
0 0.21458333333333332 0.31875 0.12708333333333333 0.17083333333333334
0 0.25555555555555554 0.15555555555555556 0.15208333333333332 0.2902777777777778
0 0.4444444444444444 0.20694444444444443 0.1125 0.09305555555555556
0 0.10972222222222222 0.2076388888888889 0.21944444444444444 0.23472222222222222
0 0.5645833333333333 0.12916666666666668 0.13472222222222222 0.10208333333333333
0 0.007638888888888889 0.1375 0.015277777777777777 0.05555555555555555
0 0.010416666666666666 0.05416666666666667 0.020833333333333332 0.044444444444444446
0 0.4423611111111111 0.09513888888888888 0.3236111111111111 0.19027777777777777
0 0.03958333333333333 0.1 0.029861111111111113 0.05763888888888889
0 0.6840277777777778 0.2965277777777778 0.06805555555555555 0.1736111111111111
0 0.825 0.15 0.14305555555555555 0.09097222222222222
0 0.7111111111111111 0.020833333333333332 0.075 0.041666666666666664
0 0.7659722222222223 0.2 0.08819444444444445 0.075
0 0.9326388888888889 0.05416666666666667 0.04722222222222222 0.052083333333333336
0 0.8159722222222222 0.029166666666666667 0.13472222222222222 0.058333333333333334
0 0.81875 0.06944444444444445 0.03680555555555556 0.0375
0 0.9854166666666667 0.23958333333333334 0.02638888888888889 0.07083333333333333
0 0.8756944444444444 0.2902777777777778 0.17430555555555555 0.20347222222222222
0 0.7173611111111111 0.11041666666666666 0.13472222222222222 0.22083333333333333
0 0.9875 0.07361111111111111 0.022222222222222223 0.06666666666666667
0 0.7451388888888889 0.3548611111111111 0.15138888888888888 0.1875
0 0.8256944444444444 0.43333333333333335 0.0763888888888889 0.030555555555555555
0 0.9472222222222222 0.1673611111111111 0.10277777777777777 0.10972222222222222
0 0.9201388888888888 0.41041666666666665 0.10347222222222222 0.07777777777777778
0 0.2326388888888889 0.5902777777777778 0.22916666666666666 0.28055555555555556
0 0.6222222222222222 0.5840277777777778 0.05277777777777778 0.26805555555555555
0 0.49583333333333335 0.7131944444444445 0.3055555555555556 0.44305555555555554
0 0.07222222222222222 0.7604166666666666 0.14444444444444443 0.32916666666666666
0 0.2548611111111111 0.8638888888888889 0.3402777777777778 0.26944444444444443
0 0.04652777777777778 0.9222222222222223 0.09305555555555556 0.1527777777777778
0 0.5229166666666667 0.9673611111111111 0.2513888888888889 0.0625
0 0.06319444444444444 0.5256944444444445 0.12638888888888888 0.15138888888888888
0 0.8743055555555556 0.5979166666666667 0.1986111111111111 0.1326388888888889
0 0.8083333333333333 0.5159722222222223 0.1284722222222222 0.07013888888888889
0 0.6861111111111111 0.7423611111111111 0.07222222222222222 0.1125
0 0.6798611111111111 0.6722222222222223 0.059722222222222225 0.16666666666666666
0 0.9166666666666666 0.9145833333333333 0.1638888888888889 0.16805555555555557
0 0.975 0.6729166666666667 0.04722222222222222 0.0625
0 0.9361111111111111 0.7569444444444444 0.10416666666666667 0.06944444444444445
0 0.7020833333333333 0.5333333333333333 0.09791666666666667 0.09444444444444444
0 0.7951388888888888 0.9416666666666667 0.19583333333333333 0.11388888888888889
0 0.6986111111111111 0.8659722222222223 0.09722222222222222 0.0763888888888889
0 0.8166666666666667 0.8902777777777777 0.10555555555555556 0.11180555555555556
0 0.9902777777777778 0.5611111111111111 0.016666666666666666 0.11388888888888889