0 0.5743055555555555 0.3145833333333333 0.10694444444444444 0.09861111111111111
0 0.6097222222222223 0.5 0.03611111111111111 0.11666666666666667
0 0.5625 0.08125 0.08055555555555556 0.07083333333333333
0 0.4215277777777778 0.09166666666666666 0.08125 0.05694444444444444
0 0.4131944444444444 0.15625 0.035416666666666666 0.07847222222222222
0 0.3645833333333333 0.09791666666666667 0.043055555555555555 0.04027777777777778
0 0.2013888888888889 0.14305555555555555 0.07083333333333333 0.06319444444444444
0 0.1986111111111111 0.05555555555555555 0.07361111111111111 0.08819444444444445
0 0.4097222222222222 0.2263888888888889 0.09166666666666666 0.08263888888888889
0 0.6138888888888889 0.21805555555555556 0.027777777777777776 0.10555555555555556
0 0.08958333333333333 0.4875 0.14305555555555555 0.12222222222222222
0 0.23125 0.4951388888888889 0.1763888888888889 0.12638888888888888
0 0.5680555555555555 0.5340277777777778 0.11944444444444445 0.04861111111111111
0 0.5979166666666667 0.12083333333333333 0.059722222222222225 0.06944444444444445
0 0.5256944444444445 0.1763888888888889 0.16111111111111112 0.18263888888888888
0 0.5194444444444445 0.022222222222222223 0.05277777777777778 0.044444444444444446
0 0.1638888888888889 0.008333333333333333 0.04722222222222222 0.016666666666666666
0 0.12222222222222222 0.011111111111111112 0.03333333333333333 0.022222222222222223
0 0.1125 0.1361111111111111 0.03819444444444445 0.035416666666666666
0 0.04861111111111111 0.09305555555555556 0.04583333333333333 0.041666666666666664
0 0.004861111111111111 0.375 0.009722222222222222 0.05277777777777778
0 0.06597222222222222 0.2 0.06527777777777778 0.05625
0 0.21388888888888888 0.2013888888888889 0.05763888888888889 0.07152777777777777
0 0.15486111111111112 0.31666666666666665 0.2638888888888889 0.20555555555555555
0 0.44305555555555554 0.4097222222222222 0.36944444444444446 0.2972222222222222
0 0.9034722222222222 0.44583333333333336 0.19027777777777777 0.2111111111111111
0 0.7472222222222222 0.35208333333333336 0.2361111111111111 0.4125
0 0.8159722222222222 0.5381944444444444 0.09583333333333334 0.04027777777777778
0 0.7729166666666667 0.07430555555555556 0.2875 0.1486111111111111
0 0.9256944444444445 0.18125 0.14583333333333334 0.3625
0 0.08958333333333333 0.8451388888888889 0.17916666666666667 0.30694444444444446
0 0.26666666666666666 0.8847222222222222 0.19722222222222222 0.22777777777777777
0 0.4652777777777778 0.9215277777777777 0.20277777777777778 0.15416666666666667
0 0.3104166666666667 0.6180555555555556 0.32916666666666666 0.11666666666666667
0 0.13958333333333334 0.7041666666666667 0.2791666666666667 0.28888888888888886
0 0.4027777777777778 0.7736111111111111 0.2326388888888889 0.19305555555555556
0 0.8138888888888889 0.7791666666666667 0.36944444444444446 0.4388888888888889