0 0.029166666666666667 0.45 0.058333333333333334 0.08888888888888889
0 0.53125 0.0798611111111111 0.0125 0.05416666666666667
0 0.28125 0.10486111111111111 0.05138888888888889 0.03194444444444444
0 0.21805555555555556 0.31319444444444444 0.15625 0.17291666666666666
0 0.05347222222222222 0.23541666666666666 0.10694444444444444 0.1125
0 0.1361111111111111 0.20694444444444443 0.049305555555555554 0.04027777777777778
0 0.2625 0.04791666666666667 0.20555555555555555 0.09583333333333334
0 0.17847222222222223 0.17569444444444443 0.027083333333333334 0.029861111111111113
0 0.1423611111111111 0.28194444444444444 0.05416666666666667 0.05555555555555555
0 0.18472222222222223 0.21805555555555556 0.01875 0.03611111111111111
0 0.21319444444444444 0.23333333333333334 0.04791666666666667 0.04513888888888889
0 0.3 0.39861111111111114 0.10833333333333334 0.12222222222222222
0 0.06041666666666667 0.5034722222222222 0.12083333333333333 0.06805555555555555
0 0.4708333333333333 0.5152777777777777 0.13333333333333333 0.044444444444444446
0 0.39375 0.08888888888888889 0.049305555555555554 0.03819444444444445
0 0.3659722222222222 0.18055555555555555 0.04236111111111111 0.05347222222222222
0 0.15694444444444444 0.02013888888888889 0.08333333333333333 0.04027777777777778
0 0.44513888888888886 0.47708333333333336 0.03819444444444445 0.03680555555555556
0 0.1375 0.1284722222222222 0.029166666666666667 0.03333333333333333
0 0.3951388888888889 0.4548611111111111 0.059722222222222225 0.07847222222222222
0 0.12152777777777778 0.059027777777777776 0.0763888888888889 0.11805555555555555
0 0.011111111111111112 0.13819444444444445 0.022222222222222223 0.05416666666666667
0 0.4597222222222222 0.06319444444444444 0.034722222222222224 0.03611111111111111
0 0.5263888888888889 0.021527777777777778 0.022222222222222223 0.043055555555555555
0 0.010416666666666666 0.39305555555555555 0.020833333333333332 0.041666666666666664
0 0.5131944444444444 0.07361111111111111 0.034722222222222224 0.041666666666666664
0 0.20208333333333334 0.15069444444444444 0.04652777777777778 0.03611111111111111
0 0.23333333333333334 0.1986111111111111 0.06736111111111111 0.06805555555555555
0 0.015277777777777777 0.07013888888888889 0.030555555555555555 0.05138888888888889
0 0.07569444444444444 0.1625 0.049305555555555554 0.04861111111111111
0 0.15833333333333333 0.46597222222222223 0.19444444444444445 0.14305555555555555
0 0.2465277777777778 0.4986111111111111 0.11805555555555555 0.07777777777777778
0 0.5041666666666667 0.46111111111111114 0.02361111111111111 0.024305555555555556
0 0.4951388888888889 0.4708333333333333 0.024305555555555556 0.025694444444444443
0 0.7215277777777778 0.48125 0.08472222222222223 0.10069444444444445
0 0.6993055555555555 0.39375 0.1798611111111111 0.11527777777777778
0 0.9159722222222222 0.4479166666666667 0.07013888888888889 0.06666666666666667
0 0.8055555555555556 0.3055555555555556 0.07013888888888889 0.07569444444444444
0 0.5798611111111112 0.5159722222222223 0.08194444444444444 0.043055555555555555
0 0.8673611111111111 0.36527777777777776 0.11805555555555555 0.13680555555555557
0 0.7881944444444444 0.2222222222222222 0.07222222222222222 0.04652777777777778
0 0.6631944444444444 0.5041666666666667 0.06805555555555555 0.06666666666666667
0 0.8944444444444445 0.04236111111111111 0.06111111111111111 0.08472222222222223
0 0.9625 0.041666666666666664 0.07222222222222222 0.06944444444444445
0 0.8875 0.5076388888888889 0.15 0.059722222222222225
0 0.63125 0.4263888888888889 0.1076388888888889 0.09236111111111112
0 0.5923611111111111 0.325 0.10694444444444444 0.08888888888888889
0 0.7618055555555555 0.1486111111111111 0.11458333333333333 0.12708333333333333
0 0.9729166666666667 0.33819444444444446 0.05138888888888889 0.12638888888888888
0 0.9618055555555556 0.27291666666666664 0.05416666666666667 0.05347222222222222
0 0.64375 0.3020833333333333 0.06458333333333334 0.07430555555555556
0 0.7263888888888889 0.2722222222222222 0.03680555555555556 0.06666666666666667
0 0.9013888888888889 0.22708333333333333 0.059722222222222225 0.05347222222222222
0 0.7923611111111111 0.4423611111111111 0.059722222222222225 0.12430555555555556
0 0.8111111111111111 0.035416666666666666 0.08055555555555556 0.07083333333333333
0 0.4909722222222222 0.6736111111111112 0.09305555555555556 0.06666666666666667
0 0.49027777777777776 0.7041666666666667 0.09444444444444444 0.07777777777777778
0 0.3701388888888889 0.9784722222222222 0.06527777777777778 0.04027777777777778
0 0.5263888888888889 0.9034722222222222 0.022222222222222223 0.07083333333333333
0 0.5083333333333333 0.8666666666666667 0.058333333333333334 0.05555555555555555
0 0.4597222222222222 0.9229166666666667 0.06736111111111111 0.09861111111111111
0 0.30972222222222223 0.7381944444444445 0.0375 0.05763888888888889
0 0.16111111111111112 0.7555555555555555 0.04791666666666667 0.07152777777777777
0 0.13333333333333333 0.7701388888888889 0.02013888888888889 0.027083333333333334
0 0.2743055555555556 0.9840277777777777 0.043055555555555555 0.029166666666666667
0 0.3 0.9805555555555555 0.05555555555555555 0.03611111111111111
0 0.1361111111111111 0.6173611111111111 0.1076388888888889 0.09236111111111112
0 0.18888888888888888 0.8597222222222223 0.034027777777777775 0.03333333333333333
0 0.19791666666666666 0.8326388888888889 0.029861111111111113 0.022916666666666665
0 0.20972222222222223 0.8027777777777778 0.035416666666666666 0.03888888888888889
0 0.17083333333333334 0.8923611111111112 0.052083333333333336 0.04027777777777778
0 0.08958333333333333 0.8930555555555556 0.07083333333333333 0.03194444444444444
0 0.10069444444444445 0.8430555555555556 0.0763888888888889 0.075
0 0.45208333333333334 0.9784722222222222 0.0763888888888889 0.04027777777777778
0 0.20208333333333334 0.5597222222222222 0.044444444444444446 0.041666666666666664
0 0.1625 0.5979166666666667 0.1111111111111111 0.09027777777777778
0 0.06388888888888888 0.6805555555555556 0.06736111111111111 0.0763888888888889
0 0.2423611111111111 0.9583333333333334 0.14166666666666666 0.08194444444444444
0 0.3506944444444444 0.8916666666666667 0.09097222222222222 0.11041666666666666
0 0.04375 0.83125 0.0875 0.07916666666666666
0 0.45 0.7909722222222222 0.05416666666666667 0.059722222222222225
0 0.4097222222222222 0.7861111111111111 0.027083333333333334 0.03333333333333333
0 0.175 0.5541666666666667 0.044444444444444446 0.030555555555555555
0 0.22083333333333333 0.9013888888888889 0.0798611111111111 0.07708333333333334
0 0.2659722222222222 0.8215277777777777 0.07916666666666666 0.06875
0 0.2520833333333333 0.8006944444444445 0.06319444444444444 0.06458333333333334
0 0.1375 0.5548611111111111 0.058333333333333334 0.03194444444444444
0 0.5138888888888888 0.9868055555555556 0.04722222222222222 0.02361111111111111
0 0.29097222222222224 0.8902777777777777 0.03194444444444444 0.027083333333333334
0 0.30277777777777776 0.8631944444444445 0.05486111111111111 0.04027777777777778
0 0.3375 0.7979166666666667 0.03888888888888889 0.04375
0 0.2847222222222222 0.7736111111111111 0.07152777777777777 0.05138888888888889
0 0.075 0.7430555555555556 0.05486111111111111 0.07430555555555556
0 0.14791666666666667 0.6902777777777778 0.04513888888888889 0.05763888888888889
0 0.10069444444444445 0.7888888888888889 0.059722222222222225 0.06388888888888888
0 0.33541666666666664 0.7104166666666667 0.034027777777777775 0.049305555555555554
0 0.3819444444444444 0.7902777777777777 0.02847222222222222 0.02361111111111111
0 0.40625 0.7347222222222223 0.041666666666666664 0.02847222222222222
0 0.3645833333333333 0.8166666666666667 0.022222222222222223 0.03958333333333333
0 0.48194444444444445 0.7666666666666667 0.029166666666666667 0.04652777777777778
0 0.5159722222222223 0.9590277777777778 0.043055555555555555 0.07916666666666666
0 0.38333333333333336 0.7625 0.027083333333333334 0.034027777777777775
0 0.7201388888888889 0.64375 0.09236111111111112 0.08680555555555555
0 0.7972222222222223 0.6243055555555556 0.06319444444444444 0.06805555555555555
0 0.8048611111111111 0.5631944444444444 0.05138888888888889 0.04861111111111111
0 0.7590277777777777 0.5743055555555555 0.09861111111111111 0.07083333333333333
0 0.5930555555555556 0.675 0.10833333333333334 0.21388888888888888
0 0.8611111111111112 0.5888888888888889 0.08611111111111111 0.1
0 0.7236111111111111 0.7138888888888889 0.07083333333333333 0.08402777777777778
0 0.7416666666666667 0.9583333333333334 0.12777777777777777 0.08055555555555556
0 0.6666666666666666 0.8361111111111111 0.25555555555555554 0.21666666666666667
0 0.9534722222222223 0.5777777777777777 0.09027777777777778 0.07777777777777778
0 0.8548611111111111 0.9493055555555555 0.12083333333333333 0.09861111111111111
0 0.8673611111111111 0.7236111111111111 0.23958333333333334 0.19652777777777777
0 0.9590277777777778 0.925 0.07916666666666666 0.14444444444444443
0 0.8590277777777777 0.8701388888888889 0.15208333333333332 0.1326388888888889
0 0.9673611111111111 0.8506944444444444 0.0625 0.09583333333333334