0 0.10694444444444444 0.5263888888888889 0.21388888888888888 0.1638888888888889
0 0.4826388888888889 0.25555555555555554 0.15138888888888888 0.22777777777777777
0 0.2763888888888889 0.5895833333333333 0.07222222222222222 0.0375
0 0.2222222222222222 0.04236111111111111 0.18333333333333332 0.08472222222222223
0 0.44513888888888886 0.10416666666666667 0.0763888888888889 0.06666666666666667
0 0.4326388888888889 0.4888888888888889 0.2513888888888889 0.2388888888888889
0 0.3076388888888889 0.4986111111111111 0.10486111111111111 0.1326388888888889
0 0.04652777777777778 0.4125 0.09305555555555556 0.125
0 0.28958333333333336 0.10138888888888889 0.09305555555555556 0.07777777777777778
0 0.1951388888888889 0.22152777777777777 0.30486111111111114 0.26805555555555555
0 0.075 0.04791666666666667 0.1388888888888889 0.08263888888888889
0 0.022222222222222223 0.22777777777777777 0.044444444444444446 0.25277777777777777
0 0.5201388888888889 0.09513888888888888 0.0763888888888889 0.19027777777777777
0 0.10069444444444445 0.2986111111111111 0.14166666666666666 0.17152777777777778
0 0.13680555555555557 0.40625 0.1 0.08958333333333333
0 0.22013888888888888 0.44305555555555554 0.14444444444444443 0.18888888888888888
0 0.43472222222222223 0.18194444444444444 0.10416666666666667 0.07013888888888889
0 0.9284722222222223 0.2152777777777778 0.14027777777777778 0.4305555555555556
0 0.7125 0.26805555555555555 0.3055555555555556 0.3388888888888889
0 0.9236111111111112 0.4791666666666667 0.15 0.25833333333333336
0 0.7166666666666667 0.49722222222222223 0.3138888888888889 0.2222222222222222
0 0.6201388888888889 0.07708333333333334 0.12083333333333333 0.15416666666666667
0 0.8069444444444445 0.09861111111111111 0.24444444444444444 0.19722222222222222
0 0.0625 0.6951388888888889 0.125 0.17083333333333334
0 0.20416666666666666 0.7270833333333333 0.14027777777777778 0.14097222222222222
0 0.3326388888888889 0.9034722222222222 0.15138888888888888 0.19027777777777777
0 0.15138888888888888 0.8361111111111111 0.2048611111111111 0.16944444444444445
0 0.3451388888888889 0.7138888888888889 0.08125 0.1361111111111111
0 0.4263888888888889 0.8006944444444445 0.07152777777777777 0.07430555555555556
0 0.45555555555555555 0.8409722222222222 0.13541666666666666 0.11875
0 0.34652777777777777 0.6354166666666666 0.09305555555555556 0.05138888888888889
0 0.49444444444444446 0.9243055555555556 0.12777777777777777 0.1486111111111111
0 0.029861111111111113 0.7972222222222223 0.059722222222222225 0.1527777777777778
0 0.2548611111111111 0.6180555555555556 0.07916666666666666 0.016666666666666666
0 0.5152777777777777 0.65625 0.08611111111111111 0.07083333333333333
0 0.1284722222222222 0.6513888888888889 0.08541666666666667 0.0798611111111111
0 0.23125 0.6381944444444444 0.09305555555555556 0.05694444444444444
0 0.3159722222222222 0.7631944444444444 0.10486111111111111 0.1076388888888889
0 0.30069444444444443 0.6451388888888889 0.05277777777777778 0.0625
0 0.4708333333333333 0.9520833333333333 0.13055555555555556 0.09305555555555556
0 0.21319444444444444 0.9027777777777778 0.1284722222222222 0.14444444444444443
0 0.05416666666666667 0.9854166666666667 0.10833333333333334 0.02638888888888889
0 0.8 0.6319444444444444 0.13333333333333333 0.044444444444444446
0 0.9305555555555556 0.6659722222222222 0.13333333333333333 0.1125
0 0.5902777777777778 0.6395833333333333 0.06111111111111111 0.059722222222222225
0 0.6729166666666667 0.6166666666666667 0.07361111111111111 0.013888888888888888