0 0.0625 0.44375 0.075 0.04652777777777778
0 0.27708333333333335 0.21388888888888888 0.059027777777777776 0.06527777777777778
0 0.21388888888888888 0.28194444444444444 0.029861111111111113 0.044444444444444446
0 0.10833333333333334 0.23958333333333334 0.04583333333333333 0.05416666666666667
0 0.1284722222222222 0.37222222222222223 0.075 0.07916666666666666
0 0.07222222222222222 0.33194444444444443 0.03958333333333333 0.03888888888888889
0 0.30069444444444443 0.44375 0.035416666666666666 0.05
0 0.29375 0.41458333333333336 0.034722222222222224 0.034722222222222224
0 0.009722222222222222 0.18055555555555555 0.019444444444444445 0.041666666666666664
0 0.18819444444444444 0.3416666666666667 0.04652777777777778 0.034027777777777775
0 0.27708333333333335 0.4548611111111111 0.05694444444444444 0.06527777777777778
0 0.00625 0.2423611111111111 0.0125 0.04583333333333333
0 0.2513888888888889 0.4048611111111111 0.03680555555555556 0.0798611111111111
0 0.33541666666666664 0.4840277777777778 0.0375 0.006944444444444444
0 0.13472222222222222 0.27361111111111114 0.05486111111111111 0.0625
0 0.04097222222222222 0.2951388888888889 0.07222222222222222 0.050694444444444445
0 0.011111111111111112 0.45902777777777776 0.022222222222222223 0.05694444444444444
0 0.029166666666666667 0.4131944444444444 0.058333333333333334 0.06527777777777778
0 0.04236111111111111 0.38472222222222224 0.08472222222222223 0.06944444444444445
0 0.18194444444444444 0.24027777777777778 0.05486111111111111 0.07152777777777777
0 0.16458333333333333 0.18611111111111112 0.09513888888888888 0.06875
0 0.19722222222222222 0.37916666666666665 0.059027777777777776 0.052083333333333336
0 0.38263888888888886 0.4625 0.06805555555555555 0.05
0 0.42986111111111114 0.46944444444444444 0.04583333333333333 0.03611111111111111
0 0.0763888888888889 0.46875 0.12222222222222222 0.0375
0 0.17847222222222223 0.46597222222222223 0.06805555555555555 0.043055555555555555
0 0.14166666666666666 0.42569444444444443 0.052083333333333336 0.07708333333333334
0 0.24583333333333332 0.35625 0.05277777777777778 0.06597222222222222
0 0.2881944444444444 0.2763888888888889 0.044444444444444446 0.04722222222222222
0 0.059722222222222225 0.2298611111111111 0.050694444444444445 0.04513888888888889
0 0.4354166666666667 0.44513888888888886 0.06527777777777778 0.059722222222222225
0 0.7944444444444444 0.14930555555555555 0.20347222222222222 0.2388888888888889
0 0.5916666666666667 0.41388888888888886 0.24444444444444444 0.14722222222222223
0 0.84375 0.2569444444444444 0.175 0.1986111111111111
0 0.9097222222222222 0.3923611111111111 0.17777777777777778 0.19027777777777777
0 0.9340277777777778 0.06041666666666667 0.12916666666666668 0.12083333333333333
0 0.5631944444444444 0.26805555555555555 0.1875 0.15
0 0.9430555555555555 0.16944444444444445 0.1111111111111111 0.24444444444444444
0 0.10833333333333334 0.6013888888888889 0.21666666666666667 0.225
0 0.33194444444444443 0.7145833333333333 0.2722222222222222 0.4513888888888889
0 0.05416666666666667 0.7201388888888889 0.10833333333333334 0.29305555555555557
0 0.125 0.8048611111111111 0.1388888888888889 0.19583333333333333
0 0.030555555555555555 0.8791666666666667 0.06111111111111111 0.2388888888888889
0 0.43333333333333335 0.94375 0.06944444444444445 0.10972222222222222
0 0.22847222222222222 0.9506944444444444 0.33194444444444443 0.09583333333333334
0 0.5576388888888889 0.5506944444444445 0.1763888888888889 0.12361111111111112
0 0.5451388888888888 0.6423611111111112 0.15138888888888888 0.12361111111111112
0 0.6722222222222223 0.8555555555555555 0.40555555555555556 0.2861111111111111
0 0.9027777777777778 0.8791666666666667 0.19166666666666668 0.2388888888888889
0 0.8097222222222222 0.6645833333333333 0.37777777777777777 0.35138888888888886