0 0.058333333333333334 0.30416666666666664 0.043055555555555555 0.06666666666666667
0 0.14375 0.3388888888888889 0.12291666666666666 0.10902777777777778
0 0.34305555555555556 0.6291666666666667 0.10833333333333334 0.08680555555555555
0 0.29444444444444445 0.6131944444444445 0.05 0.06875
0 0.2902777777777778 0.5798611111111112 0.058333333333333334 0.04236111111111111
0 0.33125 0.5375 0.05347222222222222 0.10208333333333333
0 0.35625 0.5145833333333333 0.027083333333333334 0.03263888888888889
0 0.4756944444444444 0.5881944444444445 0.06458333333333334 0.09444444444444444
0 0.5243055555555556 0.6090277777777777 0.0875 0.11805555555555555
0 0.4979166666666667 0.5243055555555556 0.0763888888888889 0.06944444444444445
0 0.09513888888888888 0.4513888888888889 0.03611111111111111 0.02361111111111111
0 0.25833333333333336 0.4777777777777778 0.11875 0.16597222222222222
0 0.04027777777777778 0.44930555555555557 0.08055555555555556 0.15416666666666667
0 0.02013888888888889 0.2833333333333333 0.04027777777777778 0.09444444444444444
0 0.030555555555555555 0.2520833333333333 0.04861111111111111 0.05486111111111111
0 0.2569444444444444 0.38472222222222224 0.027083333333333334 0.029166666666666667
0 0.20833333333333334 0.3298611111111111 0.06041666666666667 0.07569444444444444
0 0.18333333333333332 0.40208333333333335 0.1326388888888889 0.08402777777777778
0 0.0798611111111111 0.28541666666666665 0.02847222222222222 0.025694444444444443
0 0.40555555555555556 0.5701388888888889 0.10625 0.10972222222222222
0 0.18611111111111112 0.28194444444444444 0.02847222222222222 0.020833333333333332
0 0.45069444444444445 0.47847222222222224 0.08819444444444445 0.05347222222222222
0 0.04513888888888889 0.04027777777777778 0.0625 0.08055555555555556
0 0.03333333333333333 0.6444444444444445 0.06666666666666667 0.08611111111111111
0 0.4847222222222222 0.2923611111111111 0.058333333333333334 0.10416666666666667
0 0.5583333333333333 0.2763888888888889 0.019444444444444445 0.08611111111111111
0 0.3798611111111111 0.12986111111111112 0.04652777777777778 0.025
0 0.34097222222222223 0.45416666666666666 0.06805555555555555 0.07847222222222222
0 0.24791666666666667 0.35138888888888886 0.04861111111111111 0.05416666666666667
0 0.16666666666666666 0.2638888888888889 0.022916666666666665 0.03958333333333333
0 0.3902777777777778 0.3333333333333333 0.02847222222222222 0.04791666666666667
0 0.475 0.3298611111111111 0.06180555555555556 0.06111111111111111
0 0.5090277777777777 0.004166666666666667 0.02361111111111111 0.008333333333333333
0 0.5381944444444444 0.33194444444444443 0.059722222222222225 0.07222222222222222
0 0.48333333333333334 0.21944444444444444 0.04097222222222222 0.0625
0 0.4388888888888889 0.22916666666666666 0.059722222222222225 0.06458333333333334
0 0.3597222222222222 0.18125 0.05 0.09791666666666667
0 0.4583333333333333 0.06666666666666667 0.13472222222222222 0.10277777777777777
0 0.42986111111111114 0.0375 0.14583333333333334 0.075
0 0.5131944444444444 0.03958333333333333 0.03888888888888889 0.04513888888888889
0 0.32013888888888886 0.07777777777777778 0.04791666666666667 0.06041666666666667
0 0.3104166666666667 0.03125 0.13194444444444445 0.0625
0 0.4395833333333333 0.4125 0.05555555555555555 0.04513888888888889
0 0.4513888888888889 0.37777777777777777 0.07291666666666667 0.07013888888888889
0 0.5180555555555556 0.26319444444444445 0.05625 0.06736111111111111
0 0.5486111111111112 0.3861111111111111 0.03888888888888889 0.041666666666666664
0 0.11319444444444444 0.1 0.06527777777777778 0.09444444444444444
0 0.1284722222222222 0.06805555555555555 0.06944444444444445 0.08333333333333333
0 0.24305555555555555 0.2534722222222222 0.14722222222222223 0.17847222222222223
0 0.33194444444444443 0.325 0.10902777777777778 0.1076388888888889
0 0.28541666666666665 0.6055555555555555 0.07291666666666667 0.09375
0 0.5548611111111111 0.45555555555555555 0.02638888888888889 0.06388888888888888
0 0.4875 0.44375 0.05486111111111111 0.06041666666666667
0 0.5305555555555556 0.48055555555555557 0.075 0.08611111111111111
0 0.03819444444444445 0.34652777777777777 0.05555555555555555 0.04027777777777778
0 0.09166666666666666 0.40902777777777777 0.05763888888888889 0.0625
0 0.3597222222222222 0.25763888888888886 0.06875 0.06319444444444444
0 0.5229166666666667 0.18680555555555556 0.05416666666666667 0.09097222222222222
0 0.125 0.2513888888888889 0.11527777777777778 0.12013888888888889
0 0.06597222222222222 0.1625 0.03680555555555556 0.04375
0 0.14166666666666666 0.5694444444444444 0.2833333333333333 0.2361111111111111
0 0.08333333333333333 0.36736111111111114 0.10138888888888889 0.09097222222222222
0 0.3111111111111111 0.3951388888888889 0.08958333333333333 0.08541666666666667
0 0.024305555555555556 0.36527777777777776 0.04861111111111111 0.07777777777777778
0 0.1909722222222222 0.49583333333333335 0.10486111111111111 0.12152777777777778
0 0.5243055555555556 0.4097222222222222 0.0875 0.05555555555555555
0 0.42986111111111114 0.28125 0.06041666666666667 0.05
0 0.18958333333333333 0.16111111111111112 0.059722222222222225 0.035416666666666666
0 0.9638888888888889 0.40208333333333335 0.06944444444444445 0.07916666666666666
0 0.6256944444444444 0.5395833333333333 0.1125 0.08472222222222223
0 0.7118055555555556 0.44305555555555554 0.08888888888888889 0.06180555555555556
0 0.7145833333333333 0.08055555555555556 0.0375 0.03263888888888889
0 0.9777777777777777 0.05625 0.041666666666666664 0.09861111111111111
0 0.9159722222222222 0.08472222222222223 0.08819444444444445 0.06944444444444445
0 0.7951388888888888 0.09513888888888888 0.13402777777777777 0.11666666666666667
0 0.89375 0.4736111111111111 0.04375 0.08611111111111111
0 0.925 0.035416666666666666 0.05763888888888889 0.06180555555555556
0 0.9527777777777777 0.009722222222222222 0.06111111111111111 0.019444444444444445
0 0.8541666666666666 0.02638888888888889 0.14722222222222223 0.05277777777777778
0 0.6263888888888889 0.12916666666666668 0.0375 0.08472222222222223
0 0.7201388888888889 0.058333333333333334 0.04513888888888889 0.027083333333333334
0 0.7618055555555555 0.15416666666666667 0.04722222222222222 0.05
0 0.9847222222222223 0.23541666666666666 0.027777777777777776 0.07916666666666666
0 0.8555555555555555 0.3958333333333333 0.08333333333333333 0.07361111111111111
0 0.7645833333333333 0.3972222222222222 0.06388888888888888 0.043055555555555555
0 0.9354166666666667 0.5284722222222222 0.07430555555555556 0.12291666666666666
0 0.7076388888888889 0.5 0.07361111111111111 0.05486111111111111
0 0.7465277777777778 0.24930555555555556 0.07152777777777777 0.06875
0 0.6645833333333333 0.18680555555555556 0.03819444444444445 0.05277777777777778
0 0.9326388888888889 0.35 0.0798611111111111 0.13125
0 0.96875 0.45555555555555555 0.03611111111111111 0.04791666666666667
0 0.8076388888888889 0.4548611111111111 0.13333333333333333 0.16319444444444445
0 0.7791666666666667 0.32222222222222224 0.10069444444444445 0.10694444444444444
0 0.6236111111111111 0.3590277777777778 0.07847222222222222 0.08819444444444445
0 0.5826388888888889 0.3298611111111111 0.02638888888888889 0.07916666666666666
0 0.5791666666666667 0.2798611111111111 0.019444444444444445 0.05138888888888889
0 0.63125 0.30277777777777776 0.07152777777777777 0.050694444444444445
0 0.5944444444444444 0.3993055555555556 0.05 0.06527777777777778
0 0.6284722222222222 0.43333333333333335 0.08263888888888889 0.07569444444444444
0 0.6881944444444444 0.030555555555555555 0.05694444444444444 0.06111111111111111
0 0.6291666666666667 0.24722222222222223 0.05486111111111111 0.05555555555555555
0 0.8694444444444445 0.21944444444444444 0.21319444444444444 0.25
0 0.46458333333333335 0.7770833333333333 0.20694444444444443 0.1763888888888889
0 0.3527777777777778 0.84375 0.25277777777777777 0.30972222222222223
0 0.03958333333333333 0.9284722222222223 0.07916666666666666 0.14027777777777778
0 0.12569444444444444 0.7763888888888889 0.2513888888888889 0.175
0 0.2 0.8805555555555555 0.25 0.2361111111111111
0 0.7631944444444444 0.8152777777777778 0.3875 0.25277777777777777
0 0.8625 0.89375 0.2722222222222222 0.20972222222222223
0 0.6534722222222222 0.9451388888888889 0.16805555555555557 0.10694444444444444