0 0.17708333333333334 0.08194444444444444 0.05763888888888889 0.06597222222222222
0 0.4270833333333333 0.3013888888888889 0.07916666666666666 0.013888888888888888
0 0.24375 0.04791666666666667 0.1125 0.09583333333333334
0 0.08194444444444444 0.26875 0.1638888888888889 0.07916666666666666
0 0.01597222222222222 0.20347222222222222 0.03194444444444444 0.20972222222222223
0 0.2326388888888889 0.2361111111111111 0.13194444444444445 0.14444444444444443
0 0.23958333333333334 0.10486111111111111 0.07083333333333333 0.06875
0 0.11805555555555555 0.044444444444444446 0.06111111111111111 0.08402777777777778
0 0.31319444444444444 0.034722222222222224 0.0625 0.06944444444444445
0 0.375 0.15555555555555556 0.041666666666666664 0.058333333333333334
0 0.8 0.25069444444444444 0.12083333333333333 0.09097222222222222
0 0.5868055555555556 0.06666666666666667 0.029861111111111113 0.03819444444444445
0 0.6909722222222222 0.08125 0.03819444444444445 0.04097222222222222
0 0.49375 0.25069444444444444 0.029166666666666667 0.0625
0 0.7479166666666667 0.09861111111111111 0.06180555555555556 0.07569444444444444
0 0.7326388888888888 0.049305555555555554 0.10138888888888889 0.09861111111111111
0 0.9458333333333333 0.10347222222222222 0.07013888888888889 0.05555555555555555
0 0.8465277777777778 0.049305555555555554 0.05763888888888889 0.07291666666666667
0 0.9104166666666667 0.08680555555555555 0.03819444444444445 0.03958333333333333
0 0.4895833333333333 0.20277777777777778 0.020833333333333332 0.05277777777777778
0 0.49930555555555556 0.11944444444444445 0.04027777777777778 0.09444444444444444
0 0.9840277777777777 0.2861111111111111 0.029166666666666667 0.044444444444444446
0 0.9729166666666667 0.15138888888888888 0.05138888888888889 0.11388888888888889
0 0.9208333333333333 0.18888888888888888 0.07013888888888889 0.059722222222222225
0 0.8770833333333333 0.1388888888888889 0.07013888888888889 0.07083333333333333
0 0.81875 0.11458333333333333 0.08402777777777778 0.08402777777777778
0 0.9131944444444444 0.27361111111111114 0.05138888888888889 0.06944444444444445
0 0.95625 0.21388888888888888 0.03611111111111111 0.04791666666666667
0 0.9361111111111111 0.013194444444444444 0.04722222222222222 0.02638888888888889
0 0.3659722222222222 0.5993055555555555 0.22361111111111112 0.5791666666666667
0 0.07916666666666666 0.6305555555555555 0.15833333333333333 0.30277777777777776
0 0.225 0.6708333333333333 0.2263888888888889 0.4111111111111111
0 0.30972222222222223 0.8527777777777777 0.26944444444444443 0.2902777777777778
0 0.3923611111111111 0.90625 0.17083333333333334 0.18472222222222223
0 0.10833333333333334 0.9145833333333333 0.21666666666666667 0.16805555555555557
0 0.27708333333333335 0.325 0.09861111111111111 0.030555555555555555
0 0.05277777777777778 0.375 0.10555555555555556 0.13055555555555556
0 0.15 0.4 0.16319444444444445 0.1625
0 0.6048611111111111 0.8729166666666667 0.2513888888888889 0.2513888888888889
0 0.5208333333333334 0.43333333333333335 0.08333333333333333 0.24722222222222223
0 0.5631944444444444 0.5125 0.16805555555555557 0.2611111111111111
0 0.7756944444444445 0.6416666666666667 0.44583333333333336 0.6638888888888889