0 0.11666666666666667 0.2326388888888889 0.08263888888888889 0.10416666666666667
0 0.23472222222222222 0.31805555555555554 0.09444444444444444 0.03888888888888889
0 0.08611111111111111 0.07847222222222222 0.17222222222222222 0.15694444444444444
0 0.3402777777777778 0.3145833333333333 0.10277777777777777 0.04583333333333333
0 0.3034722222222222 0.17291666666666666 0.125 0.11458333333333333
0 0.16597222222222222 0.18541666666666667 0.05347222222222222 0.07083333333333333
0 0.20694444444444443 0.27361111111111114 0.09375 0.09305555555555556
0 0.06805555555555555 0.28125 0.12777777777777777 0.1125
0 0.3625 0.06736111111111111 0.14097222222222222 0.13472222222222222
0 0.4166666666666667 0.21944444444444444 0.10277777777777777 0.2361111111111111
0 0.11041666666666666 0.16666666666666666 0.06388888888888888 0.04583333333333333
0 0.22013888888888888 0.01875 0.10416666666666667 0.0375
0 0.2263888888888889 0.08819444444444445 0.07916666666666666 0.08819444444444445
0 0.8020833333333334 0.03680555555555556 0.30694444444444446 0.07361111111111111
0 0.9861111111111112 0.20347222222222222 0.025 0.05694444444444444
0 0.6069444444444444 0.07569444444444444 0.20833333333333334 0.15138888888888888
0 0.8472222222222222 0.07222222222222222 0.15555555555555556 0.1326388888888889
0 0.9638888888888889 0.04027777777777778 0.06944444444444445 0.08055555555555556
0 0.5152777777777777 0.09930555555555555 0.09166666666666666 0.1986111111111111
0 0.3875 0.7875 0.16111111111111112 0.24444444444444444
0 0.1284722222222222 0.7493055555555556 0.2569444444444444 0.4986111111111111
0 0.9 0.7631944444444444 0.19722222222222222 0.42916666666666664
0 0.6263888888888889 0.8527777777777777 0.3138888888888889 0.2916666666666667
0 0.5305555555555556 0.58125 0.12222222222222222 0.4847222222222222