0 0.41875 0.47708333333333336 0.11805555555555555 0.12083333333333333
0 0.19027777777777777 0.15902777777777777 0.38055555555555554 0.31805555555555554
0 0.45208333333333334 0.2861111111111111 0.05138888888888889 0.15833333333333333
0 0.07222222222222222 0.4951388888888889 0.14444444444444443 0.08472222222222223
0 0.4222222222222222 0.13819444444444445 0.1111111111111111 0.2763888888888889
0 0.021527777777777778 0.3 0.043055555555555555 0.17222222222222222
0 0.10486111111111111 0.3597222222222222 0.11527777777777778 0.11180555555555556
0 0.35833333333333334 0.26805555555555555 0.12777777777777777 0.14097222222222222
0 0.23194444444444445 0.3611111111111111 0.059027777777777776 0.10833333333333334
0 0.05763888888888889 0.4305555555555556 0.052083333333333336 0.04791666666666667
0 0.12152777777777778 0.41041666666666665 0.07430555555555556 0.07152777777777777
0 0.022222222222222223 0.41597222222222224 0.044444444444444446 0.12916666666666668
0 0.41875 0.3993055555555556 0.11805555555555555 0.16527777777777777
0 0.9576388888888889 0.1840277777777778 0.04722222222222222 0.06875
0 0.7444444444444445 0.28958333333333336 0.38333333333333336 0.49583333333333335
0 0.5493055555555556 0.3263888888888889 0.14027777777777778 0.4222222222222222
0 0.9208333333333333 0.4027777777777778 0.15555555555555556 0.26944444444444443
0 0.74375 0.4736111111111111 0.2791666666666667 0.12777777777777777
0 0.5569444444444445 0.5173611111111112 0.1361111111111111 0.04027777777777778
0 0.7375 0.03888888888888889 0.2722222222222222 0.07777777777777778
0 0.9152777777777777 0.050694444444444445 0.16666666666666666 0.10138888888888889
0 0.54375 0.11458333333333333 0.12916666666666668 0.22916666666666666
0 0.39791666666666664 0.76875 0.1597222222222222 0.4597222222222222
0 0.09930555555555555 0.6951388888888889 0.1986111111111111 0.3125
0 0.2388888888888889 0.7875 0.4777777777777778 0.4222222222222222
0 0.5680555555555555 0.7875 0.15902777777777777 0.37222222222222223
0 0.8194444444444444 0.7895833333333333 0.35833333333333334 0.4152777777777778
0 0.7284722222222222 0.6118055555555556 0.36527777777777776 0.14583333333333334