0 0.10555555555555556 0.010416666666666666 0.08055555555555556 0.020833333333333332
0 0.3472222222222222 0.22291666666666668 0.11944444444444445 0.11944444444444445
0 0.15 0.24375 0.225 0.16805555555555557
0 0.23333333333333334 0.07777777777777778 0.034722222222222224 0.04652777777777778
0 0.09305555555555556 0.09722222222222222 0.06527777777777778 0.050694444444444445
0 0.10972222222222222 0.044444444444444446 0.041666666666666664 0.07013888888888889
0 0.4652777777777778 0.10486111111111111 0.044444444444444446 0.18194444444444444
0 0.030555555555555555 0.07083333333333333 0.04722222222222222 0.049305555555555554
0 0.36180555555555555 0.30277777777777776 0.07916666666666666 0.05
0 0.3111111111111111 0.13125 0.05416666666666667 0.0625
0 0.08819444444444445 0.2569444444444444 0.1763888888888889 0.14166666666666666
0 0.18194444444444444 0.03680555555555556 0.07777777777777778 0.07361111111111111
0 0.4125 0.1111111111111111 0.08125 0.11041666666666666
0 0.6006944444444444 0.16666666666666666 0.22361111111111112 0.32222222222222224
0 0.9506944444444444 0.20694444444444443 0.09583333333333334 0.24166666666666667
0 0.8215277777777777 0.05 0.3541666666666667 0.1
0 0.8201388888888889 0.25763888888888886 0.19583333333333333 0.14027777777777778
0 0.21180555555555555 0.7930555555555555 0.125 0.08263888888888889
0 0.45208333333333334 0.5861111111111111 0.07083333333333333 0.11388888888888889
0 0.21597222222222223 0.42916666666666664 0.07777777777777778 0.10208333333333333
0 0.4354166666666667 0.6916666666666667 0.10416666666666667 0.08888888888888889
0 0.13402777777777777 0.45902777777777776 0.09305555555555556 0.07291666666666667
0 0.03888888888888889 0.4701388888888889 0.07777777777777778 0.12361111111111112
0 0.11041666666666666 0.8673611111111111 0.04583333333333333 0.09027777777777778
0 0.14375 0.4076388888888889 0.06041666666666667 0.06527777777777778
0 0.17291666666666666 0.36041666666666666 0.06527777777777778 0.0625
0 0.07361111111111111 0.3770833333333333 0.14722222222222223 0.09583333333333334
0 0.38333333333333336 0.875 0.12430555555555556 0.11736111111111111
0 0.275 0.46597222222222223 0.0763888888888889 0.075
0 0.46458333333333335 0.88125 0.04583333333333333 0.22361111111111112
0 0.29097222222222224 0.6868055555555556 0.06666666666666667 0.06527777777777778
0 0.23125 0.6180555555555556 0.07916666666666666 0.08125
0 0.07013888888888889 0.7861111111111111 0.0875 0.07777777777777778
0 0.2798611111111111 0.9472222222222222 0.05347222222222222 0.09166666666666666
0 0.15416666666666667 0.9256944444444445 0.07847222222222222 0.12916666666666668
0 0.47152777777777777 0.47638888888888886 0.03194444444444444 0.04722222222222222
0 0.15138888888888888 0.7381944444444445 0.08333333333333333 0.1375
0 0.2548611111111111 0.8826388888888889 0.08958333333333333 0.08541666666666667
0 0.18958333333333333 0.8486111111111111 0.03819444444444445 0.050694444444444445
0 0.04513888888888889 0.8479166666666667 0.09027777777777778 0.1736111111111111
0 0.022222222222222223 0.7083333333333334 0.044444444444444446 0.11388888888888889
0 0.40694444444444444 0.6666666666666666 0.050694444444444445 0.05138888888888889
0 0.4583333333333333 0.74375 0.058333333333333334 0.0763888888888889
0 0.09861111111111111 0.6013888888888889 0.19722222222222222 0.2638888888888889
0 0.8805555555555555 0.8444444444444444 0.2361111111111111 0.30833333333333335
0 0.6875 0.9097222222222222 0.19166666666666668 0.17777777777777778
0 0.5472222222222223 0.8645833333333334 0.11666666666666667 0.26805555555555555
0 0.6381944444444444 0.41041666666666665 0.2791666666666667 0.1625
0 0.8791666666666667 0.4479166666666667 0.2388888888888889 0.2375
0 0.9298611111111111 0.6027777777777777 0.1375 0.4166666666666667
0 0.6715277777777777 0.63125 0.36527777777777776 0.40694444444444444