0 0.0798611111111111 0.5222222222222223 0.11041666666666666 0.09166666666666666
0 0.5868055555555556 0.44027777777777777 0.06666666666666667 0.08263888888888889
0 0.6368055555555555 0.39861111111111114 0.0625 0.08055555555555556
0 0.2375 0.45416666666666666 0.04236111111111111 0.06388888888888888
0 0.6534722222222222 0.30833333333333335 0.029166666666666667 0.08055555555555556
0 0.4236111111111111 0.6270833333333333 0.09444444444444444 0.020833333333333332
0 0.2763888888888889 0.26319444444444445 0.05347222222222222 0.049305555555555554
0 0.5208333333333334 0.29583333333333334 0.05486111111111111 0.059027777777777776
0 0.3590277777777778 0.4027777777777778 0.06041666666666667 0.04722222222222222
0 0.35 0.2388888888888889 0.024305555555555556 0.03611111111111111
0 0.15694444444444444 0.4756944444444444 0.08819444444444445 0.08541666666666667
0 0.2833333333333333 0.51875 0.04027777777777778 0.04791666666666667
0 0.05 0.60625 0.075 0.0625
0 0.05694444444444444 0.5694444444444444 0.05277777777777778 0.030555555555555555
0 0.03333333333333333 0.40625 0.06666666666666667 0.0763888888888889
0 0.16875 0.20555555555555555 0.08194444444444444 0.12638888888888888
0 0.5020833333333333 0.5645833333333333 0.08055555555555556 0.06944444444444445
0 0.08402777777777778 0.4534722222222222 0.03125 0.03263888888888889
0 0.09722222222222222 0.42916666666666664 0.06111111111111111 0.02638888888888889
0 0.3888888888888889 0.5618055555555556 0.034722222222222224 0.050694444444444445
0 0.3701388888888889 0.6173611111111111 0.034722222222222224 0.04027777777777778
0 0.6388888888888888 0.5868055555555556 0.058333333333333334 0.10138888888888889
0 0.6305555555555555 0.5159722222222223 0.025694444444444443 0.02847222222222222
0 0.6506944444444445 0.46319444444444446 0.034722222222222224 0.05138888888888889
0 0.6583333333333333 0.1763888888888889 0.019444444444444445 0.03888888888888889
0 0.6208333333333333 0.27152777777777776 0.04861111111111111 0.05
0 0.42777777777777776 0.21458333333333332 0.034722222222222224 0.025
0 0.5041666666666667 0.24166666666666667 0.03263888888888889 0.05625
0 0.4215277777777778 0.28055555555555556 0.025 0.035416666666666666
0 0.48125 0.2763888888888889 0.04236111111111111 0.05555555555555555
0 0.24513888888888888 0.29444444444444445 0.029861111111111113 0.03125
0 0.049305555555555554 0.4513888888888889 0.04097222222222222 0.03611111111111111
0 0.10902777777777778 0.46041666666666664 0.04583333333333333 0.0375
0 0.02847222222222222 0.48541666666666666 0.05694444444444444 0.09305555555555556
0 0.2701388888888889 0.3680555555555556 0.09305555555555556 0.06111111111111111
0 0.36736111111111114 0.3173611111111111 0.03680555555555556 0.03125
0 0.5256944444444445 0.32708333333333334 0.03333333333333333 0.029166666666666667
0 0.5131944444444444 0.3659722222222222 0.05763888888888889 0.05416666666666667
0 0.40694444444444444 0.4 0.034722222222222224 0.027777777777777776
0 0.5340277777777778 0.45416666666666666 0.02361111111111111 0.04652777777777778
0 0.5694444444444444 0.40625 0.0625 0.10277777777777777
0 0.2791666666666667 0.46805555555555556 0.04236111111111111 0.06180555555555556
0 0.31805555555555554 0.5243055555555556 0.04236111111111111 0.058333333333333334
0 0.5576388888888889 0.6152777777777778 0.1125 0.044444444444444446
0 0.2152777777777778 0.34791666666666665 0.08611111111111111 0.06805555555555555
0 0.36944444444444446 0.5027777777777778 0.034722222222222224 0.02847222222222222
0 0.5930555555555556 0.50625 0.05138888888888889 0.05763888888888889
0 0.5715277777777777 0.22013888888888888 0.07430555555555556 0.05486111111111111
0 0.19305555555555556 0.41597222222222224 0.06736111111111111 0.11041666666666666
0 0.6548611111111111 0.5138888888888888 0.02638888888888889 0.08611111111111111
0 0.12291666666666666 0.37916666666666665 0.05555555555555555 0.07361111111111111
0 0.13055555555555556 0.5527777777777778 0.09583333333333334 0.09444444444444444
0 0.017361111111111112 0.5770833333333333 0.034722222222222224 0.06527777777777778
0 0.40208333333333335 0.44583333333333336 0.059722222222222225 0.04236111111111111
0 0.31180555555555556 0.41180555555555554 0.04513888888888889 0.04236111111111111
0 0.31319444444444444 0.4527777777777778 0.027083333333333334 0.04027777777777778
0 0.21666666666666667 0.5159722222222223 0.043055555555555555 0.03819444444444445
0 0.29930555555555555 0.6277777777777778 0.04027777777777778 0.019444444444444445
0 0.4131944444444444 0.49166666666666664 0.05277777777777778 0.06666666666666667
0 0.5625 0.5597222222222222 0.04722222222222222 0.07430555555555556
0 0.5291666666666667 0.59375 0.04791666666666667 0.03819444444444445
0 0.4895833333333333 0.6138888888888889 0.034722222222222224 0.04722222222222222
0 0.4534722222222222 0.61875 0.0375 0.0375
0 0.5395833333333333 0.5263888888888889 0.04027777777777778 0.029861111111111113
0 0.5625 0.4965277777777778 0.017361111111111112 0.04236111111111111
0 0.6215277777777778 0.4930555555555556 0.0375 0.0375
0 0.8340277777777778 0.4048611111111111 0.32916666666666666 0.4652777777777778
0 0.5680555555555555 0.8069444444444445 0.2 0.24444444444444444
0 0.13680555555555557 0.7548611111111111 0.27361111111111114 0.23194444444444445
0 0.40694444444444444 0.7159722222222222 0.31666666666666665 0.15416666666666667
0 0.3625 0.9201388888888888 0.3194444444444444 0.15694444444444444
0 0.11180555555555556 0.8333333333333334 0.22361111111111112 0.33055555555555555
0 0.9243055555555556 0.8854166666666666 0.1486111111111111 0.2263888888888889
0 0.8944444444444445 0.6597222222222222 0.1 0.041666666666666664
0 0.9479166666666666 0.7111111111111111 0.10138888888888889 0.14444444444444443
0 0.7798611111111111 0.7840277777777778 0.22083333333333333 0.2902777777777778