0 0.059722222222222225 0.2916666666666667 0.11944444444444445 0.11388888888888889
0 0.11736111111111111 0.32430555555555557 0.09305555555555556 0.06805555555555555
0 0.13055555555555556 0.2534722222222222 0.06597222222222222 0.07430555555555556
0 0.27847222222222223 0.03611111111111111 0.03680555555555556 0.05694444444444444
0 0.2298611111111111 0.05625 0.06527777777777778 0.1125
0 0.30972222222222223 0.19375 0.059027777777777776 0.06458333333333334
0 0.19444444444444445 0.1909722222222222 0.0798611111111111 0.07083333333333333
0 0.39652777777777776 0.20555555555555555 0.06041666666666667 0.05347222222222222
0 0.1361111111111111 0.34791666666666665 0.11666666666666667 0.020833333333333332
0 0.3736111111111111 0.04236111111111111 0.10833333333333334 0.08472222222222223
0 0.20902777777777778 0.27152777777777776 0.10694444444444444 0.12291666666666666
0 0.04027777777777778 0.1111111111111111 0.08055555555555556 0.2222222222222222
0 0.16458333333333333 0.16875 0.06388888888888888 0.06388888888888888
0 0.08611111111111111 0.18611111111111112 0.09930555555555555 0.11458333333333333
0 0.027083333333333334 0.23333333333333334 0.05416666666666667 0.07777777777777778
0 0.1 0.0763888888888889 0.05277777777777778 0.06805555555555555
0 0.7673611111111112 0.15833333333333333 0.22083333333333333 0.29444444444444445
0 0.8798611111111111 0.17916666666666667 0.2375 0.35833333333333334
0 0.6881944444444444 0.28194444444444444 0.20416666666666666 0.1527777777777778
0 0.5861111111111111 0.09722222222222222 0.29444444444444445 0.19444444444444445
0 0.05277777777777778 0.8881944444444444 0.10555555555555556 0.22083333333333333
0 0.22916666666666666 0.9458333333333333 0.33611111111111114 0.10555555555555556
0 0.2902777777777778 0.3798611111111111 0.29444444444444445 0.04027777777777778
0 0.07013888888888889 0.39444444444444443 0.14027777777777778 0.06944444444444445
0 0.07152777777777777 0.4861111111111111 0.14305555555555555 0.20555555555555555
0 0.3423611111111111 0.6791666666666667 0.19027777777777777 0.6388888888888888
0 0.1423611111111111 0.7034722222222223 0.26944444444444443 0.5347222222222222
0 0.7979166666666667 0.8270833333333333 0.4013888888888889 0.34305555555555556
0 0.8513888888888889 0.6791666666666667 0.29444444444444445 0.6388888888888888