0 0.25069444444444444 0.12361111111111112 0.03263888888888889 0.06944444444444445
0 0.06527777777777778 0.25763888888888886 0.04861111111111111 0.05416666666666667
0 0.1486111111111111 0.5256944444444445 0.08958333333333333 0.05277777777777778
0 0.041666666666666664 0.5666666666666667 0.08333333333333333 0.022222222222222223
0 0.46944444444444444 0.2673611111111111 0.04513888888888889 0.0375
0 0.33611111111111114 0.5569444444444445 0.09722222222222222 0.041666666666666664
0 0.2722222222222222 0.47152777777777777 0.04097222222222222 0.07291666666666667
0 0.4027777777777778 0.21736111111111112 0.035416666666666666 0.025
0 0.20902777777777778 0.37916666666666665 0.03680555555555556 0.05486111111111111
0 0.23333333333333334 0.3416666666666667 0.04375 0.04722222222222222
0 0.21875 0.5388888888888889 0.03611111111111111 0.05138888888888889
0 0.15069444444444444 0.55625 0.06527777777777778 0.043055555555555555
0 0.4361111111111111 0.2534722222222222 0.024305555555555556 0.02638888888888889
0 0.40694444444444444 0.49236111111111114 0.06180555555555556 0.06388888888888888
0 0.26944444444444443 0.18125 0.058333333333333334 0.03680555555555556
0 0.20694444444444443 0.1638888888888889 0.07569444444444444 0.08263888888888889
0 0.12361111111111112 0.11666666666666667 0.07569444444444444 0.07361111111111111
0 0.44930555555555557 0.4534722222222222 0.05763888888888889 0.058333333333333334
0 0.2861111111111111 0.30833333333333335 0.020833333333333332 0.029861111111111113
0 0.21875 0.4875 0.05555555555555555 0.05625
0 0.39305555555555555 0.4409722222222222 0.0875 0.08611111111111111
0 0.47638888888888886 0.5173611111111112 0.04861111111111111 0.03958333333333333
0 0.5125 0.5027777777777778 0.030555555555555555 0.09444444444444444
0 0.45416666666666666 0.3888888888888889 0.06736111111111111 0.0798611111111111
0 0.22083333333333333 0.21875 0.09097222222222222 0.08888888888888889
0 0.2708333333333333 0.5555555555555556 0.06944444444444445 0.044444444444444446
0 0.4326388888888889 0.55 0.06805555555555555 0.05555555555555555
0 0.3173611111111111 0.15208333333333332 0.021527777777777778 0.030555555555555555
0 0.19375 0.1 0.049305555555555554 0.05625
0 0.28680555555555554 0.13680555555555557 0.041666666666666664 0.058333333333333334
0 0.23125 0.20416666666666666 0.04236111111111111 0.03611111111111111
0 0.12430555555555556 0.46319444444444446 0.08888888888888889 0.07916666666666666
0 0.11180555555555556 0.3375 0.07291666666666667 0.0875
0 0.35 0.33125 0.0375 0.043055555555555555
0 0.36875 0.26319444444444445 0.10555555555555556 0.07777777777777778
0 0.3104166666666667 0.47152777777777777 0.09166666666666666 0.09027777777777778
0 0.38472222222222224 0.3923611111111111 0.03958333333333333 0.0375
0 0.13958333333333334 0.16527777777777777 0.05 0.050694444444444445
0 0.14305555555555555 0.1986111111111111 0.0375 0.03819444444444445
0 0.03125 0.13819444444444445 0.03888888888888889 0.04513888888888889
0 0.059722222222222225 0.13194444444444445 0.027777777777777776 0.043055555555555555
0 0.06527777777777778 0.15902777777777777 0.030555555555555555 0.043055555555555555
0 0.15833333333333333 0.33819444444444446 0.05 0.07430555555555556
0 0.20277777777777778 0.44513888888888886 0.059027777777777776 0.04791666666666667
0 0.41597222222222224 0.39652777777777776 0.025694444444444443 0.027083333333333334
0 0.2652777777777778 0.38819444444444445 0.04652777777777778 0.029166666666666667
0 0.4798611111111111 0.4486111111111111 0.04861111111111111 0.05625
0 0.33125 0.5305555555555556 0.05625 0.04097222222222222
0 0.1111111111111111 0.25972222222222224 0.04652777777777778 0.0375
0 0.05 0.4756944444444444 0.08611111111111111 0.17152777777777778
0 0.3576388888888889 0.38055555555555554 0.029166666666666667 0.04375
0 0.9166666666666666 0.39652777777777776 0.1625 0.2638888888888889
0 0.9652777777777778 0.0763888888888889 0.06666666666666667 0.13333333333333333
0 0.6152777777777778 0.5027777777777778 0.12291666666666666 0.11875
0 0.5902777777777778 0.3840277777777778 0.06111111111111111 0.10833333333333334
0 0.5715277777777777 0.2986111111111111 0.08472222222222223 0.10555555555555556
0 0.6659722222222222 0.3888888888888889 0.0798611111111111 0.12638888888888888
0 0.6805555555555556 0.2388888888888889 0.08819444444444445 0.05555555555555555
0 0.7638888888888888 0.15902777777777777 0.08263888888888889 0.06041666666666667
0 0.9166666666666666 0.10694444444444444 0.029861111111111113 0.04097222222222222
0 0.9291666666666667 0.0763888888888889 0.03194444444444444 0.04097222222222222
0 0.7020833333333333 0.035416666666666666 0.059722222222222225 0.07083333333333333
0 0.9743055555555555 0.14722222222222223 0.04861111111111111 0.12777777777777777
0 0.9097222222222222 0.19166666666666668 0.09444444444444444 0.07083333333333333
0 0.7673611111111112 0.2375 0.09444444444444444 0.08333333333333333
0 0.7520833333333333 0.42916666666666664 0.08055555555555556 0.07291666666666667
0 0.5736111111111111 0.08819444444444445 0.07013888888888889 0.06388888888888888
0 0.8409722222222222 0.5430555555555555 0.09305555555555556 0.06944444444444445
0 0.8534722222222222 0.024305555555555556 0.09861111111111111 0.04861111111111111
0 0.5673611111111111 0.030555555555555555 0.0763888888888889 0.06111111111111111
0 0.8354166666666667 0.08611111111111111 0.05416666666666667 0.09791666666666667
0 0.9659722222222222 0.029861111111111113 0.06527777777777778 0.059722222222222225
0 0.8208333333333333 0.3 0.05486111111111111 0.12083333333333333
0 0.9159722222222222 0.044444444444444446 0.0625 0.08888888888888889
0 0.60625 0.19583333333333333 0.08472222222222223 0.059027777777777776
0 0.5659722222222222 0.009027777777777777 0.07361111111111111 0.018055555555555554
0 0.19791666666666666 0.9298611111111111 0.10347222222222222 0.1125
0 0.5145833333333333 0.9854166666666667 0.02638888888888889 0.02638888888888889
0 0.29305555555555557 0.8715277777777778 0.07430555555555556 0.05416666666666667
0 0.33125 0.9256944444444445 0.10486111111111111 0.06666666666666667
0 0.06527777777777778 0.8381944444444445 0.13055555555555556 0.12361111111111112
0 0.0763888888888889 0.9402777777777778 0.14166666666666666 0.11666666666666667
0 0.3958333333333333 0.9145833333333333 0.03888888888888889 0.04513888888888889
0 0.17708333333333334 0.7479166666666667 0.06944444444444445 0.04652777777777778
0 0.3458333333333333 0.8854166666666666 0.043055555555555555 0.052083333333333336
0 0.5555555555555556 0.8618055555555556 0.05277777777777778 0.27361111111111114
0 0.6743055555555556 0.8791666666666667 0.19583333333333333 0.2388888888888889
0 0.8222222222222222 0.9076388888888889 0.30277777777777776 0.18194444444444444
0 0.6069444444444444 0.6729166666666667 0.15555555555555556 0.1875
0 0.9541666666666667 0.6951388888888889 0.08888888888888889 0.23194444444444445
0 0.7930555555555555 0.7395833333333334 0.25833333333333336 0.32083333333333336