0 0.24305555555555555 0.35833333333333334 0.05138888888888889 0.03194444444444444
0 0.021527777777777778 0.1673611111111111 0.03611111111111111 0.03611111111111111
0 0.009722222222222222 0.11875 0.019444444444444445 0.0375
0 0.025 0.21597222222222223 0.05 0.059722222222222225
0 0.225 0.25277777777777777 0.20069444444444445 0.1909722222222222
0 0.14166666666666666 0.4201388888888889 0.027777777777777776 0.015277777777777777
0 0.33819444444444446 0.34305555555555556 0.018055555555555554 0.03888888888888889
0 0.3263888888888889 0.4166666666666667 0.041666666666666664 0.022222222222222223
0 0.12083333333333333 0.2534722222222222 0.08125 0.08125
0 0.10138888888888889 0.38125 0.029166666666666667 0.03333333333333333
0 0.08541666666666667 0.30416666666666664 0.07291666666666667 0.13194444444444445
0 0.09583333333333334 0.20625 0.044444444444444446 0.03958333333333333
0 0.003472222222222222 0.05555555555555555 0.006944444444444444 0.044444444444444446
0 0.02847222222222222 0.12569444444444444 0.05694444444444444 0.059722222222222225
0 0.16527777777777777 0.40347222222222223 0.04583333333333333 0.03611111111111111
0 0.04027777777777778 0.40902777777777777 0.05 0.0375
0 0.36666666666666664 0.2916666666666667 0.03611111111111111 0.1388888888888889
0 0.4583333333333333 0.3541666666666667 0.21944444444444444 0.14722222222222223
0 0.7527777777777778 0.19166666666666668 0.49166666666666664 0.38333333333333336
0 0.05694444444444444 0.6013888888888889 0.11388888888888889 0.2972222222222222
0 0.1736111111111111 0.6555555555555556 0.3472222222222222 0.4527777777777778
0 0.10555555555555556 0.9277777777777778 0.10833333333333334 0.14166666666666666
0 0.21180555555555555 0.9256944444444445 0.2708333333333333 0.14583333333333334
0 0.7006944444444444 0.7743055555555556 0.4152777777777778 0.32083333333333336
0 0.44722222222222224 0.8284722222222223 0.15 0.26319444444444445
0 0.9027777777777778 0.9423611111111111 0.19166666666666668 0.1125
0 0.6791666666666667 0.5319444444444444 0.30833333333333335 0.20555555555555555
0 0.45625 0.5777777777777777 0.1625 0.2972222222222222
0 0.9201388888888888 0.6472222222222223 0.15694444444444444 0.42777777777777776