0 0.03194444444444444 0.3013888888888889 0.06388888888888888 0.17777777777777778
0 0.07777777777777778 0.37777777777777777 0.09722222222222222 0.1
0 0.07361111111111111 0.1638888888888889 0.09236111111111112 0.10138888888888889
0 0.18541666666666667 0.39791666666666664 0.059722222222222225 0.059722222222222225
0 0.030555555555555555 0.0798611111111111 0.06111111111111111 0.059722222222222225
0 0.32222222222222224 0.06944444444444445 0.08680555555555555 0.08680555555555555
0 0.21180555555555555 0.35347222222222224 0.1125 0.09791666666666667
0 0.019444444444444445 0.15 0.03888888888888889 0.08055555555555556
0 0.10138888888888889 0.25069444444444444 0.08611111111111111 0.09305555555555556
0 0.3145833333333333 0.34375 0.08888888888888889 0.11388888888888889
0 0.19652777777777777 0.19166666666666668 0.11041666666666666 0.1375
0 0.38680555555555557 0.33194444444444443 0.08194444444444444 0.19166666666666668
0 0.18194444444444444 0.09305555555555556 0.2361111111111111 0.18611111111111112
0 0.30972222222222223 0.013194444444444444 0.18333333333333332 0.02638888888888889
0 0.3013888888888889 0.2152777777777778 0.043055555555555555 0.03611111111111111
0 0.36527777777777776 0.17708333333333334 0.05 0.03958333333333333
0 0.3 0.13194444444444445 0.03333333333333333 0.041666666666666664
0 0.2625 0.28541666666666665 0.03888888888888889 0.06944444444444445
0 0.2611111111111111 0.22708333333333333 0.02638888888888889 0.04583333333333333
0 0.7381944444444445 0.16597222222222222 0.08958333333333333 0.11458333333333333
0 0.8069444444444445 0.18958333333333333 0.06180555555555556 0.125
0 0.6777777777777778 0.20555555555555555 0.2222222222222222 0.19305555555555556
0 0.6819444444444445 0.3076388888888889 0.36666666666666664 0.24027777777777778
0 0.5951388888888889 0.15208333333333332 0.33194444444444443 0.30416666666666664
0 0.86875 0.19305555555555556 0.25972222222222224 0.3861111111111111
0 0.7298611111111111 0.08680555555555555 0.08194444444444444 0.1736111111111111
0 0.19236111111111112 0.6805555555555556 0.38472222222222224 0.5027777777777778
0 0.28402777777777777 0.8173611111111111 0.2875 0.3625
0 0.5263888888888889 0.6368055555555555 0.19444444444444445 0.3486111111111111
0 0.6888888888888889 0.675 0.18958333333333333 0.3729166666666667
0 0.8791666666666667 0.8201388888888889 0.2388888888888889 0.35694444444444445
0 0.6027777777777777 0.9055555555555556 0.3472222222222222 0.18611111111111112
0 0.5013888888888889 0.5048611111111111 0.14444444444444443 0.15138888888888888
0 0.6409722222222223 0.4618055555555556 0.17083333333333334 0.06527777777777778
0 0.8729166666666667 0.5673611111111111 0.2513888888888889 0.2763888888888889