0 0.5673611111111111 0.02013888888888889 0.11527777777777778 0.04027777777777778
0 0.3326388888888889 0.29375 0.1125 0.10694444444444444
0 0.21944444444444444 0.3159722222222222 0.13333333333333333 0.0625
0 0.44027777777777777 0.017361111111111112 0.125 0.034722222222222224
0 0.4173611111111111 0.15069444444444444 0.07569444444444444 0.12083333333333333
0 0.4305555555555556 0.0763888888888889 0.09722222222222222 0.10902777777777778
0 0.48125 0.28958333333333336 0.06805555555555555 0.08680555555555555
0 0.5166666666666667 0.08055555555555556 0.10694444444444444 0.11388888888888889
0 0.19027777777777777 0.12361111111111112 0.38055555555555554 0.24722222222222223
0 0.5861111111111111 0.2673611111111111 0.14444444444444443 0.1597222222222222
0 0.42569444444444443 0.2222222222222222 0.06458333333333334 0.08611111111111111
0 0.5756944444444444 0.15486111111111112 0.09027777777777778 0.10972222222222222
0 0.24583333333333332 0.275 0.12222222222222222 0.08958333333333333
0 0.6798611111111111 0.2652777777777778 0.04027777777777778 0.044444444444444446
0 0.8180555555555555 0.325 0.058333333333333334 0.044444444444444446
0 0.8638888888888889 0.050694444444444445 0.05486111111111111 0.06041666666666667
0 0.8048611111111111 0.11458333333333333 0.027777777777777776 0.04097222222222222
0 0.70625 0.075 0.04236111111111111 0.050694444444444445
0 0.725 0.1986111111111111 0.06944444444444445 0.07361111111111111
0 0.6756944444444445 0.16180555555555556 0.03194444444444444 0.0375
0 0.8861111111111111 0.2652777777777778 0.03263888888888889 0.04652777777777778
0 0.8791666666666667 0.23819444444444443 0.03263888888888889 0.03263888888888889
0 0.78125 0.1701388888888889 0.043055555555555555 0.03125
0 0.8638888888888889 0.2826388888888889 0.052083333333333336 0.07361111111111111
0 0.69375 0.32569444444444445 0.06805555555555555 0.043055555555555555
0 0.8395833333333333 0.22916666666666666 0.034027777777777775 0.07430555555555556
0 0.9173611111111111 0.3159722222222222 0.03333333333333333 0.03194444444444444
0 0.73125 0.10625 0.05138888888888889 0.058333333333333334
0 0.66875 0.12708333333333333 0.018055555555555554 0.04861111111111111
0 0.6722222222222223 0.21041666666666667 0.025 0.06527777777777778
0 0.775 0.07569444444444444 0.050694444444444445 0.06666666666666667
0 0.7590277777777777 0.029166666666666667 0.09027777777777778 0.058333333333333334
0 0.7888888888888889 0.2048611111111111 0.05486111111111111 0.04861111111111111
0 0.9611111111111111 0.2861111111111111 0.0625 0.05277777777777778
0 0.9916666666666667 0.2951388888888889 0.013888888888888888 0.04583333333333333
0 0.6965277777777777 0.29930555555555555 0.07361111111111111 0.05694444444444444
0 0.86875 0.3284722222222222 0.06805555555555555 0.0375
0 0.7715277777777778 0.3020833333333333 0.0625 0.07152777777777777
0 0.7375 0.24861111111111112 0.04861111111111111 0.07222222222222222
0 0.8347222222222223 0.18333333333333332 0.049305555555555554 0.06180555555555556
0 0.8743055555555556 0.10902777777777778 0.041666666666666664 0.04375
0 0.6729166666666667 0.06597222222222222 0.02638888888888889 0.043055555555555555
0 0.9895833333333334 0.26666666666666666 0.018055555555555554 0.05555555555555555
0 0.18125 0.8701388888888889 0.09722222222222222 0.10138888888888889
0 0.5333333333333333 0.8722222222222222 0.25 0.25277777777777777
0 0.36875 0.9097222222222222 0.1375 0.17777777777777778
0 0.1763888888888889 0.9493055555555555 0.25555555555555554 0.09861111111111111
0 0.38333333333333336 0.4513888888888889 0.23055555555555557 0.20555555555555555
0 0.21041666666666667 0.5361111111111111 0.24583333333333332 0.2423611111111111
0 0.5479166666666667 0.6208333333333333 0.22083333333333333 0.28888888888888886
0 0.3763888888888889 0.6902777777777778 0.1451388888888889 0.31319444444444444
0 0.24027777777777778 0.7548611111111111 0.1111111111111111 0.20833333333333334
0 0.09930555555555555 0.7631944444444444 0.1986111111111111 0.24027777777777778
0 0.9020833333333333 0.7361111111111112 0.19305555555555556 0.525
0 0.875 0.9694444444444444 0.23333333333333334 0.058333333333333334
0 0.7236111111111111 0.6840277777777778 0.12777777777777777 0.25416666666666665
0 0.7041666666666667 0.8902777777777777 0.08888888888888889 0.11666666666666667
0 0.7569444444444444 0.5201388888888889 0.08958333333333333 0.12986111111111112
0 0.8097222222222222 0.43333333333333335 0.3 0.16944444444444445