0 0.22916666666666666 0.07777777777777778 0.07708333333333334 0.04722222222222222
0 0.3194444444444444 0.37222222222222223 0.19722222222222222 0.26666666666666666
0 0.29444444444444445 0.4756944444444444 0.14791666666666667 0.15138888888888888
0 0.125 0.2513888888888889 0.25 0.42777777777777776
0 0.041666666666666664 0.4041666666666667 0.08333333333333333 0.13333333333333333
0 0.09305555555555556 0.007638888888888889 0.08333333333333333 0.015277777777777777
0 0.31319444444444444 0.11875 0.03819444444444445 0.06111111111111111
0 0.2881944444444444 0.03333333333333333 0.07430555555555556 0.058333333333333334
0 0.25972222222222224 0.049305555555555554 0.03125 0.03333333333333333
0 0.3284722222222222 0.15416666666666667 0.041666666666666664 0.041666666666666664
0 0.36319444444444443 0.1284722222222222 0.050694444444444445 0.05416666666666667
0 0.15694444444444444 0.5236111111111111 0.09444444444444444 0.06944444444444445
0 0.2659722222222222 0.15347222222222223 0.06527777777777778 0.08472222222222223
0 0.40208333333333335 0.2076388888888889 0.03194444444444444 0.07361111111111111
0 0.40555555555555556 0.24305555555555555 0.025 0.05555555555555555
0 0.3715277777777778 0.2673611111111111 0.05486111111111111 0.06666666666666667
0 0.07569444444444444 0.4861111111111111 0.08472222222222223 0.08958333333333333
0 0.18125 0.51875 0.06805555555555555 0.07916666666666666
0 0.1326388888888889 0.04861111111111111 0.043055555555555555 0.059027777777777776
0 0.17083333333333334 0.07361111111111111 0.04583333333333333 0.03819444444444445
0 0.33819444444444446 0.25416666666666665 0.05486111111111111 0.0375
0 0.3423611111111111 0.2263888888888889 0.06041666666666667 0.029861111111111113
0 0.6145833333333334 0.21388888888888888 0.21041666666666667 0.28125
0 0.7958333333333333 0.24027777777777778 0.375 0.48055555555555557
0 0.5388888888888889 0.36527777777777776 0.19305555555555556 0.21388888888888888
0 0.7125 0.5069444444444444 0.10277777777777777 0.10277777777777777
0 0.5395833333333333 0.47152777777777777 0.24027777777777778 0.1736111111111111
0 0.8423611111111111 0.5055555555555555 0.3125 0.10555555555555556
0 0.5006944444444444 0.12430555555555556 0.1625 0.24861111111111112
0 0.2375 0.8347222222222223 0.13055555555555556 0.19652777777777777
0 0.06388888888888888 0.8409722222222222 0.11805555555555555 0.10138888888888889
0 0.13958333333333334 0.90625 0.2048611111111111 0.14722222222222223
0 0.07777777777777778 0.9583333333333334 0.14722222222222223 0.08055555555555556
0 0.15 0.61875 0.12222222222222222 0.11805555555555555
0 0.20555555555555555 0.9673611111111111 0.1 0.0625
0 0.3215277777777778 0.9645833333333333 0.1375 0.06805555555555555
0 0.3909722222222222 0.9097222222222222 0.05416666666666667 0.09722222222222222
0 0.007638888888888889 0.8270833333333333 0.015277777777777777 0.05138888888888889
0 0.7833333333333333 0.8902777777777777 0.425 0.21666666666666667
0 0.5548611111111111 0.9125 0.19305555555555556 0.17222222222222222
0 0.8604166666666667 0.7013888888888888 0.2763888888888889 0.2833333333333333
0 0.63125 0.8145833333333333 0.28125 0.2798611111111111