0 0.1673611111111111 0.5506944444444445 0.10416666666666667 0.11597222222222223
0 0.3888888888888889 0.4395833333333333 0.052083333333333336 0.059027777777777776
0 0.26458333333333334 0.33819444444444446 0.04791666666666667 0.03888888888888889
0 0.37430555555555556 0.49236111111111114 0.10138888888888889 0.08888888888888889
0 0.25763888888888886 0.5111111111111111 0.07430555555555556 0.06875
0 0.3388888888888889 0.2923611111111111 0.041666666666666664 0.030555555555555555
0 0.20625 0.14166666666666666 0.0625 0.05486111111111111
0 0.4013888888888889 0.2111111111111111 0.0375 0.05555555555555555
0 0.4444444444444444 0.3923611111111111 0.04583333333333333 0.05763888888888889
0 0.32708333333333334 0.26180555555555557 0.034722222222222224 0.03819444444444445
0 0.24791666666666667 0.38680555555555557 0.06319444444444444 0.06875
0 0.4701388888888889 0.22777777777777777 0.05486111111111111 0.08888888888888889
0 0.38680555555555557 0.12361111111111112 0.03611111111111111 0.058333333333333334
0 0.043055555555555555 0.5722222222222222 0.059027777777777776 0.07777777777777778
0 0.49930555555555556 0.3645833333333333 0.044444444444444446 0.04791666666666667
0 0.17291666666666666 0.20833333333333334 0.04652777777777778 0.041666666666666664
0 0.04791666666666667 0.6166666666666667 0.09583333333333334 0.022222222222222223
0 0.4305555555555556 0.3173611111111111 0.09513888888888888 0.07222222222222222
0 0.2569444444444444 0.5784722222222223 0.06111111111111111 0.09444444444444444
0 0.17847222222222223 0.2833333333333333 0.03958333333333333 0.050694444444444445
0 0.16041666666666668 0.24513888888888888 0.044444444444444446 0.04513888888888889
0 0.23125 0.23819444444444443 0.04236111111111111 0.05625
0 0.009027777777777777 0.5125 0.018055555555555554 0.08888888888888889
0 0.02013888888888889 0.4534722222222222 0.04027777777777778 0.06805555555555555
0 0.020833333333333332 0.3770833333333333 0.041666666666666664 0.05416666666666667
0 0.5208333333333334 0.5027777777777778 0.013888888888888888 0.06666666666666667
0 0.43680555555555556 0.5104166666666666 0.05486111111111111 0.06597222222222222
0 0.3173611111111111 0.5541666666666667 0.08472222222222223 0.07013888888888889
0 0.21944444444444444 0.31319444444444444 0.03611111111111111 0.09444444444444444
0 0.03194444444444444 0.5034722222222222 0.06388888888888888 0.07361111111111111
0 0.05486111111111111 0.47291666666666665 0.05763888888888889 0.08819444444444445
0 0.04097222222222222 0.4013888888888889 0.06111111111111111 0.05486111111111111
0 0.7347222222222223 0.25763888888888886 0.4111111111111111 0.5152777777777777
0 0.9020833333333333 0.2013888888888889 0.19305555555555556 0.3638888888888889
0 0.7590277777777777 0.017361111111111112 0.1625 0.034722222222222224
0 0.7680555555555556 0.5694444444444444 0.44166666666666665 0.11666666666666667
0 0.5013888888888889 0.8847222222222222 0.05277777777777778 0.09722222222222222
0 0.51875 0.8284722222222223 0.018055555555555554 0.16527777777777777
0 0.44930555555555557 0.66875 0.10416666666666667 0.07916666666666666
0 0.022222222222222223 0.9083333333333333 0.044444444444444446 0.08888888888888889
0 0.30972222222222223 0.7666666666666667 0.07291666666666667 0.13055555555555556
0 0.3909722222222222 0.9590277777777778 0.10416666666666667 0.07916666666666666
0 0.1125 0.8368055555555556 0.059027777777777776 0.05555555555555555
0 0.0798611111111111 0.7708333333333334 0.10972222222222222 0.16805555555555557
0 0.4965277777777778 0.9645833333333333 0.0625 0.06805555555555555
0 0.22569444444444445 0.9638888888888889 0.07083333333333333 0.06944444444444445
0 0.2673611111111111 0.8923611111111112 0.12222222222222222 0.10902777777777778
0 0.4027777777777778 0.7701388888888889 0.14375 0.22777777777777777
0 0.09166666666666666 0.9861111111111112 0.11944444444444445 0.025
0 0.2791666666666667 0.6548611111111111 0.06111111111111111 0.05138888888888889
0 0.1736111111111111 0.6381944444444444 0.13333333333333333 0.018055555555555554
0 0.9631944444444445 0.8368055555555556 0.07083333333333333 0.3236111111111111
0 0.7930555555555555 0.7513888888888889 0.34444444444444444 0.24444444444444444
0 0.5944444444444444 0.8069444444444445 0.13055555555555556 0.35555555555555557
0 0.7090277777777778 0.8708333333333333 0.2152777777777778 0.25555555555555554