0 0.12152777777777778 0.2951388888888889 0.07152777777777777 0.04513888888888889
0 0.28055555555555556 0.36041666666666666 0.059722222222222225 0.05277777777777778
0 0.5465277777777777 0.39791666666666664 0.02361111111111111 0.04027777777777778
0 0.3277777777777778 0.07361111111111111 0.05625 0.0625
0 0.26666666666666666 0.13958333333333334 0.029166666666666667 0.04236111111111111
0 0.16527777777777777 0.09861111111111111 0.04375 0.052083333333333336
0 0.018055555555555554 0.27847222222222223 0.03611111111111111 0.05416666666666667
0 0.18472222222222223 0.2263888888888889 0.07222222222222222 0.0763888888888889
0 0.13055555555555556 0.1875 0.03819444444444445 0.0375
0 0.3506944444444444 0.2951388888888889 0.034027777777777775 0.04791666666666667
0 0.34375 0.2673611111111111 0.03333333333333333 0.03333333333333333
0 0.009722222222222222 0.24375 0.019444444444444445 0.04583333333333333
0 0.06041666666666667 0.041666666666666664 0.03819444444444445 0.03888888888888889
0 0.45208333333333334 0.48333333333333334 0.06666666666666667 0.058333333333333334
0 0.39375 0.44930555555555557 0.0763888888888889 0.059722222222222225
0 0.2423611111111111 0.19722222222222222 0.044444444444444446 0.03263888888888889
0 0.02847222222222222 0.49444444444444446 0.05694444444444444 0.10555555555555556
0 0.5256944444444445 0.4826388888888889 0.06527777777777778 0.07083333333333333
0 0.3277777777777778 0.3125 0.05347222222222222 0.07569444444444444
0 0.04375 0.10208333333333333 0.05694444444444444 0.04375
0 0.1326388888888889 0.3798611111111111 0.10902777777777778 0.08819444444444445
0 0.30277777777777776 0.25763888888888886 0.035416666666666666 0.0763888888888889
0 0.38333333333333336 0.34791666666666665 0.034722222222222224 0.03333333333333333
0 0.1909722222222222 0.13125 0.05277777777777778 0.059722222222222225
0 0.10069444444444445 0.15208333333333332 0.06944444444444445 0.04861111111111111
0 0.08402777777777778 0.4375 0.12222222222222222 0.10416666666666667
0 0.044444444444444446 0.3194444444444444 0.07361111111111111 0.07361111111111111
0 0.21944444444444444 0.4173611111111111 0.10694444444444444 0.10069444444444445
0 0.009027777777777777 0.325 0.018055555555555554 0.06111111111111111
0 0.0798611111111111 0.2659722222222222 0.07361111111111111 0.0625
0 0.10069444444444445 0.23819444444444443 0.08263888888888889 0.06597222222222222
0 0.2361111111111111 0.09930555555555555 0.05277777777777778 0.06875
0 0.21944444444444444 0.04791666666666667 0.09166666666666666 0.06597222222222222
0 0.25069444444444444 0.2326388888888889 0.05694444444444444 0.050694444444444445
0 0.4284722222222222 0.31666666666666665 0.06388888888888888 0.05486111111111111
0 0.47430555555555554 0.32569444444444445 0.04375 0.04513888888888889
0 0.13333333333333333 0.3298611111111111 0.11597222222222223 0.05625
0 0.3326388888888889 0.3659722222222222 0.06875 0.049305555555555554
0 0.2326388888888889 0.3333333333333333 0.06388888888888888 0.07361111111111111
0 0.19722222222222222 0.2777777777777778 0.05 0.07430555555555556
0 0.017361111111111112 0.15833333333333333 0.034722222222222224 0.06388888888888888
0 0.29791666666666666 0.21041666666666667 0.050694444444444445 0.06319444444444444
0 0.33819444444444446 0.13402777777777777 0.043055555555555555 0.04513888888888889
0 0.11875 0.08888888888888889 0.04861111111111111 0.043055555555555555
0 0.5513888888888889 0.5041666666666667 0.013888888888888888 0.10277777777777777
0 0.15486111111111112 0.4638888888888889 0.04513888888888889 0.05625
0 0.06944444444444445 0.5805555555555556 0.05347222222222222 0.03958333333333333
0 0.06666666666666667 0.5048611111111111 0.03680555555555556 0.06458333333333334
0 0.4861111111111111 0.2965277777777778 0.07430555555555556 0.05555555555555555
0 0.8 0.5319444444444444 0.3972222222222222 0.17222222222222222
0 0.9479166666666666 0.42430555555555555 0.10138888888888889 0.20972222222222223
0 0.2951388888888889 0.9638888888888889 0.3125 0.06944444444444445
0 0.3659722222222222 0.7034722222222223 0.38472222222222224 0.16805555555555557
0 0.12430555555555556 0.8305555555555556 0.24861111111111112 0.33611111111111114
0 0.3875 0.8645833333333334 0.3416666666666667 0.26805555555555555
0 0.9138888888888889 0.6888888888888889 0.16944444444444445 0.1388888888888889
0 0.6104166666666667 0.6868055555555556 0.10138888888888889 0.13472222222222222
0 0.6881944444444444 0.7930555555555555 0.2569444444444444 0.3472222222222222
0 0.8756944444444444 0.8090277777777778 0.24583333333333332 0.37916666666666665