0 0.19375 0.06319444444444444 0.059722222222222225 0.07222222222222222
0 0.38125 0.12222222222222222 0.04375 0.059722222222222225
0 0.4166666666666667 0.09930555555555555 0.03819444444444445 0.04236111111111111
0 0.3638888888888889 0.2222222222222222 0.029166666666666667 0.04583333333333333
0 0.32083333333333336 0.23472222222222222 0.02847222222222222 0.043055555555555555
0 0.3416666666666667 0.2152777777777778 0.03194444444444444 0.035416666666666666
0 0.3125 0.19930555555555557 0.03194444444444444 0.04027777777777778
0 0.15208333333333332 0.35138888888888886 0.30416666666666664 0.13333333333333333
0 0.3645833333333333 0.2923611111111111 0.24583333333333332 0.2513888888888889
0 0.4583333333333333 0.08125 0.058333333333333334 0.09305555555555556
0 0.29305555555555557 0.08611111111111111 0.03819444444444445 0.043055555555555555
0 0.22777777777777777 0.016666666666666666 0.07222222222222222 0.03333333333333333
0 0.04861111111111111 0.31666666666666665 0.09722222222222222 0.17222222222222222
0 0.2826388888888889 0.2465277777777778 0.0375 0.05763888888888889
0 0.37430555555555556 0.17430555555555555 0.09791666666666667 0.06666666666666667
0 0.19791666666666666 0.27361111111111114 0.19722222222222222 0.13472222222222222
0 0.3 0.014583333333333334 0.06388888888888888 0.029166666666666667
0 0.2534722222222222 0.11458333333333333 0.06736111111111111 0.05763888888888889
0 0.33541666666666664 0.13958333333333334 0.06180555555555556 0.09097222222222222
0 0.07152777777777777 0.06527777777777778 0.06111111111111111 0.06388888888888888
0 0.027083333333333334 0.12569444444444444 0.05416666666666667 0.12638888888888888
0 0.46111111111111114 0.12013888888888889 0.05277777777777778 0.0763888888888889
0 0.475 0.01875 0.025 0.0375
0 0.30694444444444446 0.05763888888888889 0.075 0.059027777777777776
0 0.3375 0.08611111111111111 0.05 0.034722222222222224
0 0.3888888888888889 0.041666666666666664 0.03333333333333333 0.04027777777777778
0 0.10347222222222222 0.03194444444444444 0.1763888888888889 0.06388888888888888
0 0.20416666666666666 0.16180555555555556 0.13125 0.1375
0 0.4736111111111111 0.2611111111111111 0.027777777777777776 0.14722222222222223
0 0.7625 0.13819444444444445 0.4722222222222222 0.2763888888888889
0 0.5118055555555555 0.17569444444444443 0.04583333333333333 0.1597222222222222
0 0.9381944444444444 0.2875 0.12083333333333333 0.2611111111111111
0 0.7465277777777778 0.2986111111111111 0.3486111111111111 0.2388888888888889
0 0.5513888888888889 0.3368055555555556 0.125 0.1625
0 0.6791666666666667 0.03819444444444445 0.32222222222222224 0.0763888888888889
0 0.058333333333333334 0.7652777777777777 0.11666666666666667 0.18888888888888888
0 0.14097222222222222 0.86875 0.10277777777777777 0.1951388888888889
0 0.32916666666666666 0.8583333333333333 0.31666666666666665 0.28055555555555556
0 0.05486111111111111 0.8909722222222223 0.10972222222222222 0.2152777777777778
0 0.43472222222222223 0.47708333333333336 0.10555555555555556 0.11527777777777778
0 0.16597222222222222 0.4930555555555556 0.20416666666666666 0.14722222222222223
0 0.035416666666666666 0.5458333333333333 0.07083333333333333 0.25277777777777777
0 0.31875 0.5673611111111111 0.3277777777777778 0.29583333333333334
0 0.16111111111111112 0.6847222222222222 0.18888888888888888 0.27361111111111114
0 0.5027777777777778 0.7965277777777777 0.027777777777777776 0.09861111111111111
0 0.9770833333333333 0.7798611111111111 0.043055555555555555 0.10138888888888889
0 0.9020833333333333 0.5277777777777778 0.04791666666666667 0.05416666666666667
0 0.7041666666666667 0.7666666666666667 0.07777777777777778 0.0798611111111111
0 0.9527777777777777 0.45416666666666666 0.05138888888888889 0.05625
0 0.6861111111111111 0.6180555555555556 0.11180555555555556 0.09444444444444444
0 0.9791666666666666 0.6173611111111111 0.03888888888888889 0.08472222222222223
0 0.9854166666666667 0.7104166666666667 0.02638888888888889 0.09027777777777778
0 0.5375 0.5444444444444444 0.09722222222222222 0.08611111111111111
0 0.8680555555555556 0.8875 0.2611111111111111 0.2222222222222222
0 0.5729166666666666 0.5020833333333333 0.1388888888888889 0.07013888888888889
0 0.7888888888888889 0.48819444444444443 0.05277777777777778 0.05347222222222222
0 0.6673611111111111 0.8041666666666667 0.05416666666666667 0.07569444444444444
0 0.7520833333333333 0.7638888888888888 0.08333333333333333 0.09027777777777778
0 0.7048611111111112 0.7118055555555556 0.07222222222222222 0.04861111111111111
0 0.74375 0.6777777777777778 0.13333333333333333 0.07152777777777777
0 0.5083333333333333 0.7340277777777777 0.03888888888888889 0.034722222222222224
0 0.5770833333333333 0.9201388888888888 0.0625 0.09305555555555556
0 0.5298611111111111 0.96875 0.0763888888888889 0.059722222222222225
0 0.8506944444444444 0.7347222222222223 0.09236111111111112 0.06111111111111111
0 0.6652777777777777 0.925 0.12222222222222222 0.14722222222222223
0 0.9048611111111111 0.6368055555555555 0.13194444444444445 0.15833333333333333
0 0.7729166666666667 0.6236111111111111 0.059027777777777776 0.05555555555555555
0 0.55625 0.7541666666666667 0.05625 0.06666666666666667
0 0.5826388888888889 0.8402777777777778 0.03611111111111111 0.06805555555555555
0 0.5944444444444444 0.9777777777777777 0.05277777777777778 0.041666666666666664
0 0.9909722222222223 0.48333333333333334 0.015277777777777777 0.03611111111111111
0 0.9854166666666667 0.5479166666666667 0.02638888888888889 0.04583333333333333