0 0.09513888888888888 0.18888888888888888 0.19027777777777777 0.37777777777777777
0 0.24166666666666667 0.18888888888888888 0.1527777777777778 0.37777777777777777
0 0.15 0.3645833333333333 0.3 0.02638888888888889
0 0.4076388888888889 0.09722222222222222 0.049305555555555554 0.03888888888888889
0 0.7090277777777778 0.07777777777777778 0.034722222222222224 0.075
0 0.5104166666666666 0.22152777777777777 0.052083333333333336 0.058333333333333334
0 0.9423611111111111 0.23194444444444445 0.04861111111111111 0.03958333333333333
0 0.8715277777777778 0.17847222222222223 0.03819444444444445 0.027083333333333334
0 0.6638888888888889 0.35 0.041666666666666664 0.05555555555555555
0 0.6895833333333333 0.3111111111111111 0.04722222222222222 0.05
0 0.36666666666666664 0.35138888888888886 0.07222222222222222 0.05277777777777778
0 0.9069444444444444 0.21666666666666667 0.025694444444444443 0.027777777777777776
0 0.7284722222222222 0.13958333333333334 0.0625 0.03888888888888889
0 0.6618055555555555 0.12083333333333333 0.08125 0.08819444444444445
0 0.5729166666666666 0.07013888888888889 0.08125 0.07916666666666666
0 0.7465277777777778 0.27569444444444446 0.022222222222222223 0.03194444444444444
0 0.9263888888888889 0.34791666666666665 0.07222222222222222 0.059722222222222225
0 0.6763888888888889 0.1798611111111111 0.09722222222222222 0.09583333333333334
0 0.7798611111111111 0.10833333333333334 0.02361111111111111 0.03263888888888889
0 0.6479166666666667 0.05277777777777778 0.05277777777777778 0.06041666666666667
0 0.7465277777777778 0.09166666666666666 0.044444444444444446 0.0625
0 0.6875 0.1638888888888889 0.04513888888888889 0.03888888888888889
0 0.5604166666666667 0.30694444444444446 0.07847222222222222 0.09375
0 0.8145833333333333 0.3 0.03958333333333333 0.04583333333333333
0 0.8347222222222223 0.22708333333333333 0.11319444444444444 0.08333333333333333
0 0.8513888888888889 0.3611111111111111 0.044444444444444446 0.03333333333333333
0 0.5895833333333333 0.12291666666666666 0.05416666666666667 0.05416666666666667
0 0.5930555555555556 0.15763888888888888 0.04027777777777778 0.04097222222222222
0 0.4736111111111111 0.09305555555555556 0.041666666666666664 0.04861111111111111
0 0.5041666666666667 0.08680555555555555 0.029861111111111113 0.04652777777777778
0 0.5097222222222222 0.11527777777777778 0.03263888888888889 0.04583333333333333
0 0.6097222222222223 0.3076388888888889 0.05347222222222222 0.0798611111111111
0 0.8854166666666666 0.3659722222222222 0.029166666666666667 0.02361111111111111
0 0.7236111111111111 0.3611111111111111 0.05 0.03125
0 0.5590277777777778 0.22361111111111112 0.05 0.04027777777777778
0 0.8229166666666666 0.3527777777777778 0.03125 0.04722222222222222
0 0.09583333333333334 0.7381944444444445 0.19166666666666668 0.2625
0 0.2611111111111111 0.8743055555555556 0.11388888888888889 0.20416666666666666
0 0.2590277777777778 0.39305555555555555 0.0763888888888889 0.027777777777777776
0 0.24027777777777778 0.5861111111111111 0.15555555555555556 0.2833333333333333
0 0.1125 0.9194444444444444 0.225 0.15833333333333333
0 0.11805555555555555 0.5493055555555556 0.12291666666666666 0.12638888888888888
0 0.011111111111111112 0.8194444444444444 0.022222222222222223 0.18333333333333332
0 0.05347222222222222 0.6263888888888889 0.10694444444444444 0.14166666666666666
0 0.29375 0.7041666666666667 0.04861111111111111 0.14166666666666666
0 0.70625 0.6888888888888889 0.5847222222222223 0.6194444444444445