0 0.46944444444444444 0.5375 0.21666666666666667 0.06111111111111111
0 0.06041666666666667 0.38680555555555557 0.12083333333333333 0.3625
0 0.3194444444444444 0.3861111111111111 0.5166666666666667 0.3638888888888889
0 0.35208333333333336 0.1597222222222222 0.4513888888888889 0.3194444444444444
0 0.05416666666666667 0.10486111111111111 0.10833333333333334 0.20972222222222223
0 0.8694444444444445 0.275 0.25833333333333336 0.55
0 0.45902777777777776 0.9368055555555556 0.2375 0.12361111111111112
0 0.25833333333333336 0.7840277777777778 0.5166666666666667 0.42916666666666664
0 0.6493055555555556 0.8659722222222223 0.14027777777777778 0.2652777777777778
0 0.7888888888888889 0.7298611111111111 0.41944444444444445 0.32083333333333336
0 0.83125 0.8583333333333333 0.3347222222222222 0.28055555555555556