0 0.3715277777777778 0.3368055555555556 0.19305555555555556 0.4236111111111111
0 0.11944444444444445 0.4041666666666667 0.2388888888888889 0.28888888888888886
0 0.3993055555555556 0.07708333333333334 0.1375 0.15416666666666667
0 0.20972222222222223 0.13125 0.39166666666666666 0.2625
0 0.7638888888888888 0.2743055555555556 0.46944444444444444 0.5486111111111112
0 0.6236111111111111 0.4361111111111111 0.30833333333333335 0.225
0 0.37916666666666665 0.6243055555555556 0.06527777777777778 0.05416666666666667
0 0.38125 0.5916666666666667 0.04722222222222222 0.04236111111111111
0 0.21805555555555556 0.6020833333333333 0.06458333333333334 0.08680555555555555
0 0.25763888888888886 0.5590277777777778 0.05138888888888889 0.018055555555555554
0 0.17430555555555555 0.74375 0.09861111111111111 0.0625
0 0.13333333333333333 0.6493055555555556 0.06944444444444445 0.09444444444444444
0 0.13472222222222222 0.5979166666666667 0.08680555555555555 0.07916666666666666
0 0.05763888888888889 0.6840277777777778 0.11527777777777778 0.09305555555555556
0 0.03888888888888889 0.9451388888888889 0.07777777777777778 0.10138888888888889
0 0.02638888888888889 0.8840277777777777 0.05277777777777778 0.07083333333333333
0 0.3798611111111111 0.9027777777777778 0.09166666666666666 0.09027777777777778
0 0.31319444444444444 0.5993055555555555 0.09305555555555556 0.09861111111111111
0 0.13819444444444445 0.9430555555555555 0.09027777777777778 0.1111111111111111
0 0.020833333333333332 0.7958333333333333 0.041666666666666664 0.10833333333333334
0 0.08611111111111111 0.7243055555555555 0.07569444444444444 0.07013888888888889
0 0.45902777777777776 0.65 0.018055555555555554 0.06944444444444445
0 0.1423611111111111 0.7736111111111111 0.11666666666666667 0.10416666666666667
0 0.2659722222222222 0.6972222222222222 0.0375 0.05
0 0.22361111111111112 0.6409722222222223 0.10208333333333333 0.07847222222222222
0 0.4576388888888889 0.9229166666666667 0.020833333333333332 0.09305555555555556
0 0.25416666666666665 0.5833333333333334 0.05555555555555555 0.06597222222222222
0 0.12291666666666666 0.9916666666666667 0.0875 0.013888888888888888
0 0.32222222222222224 0.8368055555555556 0.07777777777777778 0.09305555555555556
0 0.25625 0.7388888888888889 0.05694444444444444 0.058333333333333334
0 0.3784722222222222 0.7465277777777778 0.06944444444444445 0.07291666666666667
0 0.36319444444444443 0.8 0.04097222222222222 0.06875
0 0.3125 0.7680555555555556 0.0763888888888889 0.07569444444444444
0 0.3645833333333333 0.9402777777777778 0.04722222222222222 0.05138888888888889
0 0.30972222222222223 0.7166666666666667 0.05138888888888889 0.07847222222222222
0 0.38472222222222224 0.9736111111111111 0.03333333333333333 0.05
0 0.24166666666666667 0.7923611111111111 0.07569444444444444 0.07430555555555556
0 0.25555555555555554 0.8666666666666667 0.06458333333333334 0.07569444444444444
0 0.2722222222222222 0.9368055555555556 0.08125 0.07430555555555556
0 0.2590277777777778 0.9791666666666666 0.1125 0.03888888888888889
0 0.07013888888888889 0.6180555555555556 0.06597222222222222 0.04583333333333333
0 0.35833333333333334 0.6479166666666667 0.050694444444444445 0.04722222222222222
0 0.5965277777777778 0.8284722222222223 0.25416666666666665 0.3402777777777778
0 0.8604166666666667 0.8743055555555556 0.2763888888888889 0.24861111111111112
0 0.6847222222222222 0.6006944444444444 0.2777777777777778 0.10138888888888889
0 0.8263888888888888 0.6527777777777778 0.14722222222222223 0.20555555555555555
0 0.9277777777777778 0.7222222222222222 0.14166666666666666 0.34444444444444444
0 0.7534722222222222 0.8229166666666666 0.1763888888888889 0.35138888888888886