0 0.5034722222222222 0.11875 0.09027777777777778 0.2375
0 0.47708333333333336 0.3076388888888889 0.14305555555555555 0.1986111111111111
0 0.29305555555555557 0.35625 0.3625 0.30416666666666664
0 0.07013888888888889 0.3173611111111111 0.14027777777777778 0.44027777777777777
0 0.2520833333333333 0.13402777777777777 0.45694444444444443 0.26805555555555555
0 0.9395833333333333 0.1125 0.03611111111111111 0.03611111111111111
0 0.9201388888888888 0.0625 0.03333333333333333 0.03611111111111111
0 0.6840277777777778 0.21041666666666667 0.049305555555555554 0.03819444444444445
0 0.6090277777777777 0.07708333333333334 0.044444444444444446 0.059722222222222225
0 0.5694444444444444 0.03888888888888889 0.03888888888888889 0.075
0 0.775 0.4152777777777778 0.08333333333333333 0.08611111111111111
0 0.9326388888888889 0.4326388888888889 0.11319444444444444 0.10972222222222222
0 0.5618055555555556 0.5125 0.02361111111111111 0.05
0 0.9430555555555555 0.1597222222222222 0.050694444444444445 0.058333333333333334
0 0.8736111111111111 0.18055555555555555 0.035416666666666666 0.04791666666666667
0 0.75625 0.03819444444444445 0.08194444444444444 0.0763888888888889
0 0.8555555555555555 0.5041666666666667 0.05555555555555555 0.06666666666666667
0 0.6798611111111111 0.12222222222222222 0.1111111111111111 0.11666666666666667
0 0.8680555555555556 0.4888888888888889 0.034722222222222224 0.029861111111111113
0 0.6222222222222222 0.32569444444444445 0.12638888888888888 0.09166666666666666
0 0.7555555555555555 0.37083333333333335 0.041666666666666664 0.04027777777777778
0 0.8666666666666667 0.24305555555555555 0.044444444444444446 0.03333333333333333
0 0.6118055555555556 0.5166666666666667 0.0375 0.041666666666666664
0 0.8201388888888889 0.36527777777777776 0.04791666666666667 0.0375
0 0.5715277777777777 0.42777777777777776 0.043055555555555555 0.05555555555555555
0 0.7111111111111111 0.25972222222222224 0.02013888888888889 0.01597222222222222
0 0.6048611111111111 0.48125 0.05277777777777778 0.06388888888888888
0 0.9826388888888888 0.24861111111111112 0.03194444444444444 0.13333333333333333
0 0.5652777777777778 0.09583333333333334 0.030555555555555555 0.04722222222222222
0 0.5611111111111111 0.1909722222222222 0.022222222222222223 0.07083333333333333
0 0.5680555555555555 0.14930555555555555 0.03333333333333333 0.059027777777777776
0 0.6930555555555555 0.06527777777777778 0.06527777777777778 0.07361111111111111
0 0.76875 0.2590277777777778 0.05416666666666667 0.059027777777777776
0 0.7527777777777778 0.17916666666666667 0.03611111111111111 0.03263888888888889
0 0.8861111111111111 0.33611111111111114 0.0375 0.05277777777777778
0 0.8833333333333333 0.005555555555555556 0.03333333333333333 0.011111111111111112
0 0.9069444444444444 0.011111111111111112 0.03611111111111111 0.022222222222222223
0 0.8180555555555555 0.07291666666666667 0.044444444444444446 0.035416666666666666
0 0.8506944444444444 0.04652777777777778 0.04236111111111111 0.05763888888888889
0 0.9451388888888889 0.07013888888888889 0.058333333333333334 0.059027777777777776
0 0.7763888888888889 0.5284722222222222 0.041666666666666664 0.018055555555555554
0 0.8576388888888888 0.11041666666666666 0.05 0.04027777777777778
0 0.6472222222222223 0.016666666666666666 0.04722222222222222 0.03333333333333333
0 0.85625 0.4215277777777778 0.07708333333333334 0.058333333333333334
0 0.6451388888888889 0.36875 0.03125 0.024305555555555556
0 0.8923611111111112 0.26875 0.04097222222222222 0.049305555555555554
0 0.8979166666666667 0.12083333333333333 0.052083333333333336 0.07222222222222222
0 0.9583333333333334 0.36041666666666666 0.04861111111111111 0.04791666666666667
0 0.7958333333333333 0.16875 0.08402777777777778 0.07777777777777778
0 0.8722222222222222 0.14930555555555555 0.052083333333333336 0.03680555555555556
0 0.24513888888888888 0.76875 0.49027777777777776 0.4597222222222222
0 0.6465277777777778 0.6423611111111112 0.050694444444444445 0.05347222222222222
0 0.8645833333333334 0.5798611111111112 0.15138888888888888 0.08194444444444444
0 0.6479166666666667 0.8506944444444444 0.19583333333333333 0.20416666666666666
0 0.8659722222222223 0.9131944444444444 0.059027777777777776 0.08541666666666667
0 0.8930555555555556 0.9423611111111111 0.08333333333333333 0.08819444444444445
0 0.9756944444444444 0.7541666666666667 0.04583333333333333 0.044444444444444446
0 0.9784722222222222 0.6833333333333333 0.04027777777777778 0.05555555555555555
0 0.9631944444444445 0.8979166666666667 0.07083333333333333 0.12638888888888888
0 0.79375 0.7270833333333333 0.09930555555555555 0.10069444444444445
0 0.7576388888888889 0.9 0.09166666666666666 0.13472222222222222
0 0.9034722222222222 0.8388888888888889 0.06458333333333334 0.08194444444444444
0 0.8430555555555556 0.6770833333333334 0.06527777777777778 0.09375