0 0.4375 0.14722222222222223 0.28055555555555556 0.29444444444444445
0 0.12638888888888888 0.2388888888888889 0.25277777777777777 0.4777777777777778
0 0.2604166666666667 0.3138888888888889 0.09930555555555555 0.23541666666666666
0 0.40208333333333335 0.36944444444444446 0.19305555555555556 0.21666666666666667
0 0.30972222222222223 0.44513888888888886 0.29444444444444445 0.06527777777777778
0 0.9111111111111111 0.2388888888888889 0.175 0.4777777777777778
0 0.8590277777777777 0.31180555555555556 0.2791666666666667 0.33194444444444443
0 0.50625 0.5854166666666667 0.14305555555555555 0.2125
0 0.09930555555555555 0.7006944444444444 0.1986111111111111 0.23472222222222222
0 0.30069444444444443 0.7756944444444445 0.23125 0.42083333333333334
0 0.48819444444444443 0.7972222222222223 0.17916666666666667 0.4027777777777778
0 0.15902777777777777 0.8986111111111111 0.1763888888888889 0.2
0 0.06666666666666667 0.9006944444444445 0.13333333333333333 0.19583333333333333
0 0.46875 0.9555555555555556 0.21805555555555556 0.08611111111111111
0 0.27152777777777776 0.9826388888888888 0.22361111111111112 0.03194444444444444
0 0.37916666666666665 0.5555555555555556 0.2722222222222222 0.1527777777777778
0 0.12708333333333333 0.5569444444444445 0.25416666666666665 0.15555555555555556
0 0.8902777777777777 0.86875 0.19791666666666666 0.23194444444444445
0 0.6208333333333333 0.6590277777777778 0.08333333333333333 0.3541666666666667
0 0.9256944444444445 0.9375 0.14583333333333334 0.12222222222222222
0 0.6680555555555555 0.9555555555555556 0.17777777777777778 0.08611111111111111
0 0.7701388888888889 0.6138888888888889 0.2125 0.26944444444444443
0 0.9076388888888889 0.5895833333333333 0.08472222222222223 0.22083333333333333
0 0.6381944444444444 0.5381944444444444 0.10972222222222222 0.11805555555555555