0 0.46597222222222223 0.6034722222222222 0.18472222222222223 0.10972222222222222
0 0.06041666666666667 0.44513888888888886 0.12083333333333333 0.4263888888888889
0 0.3076388888888889 0.4444444444444444 0.5013888888888889 0.42777777777777776
0 0.3423611111111111 0.1763888888888889 0.43194444444444446 0.3527777777777778
0 0.05347222222222222 0.12569444444444444 0.10694444444444444 0.22083333333333333
0 0.8513888888888889 0.10555555555555556 0.04027777777777778 0.04861111111111111
0 0.5722222222222222 0.45694444444444443 0.025 0.16111111111111112
0 0.7465277777777778 0.3909722222222222 0.04791666666666667 0.08541666666666667
0 0.7895833333333333 0.39652777777777776 0.06180555555555556 0.08194444444444444
0 0.8763888888888889 0.33125 0.07708333333333334 0.09513888888888888
0 0.8333333333333334 0.33055555555555555 0.029861111111111113 0.03680555555555556
0 0.95 0.3125 0.08263888888888889 0.06805555555555555
0 0.5923611111111111 0.0375 0.06527777777777778 0.075
0 0.6111111111111112 0.08472222222222223 0.07777777777777778 0.07430555555555556
0 0.8465277777777778 0.40555555555555556 0.04583333333333333 0.06319444444444444
0 0.6979166666666666 0.6090277777777777 0.11527777777777778 0.09861111111111111
0 0.6041666666666666 0.3527777777777778 0.08888888888888889 0.11388888888888889
0 0.8993055555555556 0.19375 0.1986111111111111 0.1875
0 0.7256944444444444 0.2875 0.03958333333333333 0.05694444444444444
0 0.6083333333333333 0.1451388888888889 0.09722222222222222 0.14305555555555555
0 0.9743055555555555 0.4097222222222222 0.04861111111111111 0.04722222222222222
0 0.9493055555555555 0.3659722222222222 0.09583333333333334 0.06805555555555555
0 0.6069444444444444 0.5715277777777777 0.07569444444444444 0.11458333333333333
0 0.7173611111111111 0.3333333333333333 0.07013888888888889 0.06388888888888888
0 0.6902777777777778 0.5138888888888888 0.08333333333333333 0.05763888888888889
0 0.7993055555555556 0.5555555555555556 0.07083333333333333 0.059027777777777776
0 0.8451388888888889 0.475 0.041666666666666664 0.07152777777777777
0 0.8909722222222223 0.48680555555555555 0.06597222222222222 0.05
0 0.9569444444444445 0.4527777777777778 0.08333333333333333 0.09166666666666666
0 0.8993055555555556 0.42430555555555555 0.07430555555555556 0.09722222222222222
0 0.7951388888888888 0.5993055555555555 0.2375 0.11805555555555555
0 0.9784722222222222 0.6305555555555555 0.04027777777777778 0.05555555555555555
0 0.7861111111111111 0.32916666666666666 0.1 0.1076388888888889
0 0.9402777777777778 0.5479166666666667 0.11666666666666667 0.1763888888888889
0 0.9333333333333333 0.6263888888888889 0.1 0.06388888888888888
0 0.6729166666666667 0.45208333333333334 0.11458333333333333 0.07430555555555556
0 0.9694444444444444 0.08194444444444444 0.058333333333333334 0.06388888888888888
0 0.8604166666666667 0.06527777777777778 0.08194444444444444 0.04583333333333333
0 0.8048611111111111 0.07916666666666666 0.059722222222222225 0.06180555555555556
0 0.6652777777777777 0.6416666666666667 0.13055555555555556 0.03333333333333333
0 0.6875 0.0375 0.11597222222222223 0.07430555555555556
0 0.575 0.22916666666666666 0.030555555555555555 0.06111111111111111
0 0.9513888888888888 0.03819444444444445 0.06111111111111111 0.052083333333333336
0 0.6083333333333333 0.2673611111111111 0.04861111111111111 0.0763888888888889
0 0.27569444444444446 0.8819444444444444 0.33194444444444443 0.23333333333333334
0 0.4673611111111111 0.9388888888888889 0.18194444444444444 0.11944444444444445
0 0.24097222222222223 0.7076388888888889 0.37083333333333335 0.09583333333333334
0 0.5013888888888889 0.8145833333333333 0.11388888888888889 0.30972222222222223
0 0.05 0.8138888888888889 0.1 0.30833333333333335
0 0.11875 0.8291666666666667 0.2375 0.3388888888888889
0 0.5736111111111111 0.7555555555555555 0.027777777777777776 0.19166666666666668
0 0.8402777777777778 0.7479166666666667 0.19444444444444445 0.1763888888888889
0 0.6527777777777778 0.6916666666666667 0.11666666666666667 0.06388888888888888
0 0.76875 0.8736111111111111 0.41805555555555557 0.25
0 0.6868055555555556 0.7236111111111111 0.08333333333333333 0.07708333333333334