0 0.38125 0.35 0.1736111111111111 0.175
0 0.3736111111111111 0.09930555555555555 0.18888888888888888 0.1986111111111111
0 0.17291666666666666 0.21041666666666667 0.3458333333333333 0.42083333333333334
0 0.7777777777777778 0.21875 0.4111111111111111 0.4375
0 0.5111111111111111 0.21875 0.08333333333333333 0.4375
0 0.91875 0.39791666666666664 0.1597222222222222 0.07916666666666666
0 0.8618055555555556 0.07013888888888889 0.25972222222222224 0.14027777777777778
0 0.22291666666666668 0.6736111111111112 0.4013888888888889 0.41388888888888886
0 0.42569444444444443 0.7972222222222223 0.08472222222222223 0.3138888888888889
0 0.06666666666666667 0.8729166666666667 0.13333333333333333 0.22083333333333333
0 0.23819444444444443 0.8951388888888889 0.4597222222222222 0.20694444444444443
0 0.33055555555555555 0.5215277777777778 0.275 0.16527777777777777
0 0.09513888888888888 0.5888888888888889 0.19027777777777777 0.3
0 0.4131944444444444 0.5895833333333333 0.10972222222222222 0.15416666666666667
0 0.7986111111111112 0.7736111111111111 0.23055555555555557 0.18680555555555556
0 0.9798611111111111 0.9784722222222222 0.0375 0.04027777777777778
0 0.6715277777777777 0.7597222222222222 0.06041666666666667 0.05555555555555555
0 0.6569444444444444 0.8305555555555556 0.04791666666666667 0.07152777777777777
0 0.6034722222222222 0.7458333333333333 0.03333333333333333 0.05
0 0.7944444444444444 0.4798611111111111 0.04791666666666667 0.05277777777777778
0 0.8604166666666667 0.47291666666666665 0.08125 0.06736111111111111
0 0.9791666666666666 0.5486111111111112 0.03888888888888889 0.05
0 0.8527777777777777 0.5493055555555556 0.11388888888888889 0.13055555555555556
0 0.7736111111111111 0.5638888888888889 0.03611111111111111 0.05277777777777778
0 0.6451388888888889 0.4777777777777778 0.059722222222222225 0.07777777777777778
0 0.5256944444444445 0.5166666666666667 0.09583333333333334 0.05555555555555555
0 0.4875 0.7763888888888889 0.03611111111111111 0.058333333333333334
0 0.94375 0.7951388888888888 0.08472222222222223 0.1638888888888889
0 0.9659722222222222 0.7847222222222222 0.06527777777777778 0.25555555555555554
0 0.7291666666666666 0.6076388888888888 0.08611111111111111 0.10208333333333333
0 0.9736111111111111 0.6618055555555555 0.05 0.0763888888888889
0 0.9048611111111111 0.5291666666666667 0.04652777777777778 0.05416666666666667
0 0.8173611111111111 0.5916666666666667 0.043055555555555555 0.06597222222222222
0 0.5972222222222222 0.6069444444444444 0.0625 0.08055555555555556
0 0.6444444444444445 0.6340277777777777 0.0875 0.07777777777777778
0 0.4875 0.5819444444444445 0.03611111111111111 0.1111111111111111
0 0.48125 0.9736111111111111 0.02361111111111111 0.044444444444444446
0 0.5736111111111111 0.8069444444444445 0.1111111111111111 0.07291666666666667
0 0.5076388888888889 0.825 0.0763888888888889 0.08055555555555556
0 0.5569444444444445 0.7680555555555556 0.06111111111111111 0.04097222222222222
0 0.5319444444444444 0.6916666666666667 0.08333333333333333 0.1125
0 0.5805555555555556 0.8583333333333333 0.1388888888888889 0.11180555555555556
0 0.6173611111111111 0.9340277777777778 0.2263888888888889 0.12916666666666668
0 0.8034722222222223 0.9798611111111111 0.12083333333333333 0.0375
0 0.9888888888888889 0.6583333333333333 0.019444444444444445 0.075
0 0.7298611111111111 0.5256944444444445 0.05416666666666667 0.04791666666666667
0 0.6472222222222223 0.55625 0.08055555555555556 0.08055555555555556
0 0.5375 0.5576388888888889 0.03819444444444445 0.05486111111111111
0 0.5965277777777778 0.5236111111111111 0.05277777777777778 0.05555555555555555
0 0.7875 0.61875 0.03333333333333333 0.05486111111111111
0 0.8055555555555556 0.8736111111111111 0.05555555555555555 0.0375
0 0.75 0.8763888888888889 0.08888888888888889 0.04583333333333333
0 0.8840277777777777 0.8909722222222223 0.12569444444444444 0.10833333333333334