0 0.2861111111111111 0.16666666666666666 0.0875 0.10972222222222222
0 0.16180555555555556 0.39652777777777776 0.3236111111111111 0.3819444444444444
0 0.44166666666666665 0.4076388888888889 0.07222222222222222 0.15694444444444444
0 0.41805555555555557 0.5368055555555555 0.11944444444444445 0.10138888888888889
0 0.20972222222222223 0.05694444444444444 0.25833333333333336 0.11388888888888889
0 0.09444444444444444 0.15069444444444444 0.18888888888888888 0.3013888888888889
0 0.7701388888888889 0.34791666666666665 0.08819444444444445 0.07152777777777777
0 0.9638888888888889 0.47152777777777777 0.06944444444444445 0.09027777777777778
0 0.9916666666666667 0.1076388888888889 0.013888888888888888 0.05138888888888889
0 0.9368055555555556 0.2972222222222222 0.04027777777777778 0.05625
0 0.8736111111111111 0.34305555555555556 0.04375 0.04027777777777778
0 0.6951388888888889 0.4013888888888889 0.052083333333333336 0.05416666666666667
0 0.5743055555555555 0.16319444444444445 0.07777777777777778 0.075
0 0.49166666666666664 0.24097222222222223 0.025 0.03611111111111111
0 0.4888888888888889 0.19444444444444445 0.019444444444444445 0.05
0 0.7256944444444444 0.4527777777777778 0.02361111111111111 0.02638888888888889
0 0.5138888888888888 0.4513888888888889 0.02361111111111111 0.020833333333333332
0 0.9395833333333333 0.35208333333333336 0.03611111111111111 0.07152777777777777
0 0.8430555555555556 0.22430555555555556 0.05 0.06319444444444444
0 0.9138888888888889 0.5368055555555555 0.125 0.10138888888888889
0 0.9229166666666667 0.5618055555555556 0.0875 0.05138888888888889
0 0.6277777777777778 0.1451388888888889 0.06944444444444445 0.07361111111111111
0 0.5722222222222222 0.4236111111111111 0.03611111111111111 0.03888888888888889
0 0.8118055555555556 0.3715277777777778 0.09791666666666667 0.07916666666666666
0 0.75 0.30277777777777776 0.06111111111111111 0.03680555555555556
0 0.6638888888888889 0.20902777777777778 0.03125 0.030555555555555555
0 0.6506944444444445 0.3854166666666667 0.03680555555555556 0.04027777777777778
0 0.8618055555555556 0.4534722222222222 0.034722222222222224 0.035416666666666666
0 0.8444444444444444 0.3861111111111111 0.04027777777777778 0.02847222222222222
0 0.8368055555555556 0.5652777777777778 0.044444444444444446 0.04513888888888889
0 0.78125 0.5645833333333333 0.043055555555555555 0.04583333333333333
0 0.9729166666666667 0.24791666666666667 0.049305555555555554 0.04236111111111111
0 0.7694444444444445 0.2534722222222222 0.06875 0.06319444444444444
0 0.06041666666666667 0.7868055555555555 0.05 0.03194444444444444
0 0.20416666666666666 0.6333333333333333 0.05277777777777778 0.08888888888888889
0 0.14166666666666666 0.6708333333333333 0.05416666666666667 0.04513888888888889
0 0.24027777777777778 0.7819444444444444 0.075 0.06944444444444445
0 0.41458333333333336 0.9201388888888888 0.027083333333333334 0.03958333333333333
0 0.44930555555555557 0.9256944444444445 0.03263888888888889 0.04652777777777778
0 0.3423611111111111 0.7423611111111111 0.03888888888888889 0.050694444444444445
0 0.42569444444444443 0.6430555555555556 0.059027777777777776 0.05138888888888889
0 0.45694444444444443 0.8673611111111111 0.041666666666666664 0.04027777777777778
0 0.10486111111111111 0.7048611111111112 0.08333333333333333 0.07361111111111111
0 0.029861111111111113 0.6736111111111112 0.059722222222222225 0.05555555555555555
0 0.36319444444444443 0.8354166666666667 0.04027777777777778 0.07152777777777777
0 0.2881944444444444 0.9888888888888889 0.11527777777777778 0.019444444444444445
0 0.36944444444444446 0.9493055555555555 0.06875 0.04791666666666667
0 0.32013888888888886 0.9729166666666667 0.05 0.04652777777777778
0 0.09583333333333334 0.7840277777777778 0.027083333333333334 0.027083333333333334
0 0.11944444444444445 0.78125 0.025694444444444443 0.035416666666666666
0 0.07291666666666667 0.6458333333333334 0.03263888888888889 0.044444444444444446
0 0.09930555555555555 0.6270833333333333 0.03958333333333333 0.043055555555555555
0 0.06875 0.7541666666666667 0.10208333333333333 0.07916666666666666
0 0.3506944444444444 0.6097222222222223 0.05138888888888889 0.041666666666666664
0 0.40069444444444446 0.9083333333333333 0.043055555555555555 0.04027777777777778
0 0.30625 0.6395833333333333 0.050694444444444445 0.05486111111111111
0 0.14375 0.7659722222222223 0.03263888888888889 0.027777777777777776
0 0.48680555555555555 0.8381944444444445 0.015277777777777777 0.04861111111111111
0 0.7506944444444444 0.9145833333333333 0.09305555555555556 0.10416666666666667
0 0.9486111111111111 0.8152777777777778 0.04652777777777778 0.05277777777777778
0 0.8381944444444445 0.725 0.043055555555555555 0.034722222222222224
0 0.9361111111111111 0.8625 0.09027777777777778 0.07916666666666666
0 0.83125 0.8791666666666667 0.06666666666666667 0.06180555555555556
0 0.5625 0.7104166666666667 0.05 0.03819444444444445
0 0.5659722222222222 0.9347222222222222 0.08958333333333333 0.1076388888888889
0 0.9041666666666667 0.6840277777777778 0.0375 0.027083333333333334
0 0.9604166666666667 0.6131944444444445 0.034722222222222224 0.04861111111111111
0 0.9881944444444445 0.7736111111111111 0.020833333333333332 0.05277777777777778
0 0.89375 0.65625 0.03125 0.034027777777777775
0 0.8229166666666666 0.76875 0.05625 0.06111111111111111
0 0.6402777777777777 0.9340277777777778 0.05277777777777778 0.06944444444444445
0 0.50625 0.9729166666666667 0.05416666666666667 0.05138888888888889
0 0.75625 0.6090277777777777 0.041666666666666664 0.0375
0 0.6361111111111111 0.98125 0.10277777777777777 0.034722222222222224
0 0.9708333333333333 0.7069444444444445 0.05555555555555555 0.06666666666666667
0 0.8270833333333333 0.9888888888888889 0.08472222222222223 0.019444444444444445
0 0.8305555555555556 0.9395833333333333 0.05486111111111111 0.08402777777777778
0 0.7611111111111111 0.6756944444444445 0.035416666666666666 0.04513888888888889
0 0.7444444444444445 0.6416666666666667 0.03958333333333333 0.04027777777777778
0 0.8076388888888889 0.6354166666666666 0.03819444444444445 0.050694444444444445
0 0.5784722222222223 0.8805555555555555 0.0763888888888889 0.07777777777777778
0 0.5243055555555556 0.7944444444444444 0.0625 0.0763888888888889
0 0.6180555555555556 0.8277777777777777 0.03611111111111111 0.059027777777777776
0 0.5840277777777778 0.7916666666666666 0.04791666666666667 0.0625
0 0.6111111111111112 0.7597222222222222 0.052083333333333336 0.04722222222222222
0 0.9826388888888888 0.8791666666666667 0.03194444444444444 0.06111111111111111
0 0.8854166666666666 0.9180555555555555 0.07569444444444444 0.0625
0 0.5 0.8993055555555556 0.041666666666666664 0.04861111111111111
0 0.7979166666666667 0.7020833333333333 0.03194444444444444 0.08472222222222223
0 0.6277777777777778 0.8729166666666667 0.06041666666666667 0.06388888888888888
0 0.65 0.8458333333333333 0.05138888888888889 0.07847222222222222
0 0.6381944444444444 0.78125 0.05486111111111111 0.049305555555555554