0 0.4076388888888889 0.17916666666666667 0.09375 0.11666666666666667
0 0.24097222222222223 0.33958333333333335 0.4125 0.2375
0 0.5770833333333333 0.40555555555555556 0.08194444444444444 0.10555555555555556
0 0.32708333333333334 0.06180555555555556 0.2763888888888889 0.12361111111111112
0 0.15208333333333332 0.16111111111111112 0.30416666666666664 0.32222222222222224
0 0.8090277777777778 0.3020833333333333 0.37916666666666665 0.3125
0 0.76875 0.16527777777777777 0.2986111111111111 0.33055555555555555
0 0.9541666666666667 0.22916666666666666 0.08888888888888889 0.4583333333333333
0 0.175 0.9506944444444444 0.15555555555555556 0.09583333333333334
0 0.5076388888888889 0.5819444444444445 0.16111111111111112 0.22152777777777777
0 0.9722222222222222 0.5493055555555556 0.05277777777777778 0.09305555555555556
0 0.73125 0.5819444444444445 0.075 0.07430555555555556
0 0.8076388888888889 0.5888888888888889 0.08055555555555556 0.06180555555555556
0 0.7291666666666666 0.8069444444444445 0.06875 0.1125
0 0.7208333333333333 0.9076388888888889 0.08125 0.0798611111111111
0 0.7715277777777778 0.7597222222222222 0.04861111111111111 0.06944444444444445
0 0.7798611111111111 0.8319444444444445 0.05763888888888889 0.06805555555555555
0 0.68125 0.6256944444444444 0.06041666666666667 0.0798611111111111
0 0.7201388888888889 0.7208333333333333 0.03888888888888889 0.06736111111111111
0 0.6770833333333334 0.5166666666666667 0.11527777777777778 0.11388888888888889
0 0.9333333333333333 0.5805555555555556 0.05277777777777778 0.05486111111111111
0 0.75625 0.9854166666666667 0.12916666666666668 0.02638888888888889
0 0.9840277777777777 0.9104166666666667 0.029166666666666667 0.10416666666666667
0 0.8541666666666666 0.9645833333333333 0.06666666666666667 0.06805555555555555
0 0.9194444444444444 0.9472222222222222 0.10277777777777777 0.10277777777777777
0 0.8965277777777778 0.8895833333333333 0.09027777777777778 0.05763888888888889
0 0.9652777777777778 0.7506944444444444 0.06666666666666667 0.07916666666666666
0 0.95625 0.6888888888888889 0.06319444444444444 0.11041666666666666
0 0.8729166666666667 0.7381944444444445 0.10486111111111111 0.10416666666666667
0 0.83125 0.6368055555555555 0.12291666666666666 0.07291666666666667
0 0.7416666666666667 0.6465277777777778 0.075 0.06111111111111111
0 0.8472222222222222 0.8083333333333333 0.05347222222222222 0.058333333333333334
0 0.6541666666666667 0.6972222222222222 0.06944444444444445 0.16944444444444445