0 0.5854166666666667 0.22569444444444445 0.02638888888888889 0.10694444444444444
0 0.4305555555555556 0.27708333333333335 0.33611111111111114 0.14027777777777778
0 0.21388888888888888 0.043055555555555555 0.22777777777777777 0.08611111111111111
0 0.49027777777777776 0.05416666666666667 0.21666666666666667 0.10833333333333334
0 0.06736111111111111 0.11388888888888889 0.13472222222222222 0.22777777777777777
0 0.32916666666666666 0.1736111111111111 0.35 0.3472222222222222
0 0.6861111111111111 0.15208333333333332 0.06458333333333334 0.07847222222222222
0 0.7520833333333333 0.030555555555555555 0.07083333333333333 0.06111111111111111
0 0.9625 0.021527777777777778 0.07222222222222222 0.043055555555555555
0 0.8902777777777777 0.21597222222222223 0.04791666666666667 0.06458333333333334
0 0.9284722222222223 0.1909722222222222 0.04097222222222222 0.04583333333333333
0 0.8715277777777778 0.3229166666666667 0.03194444444444444 0.04861111111111111
0 0.8243055555555555 0.33055555555555555 0.03194444444444444 0.03333333333333333
0 0.8472222222222222 0.31666666666666665 0.034722222222222224 0.03888888888888889
0 0.8152777777777778 0.29930555555555555 0.034027777777777775 0.04375
0 0.9701388888888889 0.17222222222222222 0.05694444444444444 0.1
0 0.79375 0.1763888888888889 0.041666666666666664 0.04652777777777778
0 0.7236111111111111 0.08472222222222223 0.0763888888888889 0.06666666666666667
0 0.7833333333333333 0.3326388888888889 0.041666666666666664 0.029166666666666667
0 0.8826388888888889 0.2722222222222222 0.10625 0.07222222222222222
0 0.6993055555555555 0.3263888888888889 0.1986111111111111 0.041666666666666664
0 0.8013888888888889 0.05763888888888889 0.06944444444444445 0.11527777777777778
0 0.9618055555555556 0.05763888888888889 0.07361111111111111 0.07083333333333333
0 0.7513888888888889 0.2076388888888889 0.07291666666666667 0.0625
0 0.8402777777777778 0.23472222222222222 0.06666666666666667 0.09861111111111111
0 0.9736111111111111 0.2125 0.05 0.08333333333333333
0 0.9888888888888889 0.09305555555555556 0.019444444444444445 0.06111111111111111
0 0.8090277777777778 0.14583333333333334 0.08125 0.06388888888888888
0 0.8423611111111111 0.1763888888888889 0.05486111111111111 0.0375
0 0.8986111111111111 0.1284722222222222 0.03611111111111111 0.043055555555555555
0 0.6423611111111112 0.0763888888888889 0.08472222222222223 0.15
0 0.6979166666666666 0.25833333333333336 0.1423611111111111 0.14930555555555555
0 0.22361111111111112 0.37430555555555556 0.08611111111111111 0.05138888888888889
0 0.4097222222222222 0.4791666666666667 0.09444444444444444 0.10416666666666667
0 0.5222222222222223 0.8340277777777778 0.1527777777777778 0.2125
0 0.27361111111111114 0.6083333333333333 0.17083333333333334 0.13194444444444445
0 0.48194444444444445 0.69375 0.07083333333333333 0.0625
0 0.0375 0.6298611111111111 0.075 0.13194444444444445
0 0.10069444444444445 0.9611111111111111 0.10416666666666667 0.075
0 0.5527777777777778 0.5125 0.09166666666666666 0.12777777777777777
0 0.3368055555555556 0.6909722222222222 0.08680555555555555 0.07222222222222222
0 0.24861111111111112 0.8027777777777778 0.28402777777777777 0.25
0 0.09861111111111111 0.4513888888888889 0.1326388888888889 0.12083333333333333
0 0.13680555555555557 0.6409722222222223 0.12986111111111112 0.07708333333333334
0 0.1326388888888889 0.5583333333333333 0.1625 0.09027777777777778
0 0.39791666666666664 0.375 0.05138888888888889 0.05277777777777778
0 0.5534722222222223 0.35555555555555557 0.07916666666666666 0.013888888888888888
0 0.05416666666666667 0.8076388888888889 0.10833333333333334 0.23472222222222222
0 0.5569444444444445 0.6680555555555555 0.08333333333333333 0.2111111111111111
0 0.29305555555555557 0.5138888888888888 0.11875 0.10416666666666667
0 0.16041666666666668 0.8743055555555556 0.1326388888888889 0.16041666666666668
0 0.19444444444444445 0.9659722222222222 0.09444444444444444 0.06527777777777778
0 0.2722222222222222 0.9597222222222223 0.1361111111111111 0.07777777777777778
0 0.4722222222222222 0.7659722222222223 0.09722222222222222 0.06527777777777778
0 0.4548611111111111 0.4097222222222222 0.14027777777777778 0.12222222222222222
0 0.7993055555555556 0.6736111111111112 0.39861111111111114 0.65