0 0.40625 0.09444444444444444 0.12361111111111112 0.18888888888888888
0 0.18333333333333332 0.20902777777777778 0.36666666666666664 0.41805555555555557
0 0.39166666666666666 0.28958333333333336 0.1527777777777778 0.2569444444444444
0 0.18333333333333332 0.32222222222222224 0.28888888888888886 0.19166666666666668
0 0.8034722222222223 0.30486111111111114 0.06597222222222222 0.08333333333333333
0 0.6784722222222223 0.08680555555555555 0.0798611111111111 0.08194444444444444
0 0.95625 0.1763888888888889 0.08472222222222223 0.1638888888888889
0 0.8291666666666667 0.10277777777777777 0.10833333333333334 0.10486111111111111
0 0.47847222222222224 0.18055555555555555 0.018055555555555554 0.05
0 0.65 0.35555555555555557 0.3611111111111111 0.125
0 0.61875 0.2722222222222222 0.030555555555555555 0.041666666666666664
0 0.9111111111111111 0.07569444444444444 0.04652777777777778 0.03819444444444445
0 0.95 0.04652777777777778 0.025 0.02847222222222222
0 0.9166666666666666 0.14652777777777778 0.05138888888888889 0.05277777777777778
0 0.7555555555555555 0.18055555555555555 0.052083333333333336 0.08125
0 0.95625 0.08680555555555555 0.018055555555555554 0.034027777777777775
0 0.9791666666666666 0.10069444444444445 0.03888888888888889 0.043055555555555555
0 0.6569444444444444 0.37916666666666665 0.09166666666666666 0.07777777777777778
0 0.6868055555555556 0.4125 0.04861111111111111 0.011111111111111112
0 0.8125 0.37083333333333335 0.16666666666666666 0.09444444444444444
0 0.7673611111111112 0.15694444444444444 0.03333333333333333 0.02847222222222222
0 0.5326388888888889 0.022916666666666665 0.12083333333333333 0.04583333333333333
0 0.7381944444444445 0.3145833333333333 0.04652777777777778 0.05277777777777778
0 0.6597222222222222 0.04375 0.04027777777777778 0.03819444444444445
0 0.9118055555555555 0.009722222222222222 0.029166666666666667 0.019444444444444445
0 0.5222222222222223 0.19791666666666666 0.034027777777777775 0.06805555555555555
0 0.7215277777777778 0.03888888888888889 0.04513888888888889 0.035416666666666666
0 0.48680555555555555 0.09861111111111111 0.034722222222222224 0.05277777777777778
0 0.49583333333333335 0.22777777777777777 0.05277777777777778 0.07777777777777778
0 0.5159722222222223 0.14930555555555555 0.05 0.06041666666666667
0 0.7854166666666667 0.01875 0.0375 0.0375
0 0.6465277777777778 0.23055555555555557 0.06527777777777778 0.07916666666666666
0 0.6791666666666667 0.20833333333333334 0.03819444444444445 0.04375
0 0.68125 0.28055555555555556 0.024305555555555556 0.029166666666666667
0 0.7034722222222223 0.26666666666666666 0.05694444444444444 0.06944444444444445
0 0.5673611111111111 0.24791666666666667 0.044444444444444446 0.041666666666666664
0 0.7013888888888888 0.3263888888888889 0.03888888888888889 0.07361111111111111
0 0.75625 0.09236111111111112 0.07361111111111111 0.05555555555555555
0 0.7826388888888889 0.2513888888888889 0.035416666666666666 0.0375
0 0.9729166666666667 0.022916666666666665 0.04375 0.034027777777777775
0 0.9840277777777777 0.06875 0.029166666666666667 0.06527777777777778
0 0.5548611111111111 0.04236111111111111 0.029861111111111113 0.022916666666666665
0 0.8534722222222222 0.034027777777777775 0.04652777777777778 0.04583333333333333
0 0.91875 0.33541666666666664 0.1597222222222222 0.16527777777777777
0 0.9784722222222222 0.3659722222222222 0.04027777777777778 0.10416666666666667
0 0.5770833333333333 0.3277777777777778 0.06527777777777778 0.07569444444444444
0 0.6472222222222223 0.3125 0.09513888888888888 0.10277777777777777
0 0.6027777777777777 0.23958333333333334 0.025694444444444443 0.025
0 0.43819444444444444 0.6541666666666667 0.059722222222222225 0.24444444444444444
0 0.17847222222222223 0.7090277777777778 0.35694444444444445 0.5791666666666667
0 0.8444444444444444 0.8111111111111111 0.30833333333333335 0.375
0 0.5541666666666667 0.9034722222222222 0.16944444444444445 0.19027777777777777
0 0.6097222222222223 0.9402777777777778 0.18055555555555555 0.11666666666666667
0 0.6743055555555556 0.5055555555555555 0.2152777777777778 0.17222222222222222
0 0.8402777777777778 0.6770833333333334 0.31666666666666665 0.3680555555555556
0 0.5819444444444445 0.6777777777777778 0.225 0.3527777777777778