0 0.0875 0.049305555555555554 0.175 0.09861111111111111
0 0.25555555555555554 0.05694444444444444 0.20555555555555555 0.11388888888888889
0 0.1673611111111111 0.5472222222222223 0.33194444444444443 0.10277777777777777
0 0.2659722222222222 0.31666666666666665 0.18472222222222223 0.4888888888888889
0 0.11041666666666666 0.2673611111111111 0.22083333333333333 0.49027777777777776
0 0.9888888888888889 0.25277777777777777 0.019444444444444445 0.09166666666666666
0 0.9618055555555556 0.41388888888888886 0.04236111111111111 0.06736111111111111
0 0.45208333333333334 0.5618055555555556 0.18472222222222223 0.07361111111111111
0 0.3861111111111111 0.3 0.05277777777777778 0.11666666666666667
0 0.39444444444444443 0.3541666666666667 0.06944444444444445 0.06388888888888888
0 0.37916666666666665 0.025 0.03888888888888889 0.05
0 0.9513888888888888 0.04236111111111111 0.09444444444444444 0.08472222222222223
0 0.8805555555555555 0.46805555555555556 0.08611111111111111 0.06111111111111111
0 0.8104166666666667 0.44166666666666665 0.03611111111111111 0.02013888888888889
0 0.7625 0.4423611111111111 0.13472222222222222 0.07152777777777777
0 0.5263888888888889 0.27569444444444446 0.0798611111111111 0.08402777777777778
0 0.8208333333333333 0.14027777777777778 0.07013888888888889 0.12569444444444444
0 0.8993055555555556 0.35833333333333334 0.09861111111111111 0.14375
0 0.63125 0.20694444444444443 0.05625 0.05347222222222222
0 0.6006944444444444 0.14444444444444443 0.10555555555555556 0.16041666666666668
0 0.9840277777777777 0.3638888888888889 0.029166666666666667 0.1361111111111111
0 0.7770833333333333 0.37916666666666665 0.06597222222222222 0.05138888888888889
0 0.7409722222222223 0.3333333333333333 0.06666666666666667 0.07291666666666667
0 0.37083333333333335 0.4215277777777778 0.022222222222222223 0.0875
0 0.44583333333333336 0.22847222222222222 0.15416666666666667 0.10208333333333333
0 0.7805555555555556 0.2604166666666667 0.11736111111111111 0.10416666666666667
0 0.8743055555555556 0.5569444444444445 0.09027777777777778 0.08333333333333333
0 0.59375 0.011111111111111112 0.07361111111111111 0.022222222222222223
0 0.9104166666666667 0.14305555555555555 0.13819444444444445 0.21805555555555556
0 0.7034722222222223 0.5173611111111112 0.31805555555555554 0.1625
0 0.6118055555555556 0.3951388888888889 0.11319444444444444 0.11319444444444444
0 0.9715277777777778 0.5090277777777777 0.05416666666666667 0.16527777777777777
0 0.7916666666666666 0.02847222222222222 0.058333333333333334 0.05694444444444444
0 0.6902777777777778 0.013194444444444444 0.12777777777777777 0.02638888888888889
0 0.09791666666666667 0.6270833333333333 0.15694444444444444 0.05416666666666667
0 0.23194444444444445 0.6298611111111111 0.11944444444444445 0.059722222222222225
0 0.1875 0.7388888888888889 0.23541666666666666 0.19791666666666666
0 0.31875 0.78125 0.07916666666666666 0.3458333333333333
0 0.17222222222222222 0.8493055555555555 0.10833333333333334 0.09861111111111111
0 0.08958333333333333 0.8631944444444445 0.17916666666666667 0.2708333333333333
0 0.11041666666666666 0.9729166666666667 0.18194444444444444 0.05138888888888889
0 0.4625 0.9458333333333333 0.20555555555555555 0.10555555555555556
0 0.5409722222222222 0.8354166666666667 0.0875 0.10138888888888889
0 0.7513888888888889 0.7993055555555556 0.49444444444444446 0.39861111111111114
0 0.4625 0.7375 0.11319444444444444 0.10972222222222222