0 0.34444444444444444 0.3034722222222222 0.14722222222222223 0.5291666666666667
0 0.125 0.4111111111111111 0.25 0.3138888888888889
0 0.18194444444444444 0.14930555555555555 0.3638888888888889 0.2986111111111111
0 0.7131944444444445 0.09305555555555556 0.3236111111111111 0.18611111111111112
0 0.7854166666666667 0.17708333333333334 0.30486111111111114 0.2625
0 0.9409722222222222 0.22013888888888888 0.11527777777777778 0.19583333333333333
0 0.5076388888888889 0.3013888888888889 0.1763888888888889 0.2833333333333333
0 0.8388888888888889 0.42430555555555555 0.3194444444444444 0.2875
0 0.9375 0.03819444444444445 0.12222222222222222 0.0763888888888889
0 0.5229166666666667 0.5048611111111111 0.10972222222222222 0.12638888888888888
0 0.3034722222222222 0.9736111111111111 0.22916666666666666 0.05
0 0.6083333333333333 0.7979166666666667 0.2972222222222222 0.39652777777777776
0 0.7868055555555555 0.7486111111111111 0.24305555555555555 0.35833333333333334
0 0.9465277777777777 0.7840277777777778 0.10416666666666667 0.42916666666666664