0 0.22916666666666666 0.15138888888888888 0.4027777777777778 0.30277777777777776
0 0.04583333333333333 0.12083333333333333 0.09166666666666666 0.24166666666666667
0 0.40902777777777777 0.23958333333333334 0.17916666666666667 0.4375
0 0.15555555555555556 0.3541666666666667 0.3111111111111111 0.20833333333333334
0 0.9076388888888889 0.06388888888888888 0.18194444444444444 0.12777777777777777
0 0.6895833333333333 0.14444444444444443 0.37916666666666665 0.28888888888888886
0 0.8930555555555556 0.11319444444444444 0.03263888888888889 0.08958333333333333
0 0.9465277777777777 0.14444444444444443 0.06527777777777778 0.08541666666666667
0 0.6756944444444445 0.3138888888888889 0.07361111111111111 0.09305555555555556
0 0.5729166666666666 0.31666666666666665 0.14583333333333334 0.2833333333333333
0 0.8604166666666667 0.30625 0.2763888888888889 0.30416666666666664
0 0.16527777777777777 0.7958333333333333 0.33055555555555555 0.40555555555555556
0 0.36527777777777776 0.8666666666666667 0.19722222222222222 0.2638888888888889
0 0.4263888888888889 0.9381944444444444 0.14444444444444443 0.12083333333333333
0 0.1625 0.95 0.325 0.09722222222222222
0 0.03958333333333333 0.5375 0.07916666666666666 0.15555555555555556
0 0.24861111111111112 0.6034722222222222 0.3333333333333333 0.2875
0 0.4409722222222222 0.6201388888888889 0.11527777777777778 0.32083333333333336
0 0.6694444444444444 0.7951388888888888 0.3388888888888889 0.40694444444444444
0 0.9402777777777778 0.5340277777777778 0.11666666666666667 0.1486111111111111
0 0.975 0.6722222222222223 0.04722222222222222 0.25277777777777777
0 0.6451388888888889 0.5270833333333333 0.26805555555555555 0.13472222222222222
0 0.90625 0.8666666666666667 0.18472222222222223 0.2638888888888889