0 0.03611111111111111 0.10555555555555556 0.07222222222222222 0.2111111111111111
0 0.3798611111111111 0.1840277777777778 0.2152777777777778 0.3680555555555556
0 0.17152777777777778 0.05277777777777778 0.2569444444444444 0.10555555555555556
0 0.16041666666666668 0.3236111111111111 0.32083333333333336 0.5055555555555555
0 0.3486111111111111 0.4527777777777778 0.2777777777777778 0.3111111111111111
0 0.9055555555555556 0.24791666666666667 0.18611111111111112 0.4708333333333333
0 0.6444444444444445 0.3659722222222222 0.2833333333333333 0.4847222222222222
0 0.8541666666666666 0.5270833333333333 0.28888888888888886 0.1625
0 0.5805555555555556 0.07152777777777777 0.18333333333333332 0.14305555555555555
0 0.8416666666666667 0.12152777777777778 0.175 0.24305555555555555
0 0.7284722222222222 0.10555555555555556 0.1125 0.2111111111111111
0 0.1673611111111111 0.8965277777777778 0.29305555555555557 0.20416666666666666
0 0.13819444444444445 0.7222222222222222 0.2763888888888889 0.225
0 0.3472222222222222 0.7548611111111111 0.28055555555555556 0.2902777777777778
0 0.8236111111111111 0.8041666666666667 0.35 0.3888888888888889
0 0.6034722222222222 0.8041666666666667 0.22916666666666666 0.3888888888888889