0 0.2659722222222222 0.46458333333333335 0.5319444444444444 0.3458333333333333
0 0.04861111111111111 0.035416666666666666 0.09722222222222222 0.07083333333333333
0 0.28958333333333336 0.17916666666666667 0.49027777777777776 0.35833333333333334
0 0.04236111111111111 0.29444444444444445 0.08472222222222223 0.5027777777777778
0 0.49236111111111114 0.4375 0.09027777777777778 0.4
0 0.7347222222222223 0.40208333333333335 0.18472222222222223 0.29930555555555555
0 0.8375 0.05694444444444444 0.16944444444444445 0.11388888888888889
0 0.8611111111111112 0.3104166666666667 0.10416666666666667 0.07152777777777777
0 0.5743055555555555 0.1326388888888889 0.07083333333333333 0.07083333333333333
0 0.7347222222222223 0.07361111111111111 0.03333333333333333 0.04652777777777778
0 0.75 0.03888888888888889 0.03611111111111111 0.04652777777777778
0 0.8645833333333334 0.3798611111111111 0.09513888888888888 0.12569444444444444
0 0.8277777777777777 0.11944444444444445 0.10833333333333334 0.1423611111111111
0 0.7277777777777777 0.16944444444444445 0.10694444444444444 0.0798611111111111
0 0.5798611111111112 0.22152777777777777 0.08194444444444444 0.09583333333333334
0 0.5666666666666667 0.4388888888888889 0.05555555555555555 0.08333333333333333
0 0.65 0.5833333333333334 0.10555555555555556 0.10833333333333334
0 0.8888888888888888 0.51875 0.12361111111111112 0.13472222222222222
0 0.9666666666666667 0.5305555555555556 0.06388888888888888 0.06666666666666667
0 0.9354166666666667 0.11875 0.10972222222222222 0.12361111111111112
0 0.9520833333333333 0.20902777777777778 0.09305555555555556 0.17916666666666667
0 0.64375 0.05347222222222222 0.0625 0.10694444444444444
0 0.9152777777777777 0.027777777777777776 0.12222222222222222 0.05555555555555555
0 0.9208333333333333 0.42083333333333334 0.06041666666666667 0.09930555555555555
0 0.8763888888888889 0.22430555555555556 0.08611111111111111 0.10555555555555556
0 0.6263888888888889 0.29305555555555557 0.0625 0.1375
0 0.9479166666666666 0.3236111111111111 0.10138888888888889 0.1111111111111111
0 0.7340277777777777 0.02638888888888889 0.07083333333333333 0.05277777777777778
0 0.3368055555555556 0.9131944444444444 0.22361111111111112 0.17083333333333334
0 0.3909722222222222 0.7451388888888889 0.29305555555555557 0.2125
0 0.18125 0.7638888888888888 0.3625 0.25
0 0.5979166666666667 0.81875 0.11805555555555555 0.3597222222222222
0 0.7638888888888888 0.8569444444444444 0.2222222222222222 0.2833333333333333
0 0.8868055555555555 0.9409722222222222 0.22361111111111112 0.11527777777777778
0 0.8972222222222223 0.7479166666666667 0.20277777777777778 0.21805555555555556
0 0.7138888888888889 0.7347222222222223 0.15 0.19166666666666668