0 0.3763888888888889 0.12916666666666668 0.48333333333333334 0.25833333333333336
0 0.08680555555555555 0.12916666666666668 0.1736111111111111 0.25833333333333336
0 0.9097222222222222 0.21041666666666667 0.17777777777777778 0.09583333333333334
0 0.7347222222222223 0.21319444444444444 0.2111111111111111 0.09027777777777778
0 0.8333333333333334 0.08888888888888889 0.21388888888888888 0.17777777777777778
0 0.6902777777777778 0.09236111111111112 0.12222222222222222 0.18472222222222223
0 0.9458333333333333 0.12916666666666668 0.10555555555555556 0.25833333333333336
0 0.4131944444444444 0.8680555555555556 0.42916666666666664 0.2611111111111111
0 0.5777777777777777 0.6236111111111111 0.1 0.31666666666666665
0 0.25416666666666665 0.6291666666666667 0.5083333333333333 0.7388888888888889
0 0.41180555555555554 0.40625 0.18958333333333333 0.13055555555555556
0 0.10138888888888889 0.28541666666666665 0.125 0.05138888888888889
0 0.49166666666666664 0.6041666666666666 0.1638888888888889 0.2902777777777778
0 0.32916666666666666 0.3090277777777778 0.16944444444444445 0.09861111111111111
0 0.49930555555555556 0.3388888888888889 0.2569444444444444 0.15833333333333333
0 0.6034722222222222 0.4861111111111111 0.04861111111111111 0.1361111111111111
0 0.8138888888888889 0.6944444444444444 0.36944444444444446 0.6083333333333333
0 0.8138888888888889 0.5409722222222222 0.36944444444444446 0.5625