0 0.24930555555555556 0.05347222222222222 0.2847222222222222 0.10694444444444444
0 0.27361111111111114 0.28125 0.28888888888888886 0.43472222222222223
0 0.08819444444444445 0.2548611111111111 0.1763888888888889 0.4875
0 0.6381944444444444 0.14305555555555555 0.4375 0.2861111111111111
0 0.7090277777777778 0.3263888888888889 0.5791666666666667 0.34444444444444444
0 0.11041666666666666 0.8006944444444445 0.22083333333333333 0.3958333333333333
0 0.3 0.9298611111111111 0.2361111111111111 0.1375
0 0.2111111111111111 0.6395833333333333 0.2833333333333333 0.2791666666666667
0 0.014583333333333334 0.5791666666666667 0.029166666666666667 0.15833333333333333
0 0.11180555555555556 0.6625 0.14583333333333334 0.31875
0 0.3298611111111111 0.7548611111111111 0.1763888888888889 0.23472222222222222
0 0.9583333333333334 0.9159722222222222 0.08055555555555556 0.10138888888888889
0 0.5631944444444444 0.9805555555555555 0.10416666666666667 0.03611111111111111
0 0.7833333333333333 0.9479166666666666 0.1 0.10138888888888889
0 0.7006944444444444 0.9548611111111112 0.07916666666666666 0.0875
0 0.5993055555555555 0.9652777777777778 0.06944444444444445 0.06527777777777778
0 0.9 0.9861111111111112 0.12777777777777777 0.025
0 0.7916666666666666 0.8881944444444444 0.2722222222222222 0.15138888888888888
0 0.9638888888888889 0.8423611111111111 0.06944444444444445 0.14305555555555555