0 0.1875 0.09166666666666666 0.19722222222222222 0.18333333333333332
0 0.075 0.18611111111111112 0.15 0.225
0 0.24861111111111112 0.14930555555555555 0.25833333333333336 0.2986111111111111
0 0.8388888888888889 0.0625 0.3194444444444444 0.125
0 0.8194444444444444 0.13472222222222222 0.30833333333333335 0.26944444444444443
0 0.9770833333333333 0.18958333333333333 0.043055555555555555 0.21805555555555556
0 0.025 0.6659722222222222 0.05 0.18472222222222223
0 0.10833333333333334 0.8770833333333333 0.21666666666666667 0.24305555555555555
0 0.030555555555555555 0.4423611111111111 0.06111111111111111 0.15138888888888888
0 0.12361111111111112 0.8298611111111112 0.05138888888888889 0.0798611111111111
0 0.29930555555555555 0.8208333333333333 0.15694444444444444 0.35555555555555557
0 0.19444444444444445 0.8013888888888889 0.10486111111111111 0.12430555555555556
0 0.18333333333333332 0.6659722222222222 0.06388888888888888 0.052083333333333336
0 0.08472222222222223 0.625 0.05625 0.07222222222222222
0 0.16666666666666666 0.51875 0.17569444444444443 0.18194444444444444
0 0.2076388888888889 0.37083333333333335 0.3402777777777778 0.14166666666666666
0 0.3625 0.4930555555555556 0.030555555555555555 0.18333333333333332
0 0.31180555555555556 0.49930555555555556 0.13194444444444445 0.1763888888888889
0 0.22013888888888888 0.7236111111111111 0.06458333333333334 0.07847222222222222
0 0.28055555555555556 0.6222222222222222 0.16319444444444445 0.15694444444444444
0 0.4354166666666667 0.8333333333333334 0.1125 0.3
0 0.9173611111111111 0.6743055555555556 0.04513888888888889 0.08958333333333333
0 0.7402777777777778 0.42291666666666666 0.05277777777777778 0.05138888888888889
0 0.7076388888888889 0.4888888888888889 0.04513888888888889 0.05138888888888889
0 0.7388888888888889 0.46041666666666664 0.03611111111111111 0.04236111111111111
0 0.6798611111111111 0.6361111111111111 0.044444444444444446 0.04513888888888889
0 0.63125 0.6722222222222223 0.05416666666666667 0.07291666666666667
0 0.5951388888888889 0.5097222222222222 0.06875 0.06111111111111111
0 0.4013888888888889 0.6166666666666667 0.044444444444444446 0.07777777777777778
0 0.9743055555555555 0.7729166666666667 0.04861111111111111 0.10972222222222222
0 0.8055555555555556 0.6611111111111111 0.14097222222222222 0.11458333333333333
0 0.6159722222222223 0.8 0.2152777777777778 0.18194444444444444
0 0.9430555555555555 0.8416666666666667 0.10208333333333333 0.13125
0 0.6590277777777778 0.5416666666666666 0.09166666666666666 0.04791666666666667
0 0.4201388888888889 0.7215277777777778 0.08194444444444444 0.09305555555555556
0 0.6166666666666667 0.9395833333333333 0.2 0.11805555555555555
0 0.9277777777777778 0.9819444444444444 0.10555555555555556 0.03333333333333333
0 0.8333333333333334 0.7416666666666667 0.10138888888888889 0.09652777777777778
0 0.45555555555555555 0.4583333333333333 0.10694444444444444 0.09375
0 0.5194444444444445 0.6145833333333334 0.07847222222222222 0.09930555555555555
0 0.7541666666666667 0.6118055555555556 0.10416666666666667 0.07708333333333334
0 0.7284722222222222 0.9076388888888889 0.06527777777777778 0.06666666666666667
0 0.9326388888888889 0.9388888888888889 0.09583333333333334 0.08958333333333333
0 0.8694444444444445 0.6763888888888889 0.06805555555555555 0.05555555555555555
0 0.95625 0.7256944444444444 0.07152777777777777 0.059027777777777776
0 0.8520833333333333 0.7881944444444444 0.06805555555555555 0.08472222222222223
0 0.7979166666666667 0.9256944444444445 0.059722222222222225 0.07152777777777777
0 0.9819444444444444 0.5875 0.03333333333333333 0.07222222222222222
0 0.9916666666666667 0.8256944444444444 0.013888888888888888 0.0875
0 0.7923611111111111 0.8201388888888889 0.09375 0.09305555555555556
0 0.8486111111111111 0.8909722222222223 0.10208333333333333 0.058333333333333334
0 0.8673611111111111 0.9326388888888889 0.05138888888888889 0.07152777777777777
0 0.8770833333333333 0.5590277777777778 0.06319444444444444 0.075
0 0.7680555555555556 0.7520833333333333 0.06111111111111111 0.049305555555555554
0 0.7027777777777777 0.7111111111111111 0.059027777777777776 0.06319444444444444
0 0.8361111111111111 0.9611111111111111 0.08611111111111111 0.075
0 0.6131944444444445 0.6243055555555556 0.06319444444444444 0.05347222222222222
0 0.8347222222222223 0.5333333333333333 0.08125 0.10347222222222222