0 0.22777777777777777 0.1909722222222222 0.38055555555555554 0.23472222222222222
0 0.10277777777777777 0.08263888888888889 0.20555555555555555 0.16527777777777777
0 0.3104166666666667 0.09861111111111111 0.2152777777777778 0.19722222222222222
0 0.5909722222222222 0.09375 0.06388888888888888 0.05277777777777778
0 0.59375 0.06111111111111111 0.04583333333333333 0.04097222222222222
0 0.44305555555555554 0.07152777777777777 0.04722222222222222 0.08472222222222223
0 0.4736111111111111 0.01875 0.05 0.0375
0 0.4305555555555556 0.21041666666666667 0.022222222222222223 0.0625
0 0.5270833333333333 0.06527777777777778 0.08958333333333333 0.10069444444444445
0 0.7423611111111111 0.04375 0.07083333333333333 0.0875
0 0.6875 0.11805555555555555 0.05416666666666667 0.06666666666666667
0 0.7895833333333333 0.28125 0.05416666666666667 0.05416666666666667
0 0.48125 0.1638888888888889 0.03680555555555556 0.04861111111111111
0 0.4548611111111111 0.10972222222222222 0.07083333333333333 0.07777777777777778
0 0.46944444444444444 0.05347222222222222 0.05416666666666667 0.06388888888888888
0 0.5361111111111111 0.28125 0.07777777777777778 0.05416666666666667
0 0.4722222222222222 0.20416666666666666 0.05555555555555555 0.05694444444444444
0 0.5909722222222222 0.21180555555555555 0.06736111111111111 0.07083333333333333
0 0.5756944444444444 0.26458333333333334 0.03958333333333333 0.06666666666666667
0 0.5270833333333333 0.23333333333333334 0.07430555555555556 0.07361111111111111
0 0.5243055555555556 0.18263888888888888 0.05 0.0763888888888889
0 0.4576388888888889 0.2569444444444444 0.07361111111111111 0.07222222222222222
0 0.4708333333333333 0.3 0.06388888888888888 0.016666666666666666
0 0.5715277777777777 0.11666666666666667 0.049305555555555554 0.04583333333333333
0 0.2777777777777778 0.6590277777777778 0.28055555555555556 0.5263888888888889
0 0.12083333333333333 0.8638888888888889 0.24166666666666667 0.26944444444444443
0 0.10138888888888889 0.4840277777777778 0.20277777777777778 0.3486111111111111
0 0.06180555555555556 0.5743055555555555 0.12361111111111112 0.5291666666666667
0 0.9402777777777778 0.9402777777777778 0.11666666666666667 0.11666666666666667
0 0.4597222222222222 0.6173611111111111 0.08055555555555556 0.19305555555555556
0 0.7236111111111111 0.4791666666666667 0.23333333333333334 0.11041666666666666
0 0.6777777777777778 0.3229166666666667 0.10277777777777777 0.02638888888888889
0 0.5555555555555556 0.4444444444444444 0.17152777777777778 0.1
0 0.9729166666666667 0.5208333333333334 0.05138888888888889 0.15833333333333333
0 0.5986111111111111 0.5451388888888888 0.21944444444444444 0.14722222222222223
0 0.8840277777777777 0.8756944444444444 0.09305555555555556 0.15763888888888888
0 0.6958333333333333 0.7576388888888889 0.4083333333333333 0.2972222222222222
0 0.9180555555555555 0.6125 0.05763888888888889 0.08263888888888889
0 0.7840277777777778 0.5826388888888889 0.2152777777777778 0.13958333333333334
0 0.5201388888888889 0.35555555555555557 0.12083333333333333 0.09166666666666666
0 0.9430555555555555 0.7951388888888888 0.1111111111111111 0.2263888888888889
0 0.7493055555555556 0.9361111111111111 0.09583333333333334 0.125
0 0.8381944444444445 0.9444444444444444 0.10416666666666667 0.10833333333333334
0 0.5715277777777777 0.9243055555555556 0.30416666666666664 0.1486111111111111
0 0.49375 0.6847222222222222 0.1486111111111111 0.175
0 0.8715277777777778 0.4423611111111111 0.18055555555555555 0.1597222222222222
0 0.7833333333333333 0.3861111111111111 0.07708333333333334 0.10138888888888889