0 0.07361111111111111 0.31527777777777777 0.14722222222222223 0.34444444444444444
0 0.22361111111111112 0.4652777777777778 0.28888888888888886 0.044444444444444446
0 0.05416666666666667 0.13194444444444445 0.10833333333333334 0.2638888888888889
0 0.22152777777777777 0.21875 0.29305555555555557 0.4375
0 0.5354166666666667 0.24375 0.33194444444444443 0.4875
0 0.8152777777777778 0.21180555555555555 0.36666666666666664 0.4236111111111111
0 0.6840277777777778 0.44027777777777777 0.6291666666666667 0.09444444444444444
0 0.15902777777777777 0.5791666666666667 0.06458333333333334 0.07361111111111111
0 0.2326388888888889 0.5416666666666666 0.12638888888888888 0.10555555555555556
0 0.23958333333333334 0.9013888888888889 0.1986111111111111 0.19444444444444445
0 0.07222222222222222 0.8520833333333333 0.14444444444444443 0.2152777777777778
0 0.22083333333333333 0.7756944444444445 0.14652777777777778 0.20694444444444443
0 0.22847222222222222 0.6055555555555555 0.07916666666666666 0.0763888888888889
0 0.09305555555555556 0.5375 0.06805555555555555 0.09375
0 0.3104166666666667 0.5270833333333333 0.06805555555555555 0.0763888888888889
0 0.36180555555555555 0.6625 0.0125 0.06666666666666667
0 0.6555555555555556 0.6965277777777777 0.4638888888888889 0.4152777777777778
0 0.7243055555555555 0.9402777777777778 0.4013888888888889 0.11666666666666667
0 0.5694444444444444 0.9458333333333333 0.06944444444444445 0.10555555555555556
0 0.44305555555555554 0.6840277777777778 0.14722222222222223 0.3902777777777778
0 0.4826388888888889 0.9333333333333333 0.17083333333333334 0.13055555555555556
0 0.9395833333333333 0.7354166666666667 0.11805555555555555 0.4152777777777778
0 0.8847222222222222 0.5756944444444444 0.22777777777777777 0.1736111111111111