0 0.6125 0.20208333333333334 0.25 0.2902777777777778
0 0.36041666666666666 0.3034722222222222 0.3958333333333333 0.0875
0 0.3194444444444444 0.014583333333333334 0.05555555555555555 0.029166666666666667
0 0.15694444444444444 0.16041666666666668 0.28055555555555556 0.32083333333333336
0 0.6076388888888888 0.1111111111111111 0.21805555555555556 0.2222222222222222
0 0.4930555555555556 0.13402777777777777 0.13680555555555557 0.13333333333333333
0 0.44166666666666665 0.21805555555555556 0.25 0.25833333333333336
0 0.86875 0.1736111111111111 0.25972222222222224 0.3472222222222222
0 0.7006944444444444 0.5819444444444445 0.07361111111111111 0.1
0 0.3145833333333333 0.8506944444444444 0.08611111111111111 0.07430555555555556
0 0.13958333333333334 0.9756944444444444 0.07916666666666666 0.04583333333333333
0 0.4201388888888889 0.9743055555555555 0.07083333333333333 0.04861111111111111
0 0.31180555555555556 0.7069444444444445 0.06666666666666667 0.0625
0 0.6881944444444444 0.91875 0.07777777777777778 0.08680555555555555
0 0.009027777777777777 0.8576388888888888 0.018055555555555554 0.28194444444444444
0 0.6916666666666667 0.42569444444444443 0.09166666666666666 0.10694444444444444
0 0.4625 0.5131944444444444 0.2048611111111111 0.23125
0 0.28958333333333336 0.8944444444444445 0.21805555555555556 0.20833333333333334
0 0.2111111111111111 0.7756944444444445 0.052083333333333336 0.06458333333333334
0 0.5770833333333333 0.7701388888888889 0.03819444444444445 0.06875
0 0.6548611111111111 0.7555555555555555 0.11805555555555555 0.0625
0 0.5868055555555556 0.9111111111111111 0.0625 0.09513888888888888
0 0.6368055555555555 0.9097222222222222 0.05347222222222222 0.08819444444444445
0 0.1076388888888889 0.7597222222222222 0.10625 0.22847222222222222
0 0.6423611111111112 0.7145833333333333 0.07291666666666667 0.050694444444444445
0 0.7013888888888888 0.6638888888888889 0.07222222222222222 0.08333333333333333
0 0.5256944444444445 0.7 0.1597222222222222 0.16666666666666666
0 0.6145833333333334 0.4875 0.12569444444444444 0.1451388888888889
0 0.04861111111111111 0.6576388888888889 0.09722222222222222 0.09305555555555556
0 0.19375 0.6006944444444444 0.12569444444444444 0.15763888888888888
0 0.16944444444444445 0.5020833333333333 0.19583333333333333 0.1361111111111111
0 0.15833333333333333 0.42430555555555555 0.1361111111111111 0.10833333333333334
0 0.4125 0.8944444444444445 0.07708333333333334 0.10902777777777778
0 0.6243055555555556 0.8229166666666666 0.1076388888888889 0.11041666666666666
0 0.06805555555555555 0.8875 0.1361111111111111 0.16666666666666666
0 0.37222222222222223 0.7590277777777777 0.1 0.1375
0 0.23819444444444443 0.6659722222222222 0.04861111111111111 0.09513888888888888
0 0.26875 0.7909722222222222 0.06111111111111111 0.06388888888888888
0 0.3277777777777778 0.8041666666666667 0.0625 0.059027777777777776
0 0.7236111111111111 0.7055555555555556 0.027777777777777776 0.07222222222222222
0 0.64375 0.5791666666666667 0.04097222222222222 0.050694444444444445
0 0.7027777777777777 0.8118055555555556 0.06180555555555556 0.03888888888888889
0 0.7263888888888889 0.8604166666666667 0.022222222222222223 0.09027777777777778
0 0.01597222222222222 0.8104166666666667 0.03194444444444444 0.10416666666666667
0 0.7152777777777778 0.5027777777777778 0.044444444444444446 0.058333333333333334
0 0.5569444444444445 0.5840277777777778 0.08125 0.08611111111111111
0 0.7527777777777778 0.6618055555555555 0.027777777777777776 0.07916666666666666
0 0.8388888888888889 0.6694444444444444 0.08055555555555556 0.10833333333333334
0 0.8868055555555555 0.3923611111111111 0.14027777777777778 0.0875
0 0.7756944444444445 0.5145833333333333 0.07361111111111111 0.0625
0 0.7597222222222222 0.9506944444444444 0.041666666666666664 0.05694444444444444
0 0.9319444444444445 0.36527777777777776 0.13333333333333333 0.03333333333333333
0 0.8618055555555556 0.6 0.059722222222222225 0.0375
0 0.9472222222222222 0.8069444444444445 0.06944444444444445 0.10416666666666667
0 0.8944444444444445 0.8736111111111111 0.08333333333333333 0.08888888888888889
0 0.7701388888888889 0.7923611111111111 0.0625 0.10972222222222222
0 0.75625 0.8701388888888889 0.034722222222222224 0.08472222222222223
0 0.9243055555555556 0.6222222222222222 0.0625 0.07430555555555556
0 0.9534722222222223 0.7173611111111111 0.03958333333333333 0.07569444444444444
0 0.9666666666666667 0.88125 0.05694444444444444 0.06527777777777778