0 0.07222222222222222 0.37777777777777777 0.14444444444444443 0.3388888888888889
0 0.38958333333333334 0.3909722222222222 0.11805555555555555 0.3736111111111111
0 0.2298611111111111 0.46875 0.23402777777777778 0.3416666666666667
0 0.1423611111111111 0.6138888888888889 0.2847222222222222 0.26944444444444443
0 0.33402777777777776 0.6597222222222222 0.22916666666666666 0.17777777777777778
0 0.31875 0.1 0.25972222222222224 0.2
0 0.06805555555555555 0.12638888888888888 0.1361111111111111 0.25277777777777777
0 0.20277777777777778 0.2375 0.2 0.3020833333333333
0 0.7006944444444444 0.11319444444444444 0.03819444444444445 0.08333333333333333
0 0.9756944444444444 0.39305555555555555 0.04583333333333333 0.1
0 0.5527777777777778 0.7041666666666667 0.20555555555555555 0.08888888888888889
0 0.9256944444444445 0.20277777777777778 0.14583333333333334 0.25
0 0.47708333333333336 0.2847222222222222 0.05416666666666667 0.1527777777777778
0 0.9270833333333334 0.052083333333333336 0.14305555555555555 0.10416666666666667
0 0.9604166666666667 0.6701388888888888 0.0763888888888889 0.15694444444444444
0 0.46944444444444444 0.025694444444444443 0.03888888888888889 0.05138888888888889
0 0.5715277777777777 0.28402777777777777 0.11736111111111111 0.10625
0 0.7881944444444444 0.1798611111111111 0.04861111111111111 0.09444444444444444
0 0.9722222222222222 0.525 0.05277777777777778 0.05555555555555555
0 0.9875 0.46875 0.022222222222222223 0.0763888888888889
0 0.7583333333333333 0.33541666666666664 0.05694444444444444 0.08125
0 0.8409722222222222 0.3972222222222222 0.05 0.08055555555555556
0 0.5388888888888889 0.14583333333333334 0.08958333333333333 0.10208333333333333
0 0.8423611111111111 0.5569444444444445 0.07152777777777777 0.058333333333333334
0 0.5180555555555556 0.5215277777777778 0.1361111111111111 0.14027777777777778
0 0.6847222222222222 0.18472222222222223 0.09375 0.05416666666666667
0 0.6645833333333333 0.13055555555555556 0.03125 0.059027777777777776
0 0.7138888888888889 0.7215277777777778 0.13333333333333333 0.05416666666666667
0 0.9145833333333333 0.4965277777777778 0.050694444444444445 0.05277777777777778
0 0.8236111111111111 0.25 0.10833333333333334 0.14444444444444443
0 0.625 0.5034722222222222 0.06388888888888888 0.05625
0 0.48055555555555557 0.10069444444444445 0.059027777777777776 0.07777777777777778
0 0.6854166666666667 0.029166666666666667 0.05694444444444444 0.058333333333333334
0 0.9347222222222222 0.375 0.12986111111111112 0.09444444444444444
0 0.5805555555555556 0.5576388888888889 0.07013888888888889 0.06180555555555556
0 0.7569444444444444 0.4125 0.05 0.07916666666666666
0 0.7118055555555556 0.3763888888888889 0.035416666666666666 0.050694444444444445
0 0.9138888888888889 0.6840277777777778 0.16944444444444445 0.12916666666666668
0 0.7923611111111111 0.034722222222222224 0.0763888888888889 0.06944444444444445
0 0.6222222222222222 0.24305555555555555 0.05625 0.06666666666666667
0 0.7493055555555556 0.2590277777777778 0.05555555555555555 0.06875
0 0.05625 0.8173611111111111 0.1125 0.13472222222222222
0 0.3541666666666667 0.7694444444444445 0.06388888888888888 0.03888888888888889
0 0.1326388888888889 0.7638888888888888 0.11527777777777778 0.027777777777777776
0 0.12638888888888888 0.7979166666666667 0.05277777777777778 0.04861111111111111
0 0.22083333333333333 0.9736111111111111 0.2388888888888889 0.05
0 0.08055555555555556 0.9208333333333333 0.0763888888888889 0.09513888888888888
0 0.2361111111111111 0.7694444444444445 0.06388888888888888 0.03888888888888889
0 0.24722222222222223 0.8868055555555555 0.26666666666666666 0.22361111111111112
0 0.7201388888888889 0.8743055555555556 0.3736111111111111 0.24861111111111112
0 0.49583333333333335 0.8743055555555556 0.09166666666666666 0.24861111111111112