0 0.022222222222222223 0.20347222222222222 0.044444444444444446 0.3263888888888889
0 0.35 0.21597222222222223 0.25555555555555554 0.3597222222222222
0 0.12569444444444444 0.29097222222222224 0.225 0.32916666666666666
0 0.09027777777777778 0.45416666666666666 0.18055555555555555 0.30833333333333335
0 0.29305555555555557 0.4986111111111111 0.3527777777777778 0.21944444444444444
0 0.1 0.1076388888888889 0.19444444444444445 0.2152777777777778
0 0.75625 0.1486111111111111 0.4847222222222222 0.2972222222222222
0 0.7222222222222222 0.30416666666666664 0.4861111111111111 0.6083333333333333
0 0.19305555555555556 0.7986111111111112 0.3861111111111111 0.37777777777777777
0 0.6229166666666667 0.7513888888888889 0.0875 0.11180555555555556
0 0.6895833333333333 0.7743055555555556 0.06041666666666667 0.12222222222222222
0 0.5763888888888888 0.7902777777777777 0.19444444444444445 0.18888888888888888
0 0.6125 0.8854166666666666 0.26666666666666666 0.2263888888888889
0 0.5618055555555556 0.7479166666666667 0.16527777777777777 0.2763888888888889
0 0.8111111111111111 0.7888888888888889 0.375 0.35833333333333334
0 0.6138888888888889 0.6840277777777778 0.08055555555555556 0.1486111111111111