0 0.08888888888888889 0.39444444444444443 0.17777777777777778 0.3277777777777778
0 0.5111111111111111 0.41041666666666665 0.1527777777777778 0.29583333333333334
0 0.3798611111111111 0.4409722222222222 0.4152777777777778 0.23472222222222222
0 0.14791666666666667 0.016666666666666666 0.29583333333333334 0.03333333333333333
0 0.43472222222222223 0.175 0.3055555555555556 0.35
0 0.21458333333333332 0.17708333333333334 0.42916666666666664 0.30416666666666664
0 0.6472222222222223 0.22847222222222222 0.11666666666666667 0.10138888888888889
0 0.8555555555555555 0.2652777777777778 0.10833333333333334 0.14097222222222222
0 0.74375 0.5354166666666667 0.08472222222222223 0.04583333333333333
0 0.6652777777777777 0.05416666666666667 0.058333333333333334 0.06388888888888888
0 0.6736111111111112 0.4513888888888889 0.16944444444444445 0.21388888888888888
0 0.7743055555555556 0.3472222222222222 0.05138888888888889 0.07430555555555556
0 0.9555555555555556 0.33055555555555555 0.08611111111111111 0.15347222222222223
0 0.7347222222222223 0.011111111111111112 0.058333333333333334 0.022222222222222223
0 0.6701388888888888 0.32013888888888886 0.1625 0.12638888888888888
0 0.9222222222222223 0.11527777777777778 0.1527777777777778 0.23055555555555557
0 0.8527777777777777 0.06180555555555556 0.13055555555555556 0.12361111111111112
0 0.8291666666666667 0.4840277777777778 0.1638888888888889 0.1486111111111111
0 0.9291666666666667 0.48541666666666666 0.12777777777777777 0.14583333333333334
0 0.7326388888888888 0.1951388888888889 0.16180555555555556 0.14305555555555555
0 0.6534722222222222 0.14444444444444443 0.06944444444444445 0.09097222222222222
0 0.6798611111111111 0.019444444444444445 0.0763888888888889 0.03888888888888889
0 0.7756944444444445 0.027083333333333334 0.05416666666666667 0.05416666666666667
0 0.5326388888888889 0.9277777777777778 0.10972222222222222 0.14166666666666666
0 0.1 0.9125 0.2 0.17222222222222222
0 0.08958333333333333 0.5909722222222222 0.17916666666666667 0.0625
0 0.34097222222222223 0.5909722222222222 0.30694444444444446 0.0625
0 0.4423611111111111 0.6270833333333333 0.07916666666666666 0.13472222222222222
0 0.2611111111111111 0.6951388888888889 0.16944444444444445 0.2708333333333333
0 0.5368055555555555 0.7236111111111111 0.10138888888888889 0.325
0 0.41944444444444445 0.7388888888888889 0.20208333333333334 0.2548611111111111
0 0.09027777777777778 0.7590277777777777 0.18055555555555555 0.29583333333333334
0 0.3 0.9013888888888889 0.3416666666666667 0.19444444444444445
0 0.96875 0.7708333333333334 0.059722222222222225 0.05
0 0.9597222222222223 0.7270833333333333 0.05347222222222222 0.052083333333333336
0 0.9625 0.6604166666666667 0.03888888888888889 0.029166666666666667
0 0.7381944444444445 0.8798611111111111 0.05486111111111111 0.04722222222222222
0 0.7569444444444444 0.8527777777777777 0.04027777777777778 0.04027777777777778
0 0.61875 0.7520833333333333 0.04722222222222222 0.06388888888888888
0 0.9819444444444444 0.6333333333333333 0.02847222222222222 0.03333333333333333
0 0.9923611111111111 0.7965277777777777 0.0125 0.04027777777777778
0 0.8284722222222223 0.6659722222222222 0.06388888888888888 0.04097222222222222
0 0.84375 0.58125 0.04027777777777778 0.043055555555555555
0 0.7729166666666667 0.7972222222222223 0.06805555555555555 0.052083333333333336
0 0.9875 0.6777777777777778 0.022222222222222223 0.09722222222222222
0 0.6215277777777778 0.8180555555555555 0.06527777777777778 0.05277777777777778
0 0.6909722222222222 0.9680555555555556 0.17916666666666667 0.06111111111111111
0 0.7569444444444444 0.5979166666666667 0.1527777777777778 0.0763888888888889
0 0.6756944444444445 0.6256944444444444 0.1736111111111111 0.12916666666666668
0 0.8868055555555555 0.9180555555555555 0.12361111111111112 0.16111111111111112
0 0.9611111111111111 0.9430555555555555 0.075 0.1111111111111111
0 0.6472222222222223 0.8916666666666667 0.11666666666666667 0.16944444444444445
0 0.7152777777777778 0.7097222222222223 0.05555555555555555 0.08611111111111111
0 0.6854166666666667 0.7611111111111111 0.11388888888888889 0.10486111111111111
0 0.6340277777777777 0.9541666666666667 0.09027777777777778 0.08888888888888889
0 0.6798611111111111 0.8451388888888889 0.10833333333333334 0.10208333333333333