0 0.27291666666666664 0.3993055555555556 0.2652777777777778 0.2569444444444444
0 0.029861111111111113 0.36527777777777776 0.059722222222222225 0.24722222222222223
0 0.10972222222222222 0.15138888888888888 0.21944444444444444 0.30277777777777776
0 0.3458333333333333 0.175 0.40555555555555556 0.35
0 0.4701388888888889 0.1951388888888889 0.15694444444444444 0.3902777777777778
0 0.9861111111111112 0.08958333333333333 0.025 0.059722222222222225
0 0.6020833333333333 0.14305555555555555 0.05347222222222222 0.10972222222222222
0 0.8743055555555556 0.10486111111111111 0.09097222222222222 0.08055555555555556
0 0.9479166666666666 0.20972222222222223 0.03680555555555556 0.03680555555555556
0 0.8590277777777777 0.44027777777777777 0.05347222222222222 0.04791666666666667
0 0.9763888888888889 0.03888888888888889 0.044444444444444446 0.06111111111111111
0 0.7777777777777778 0.05347222222222222 0.03125 0.04236111111111111
0 0.8131944444444444 0.07708333333333334 0.029861111111111113 0.04375
0 0.6305555555555555 0.18541666666666667 0.044444444444444446 0.050694444444444445
0 0.7361111111111112 0.1486111111111111 0.027083333333333334 0.03333333333333333
0 0.7618055555555555 0.1451388888888889 0.041666666666666664 0.03888888888888889
0 0.6840277777777778 0.34791666666666665 0.06736111111111111 0.09652777777777778
0 0.8881944444444444 0.18055555555555555 0.034027777777777775 0.035416666666666666
0 0.8388888888888889 0.3784722222222222 0.03819444444444445 0.03819444444444445
0 0.8347222222222223 0.40694444444444444 0.034722222222222224 0.034722222222222224
0 0.8118055555555556 0.3798611111111111 0.025694444444444443 0.04097222222222222
0 0.6861111111111111 0.45208333333333334 0.15555555555555556 0.14930555555555555
0 0.6576388888888889 0.034722222222222224 0.19305555555555556 0.06944444444444445
0 0.56875 0.2326388888888889 0.0375 0.18472222222222223
0 0.7138888888888889 0.2326388888888889 0.13958333333333334 0.14583333333333334
0 0.9715277777777778 0.3263888888888889 0.05416666666666667 0.06666666666666667
0 0.9548611111111112 0.13194444444444445 0.06597222222222222 0.05694444444444444
0 0.9131944444444444 0.03611111111111111 0.058333333333333334 0.06527777777777778
0 0.8541666666666666 0.2604166666666667 0.08888888888888889 0.06041666666666667
0 0.5680555555555555 0.3638888888888889 0.03611111111111111 0.1111111111111111
0 0.9770833333333333 0.49444444444444446 0.043055555555555555 0.06666666666666667
0 0.5652777777777778 0.4756944444444444 0.030555555555555555 0.09861111111111111
0 0.6027777777777777 0.3215277777777778 0.09583333333333334 0.09791666666666667
0 0.45069444444444445 0.7555555555555555 0.18888888888888888 0.13125
0 0.5173611111111112 0.55 0.0625 0.041666666666666664
0 0.2798611111111111 0.8291666666666667 0.21875 0.24722222222222223
0 0.5354166666666667 0.8902777777777777 0.02638888888888889 0.1638888888888889
0 0.1986111111111111 0.5833333333333334 0.19166666666666668 0.10833333333333334
0 0.5347222222222222 0.5513888888888889 0.027777777777777776 0.044444444444444446
0 0.08888888888888889 0.7638888888888888 0.17777777777777778 0.46944444444444444
0 0.5152777777777777 0.68125 0.06666666666666667 0.10416666666666667
0 0.9236111111111112 0.7638888888888888 0.15 0.46944444444444444
0 0.7034722222222223 0.6909722222222222 0.30694444444444446 0.3236111111111111
0 0.7743055555555556 0.8618055555555556 0.4486111111111111 0.27361111111111114