0 0.03611111111111111 0.14097222222222222 0.07222222222222222 0.28194444444444444
0 0.22291666666666668 0.3104166666666667 0.44305555555555554 0.4152777777777778
0 0.2465277777777778 0.4215277777777778 0.23472222222222222 0.19305555555555556
0 0.25277777777777777 0.05555555555555555 0.5055555555555555 0.1111111111111111
0 0.9145833333333333 0.3875 0.06527777777777778 0.03819444444444445
0 0.9118055555555555 0.43680555555555556 0.041666666666666664 0.04652777777777778
0 0.7972222222222223 0.38472222222222224 0.04513888888888889 0.06527777777777778
0 0.8416666666666667 0.3194444444444444 0.04236111111111111 0.034027777777777775
0 0.8902777777777777 0.3527777777777778 0.050694444444444445 0.05138888888888889
0 0.8402777777777778 0.46111111111111114 0.07430555555555556 0.035416666666666666
0 0.9055555555555556 0.24861111111111112 0.041666666666666664 0.03194444444444444
0 0.9465277777777777 0.3736111111111111 0.03194444444444444 0.03611111111111111
0 0.9916666666666667 0.25 0.013888888888888888 0.044444444444444446
0 0.9819444444444444 0.16180555555555556 0.027083333333333334 0.02361111111111111
0 0.9381944444444444 0.4673611111111111 0.03958333333333333 0.044444444444444446
0 0.6833333333333333 0.3798611111111111 0.044444444444444446 0.06388888888888888
0 0.9354166666666667 0.2826388888888889 0.02638888888888889 0.034027777777777775
0 0.5743055555555555 0.12430555555555556 0.06666666666666667 0.09236111111111112
0 0.9819444444444444 0.3 0.03333333333333333 0.058333333333333334
0 0.7166666666666667 0.4305555555555556 0.06111111111111111 0.08055555555555556
0 0.6631944444444444 0.48541666666666666 0.16527777777777777 0.06527777777777778
0 0.7465277777777778 0.3680555555555556 0.05277777777777778 0.06111111111111111
0 0.9777777777777777 0.013888888888888888 0.041666666666666664 0.027777777777777776
0 0.6611111111111111 0.16180555555555556 0.015277777777777777 0.02013888888888889
0 0.7965277777777777 0.28055555555555556 0.06319444444444444 0.08333333333333333
0 0.6548611111111111 0.14930555555555555 0.07847222222222222 0.059722222222222225
0 0.5611111111111111 0.03819444444444445 0.06388888888888888 0.0763888888888889
0 0.7951388888888888 0.34444444444444444 0.04652777777777778 0.03958333333333333
0 0.8618055555555556 0.30486111111111114 0.034027777777777775 0.030555555555555555
0 0.8048611111111111 0.44513888888888886 0.07847222222222222 0.07847222222222222
0 0.5888888888888889 0.44513888888888886 0.11944444444444445 0.09583333333333334
0 0.7701388888888889 0.4930555555555556 0.06805555555555555 0.05
0 0.7013888888888888 0.7944444444444444 0.25 0.4083333333333333
0 0.6354166666666666 0.9423611111111111 0.2125 0.1125
0 0.7930555555555555 0.5770833333333333 0.2611111111111111 0.11527777777777778
0 0.6131944444444445 0.6326388888888889 0.16805555555555557 0.2263888888888889
0 0.9138888888888889 0.7451388888888889 0.16944444444444445 0.35694444444444445