0 0.02638888888888889 0.3159722222222222 0.05277777777777778 0.34305555555555556
0 0.36875 0.32569444444444445 0.11805555555555555 0.2986111111111111
0 0.2375 0.4027777777777778 0.38055555555555554 0.33055555555555555
0 0.2923611111111111 0.13194444444444445 0.2708333333333333 0.2638888888888889
0 0.15208333333333332 0.12152777777777778 0.30416666666666664 0.24305555555555555
0 0.9527777777777777 0.39444444444444443 0.09166666666666666 0.26944444444444443
0 0.6006944444444444 0.2972222222222222 0.34305555555555556 0.5416666666666666
0 0.1986111111111111 0.7145833333333333 0.375 0.2902777777777778
0 0.21388888888888888 0.8916666666666667 0.42777777777777776 0.21388888888888888
0 0.5361111111111111 0.8201388888888889 0.03888888888888889 0.07152777777777777
0 0.5777777777777777 0.7333333333333333 0.0625 0.09583333333333334
0 0.9263888888888889 0.6479166666666667 0.08125 0.09583333333333334
0 0.7833333333333333 0.9840277777777777 0.1 0.029166666666666667
0 0.7736111111111111 0.8097222222222222 0.06111111111111111 0.09652777777777778
0 0.47638888888888886 0.8180555555555555 0.06319444444444444 0.08402777777777778
0 0.9597222222222223 0.7090277777777778 0.07777777777777778 0.05694444444444444
0 0.5923611111111111 0.8666666666666667 0.14305555555555555 0.16666666666666666
0 0.9347222222222222 0.88125 0.08680555555555555 0.049305555555555554
0 0.9451388888888889 0.7694444444444445 0.10694444444444444 0.125
0 0.8104166666666667 0.9166666666666666 0.06041666666666667 0.05347222222222222
0 0.6347222222222222 0.9423611111111111 0.1111111111111111 0.1125
0 0.5222222222222223 0.5805555555555556 0.10555555555555556 0.022222222222222223
0 0.7215277777777778 0.9152777777777777 0.0798611111111111 0.08402777777777778
0 0.9861111111111112 0.8270833333333333 0.025 0.059722222222222225
0 0.47708333333333336 0.6861111111111111 0.08055555555555556 0.12916666666666668
0 0.4361111111111111 0.7611111111111111 0.013888888888888888 0.06666666666666667
0 0.8909722222222223 0.9652777777777778 0.07916666666666666 0.06666666666666667
0 0.9479166666666666 0.93125 0.07569444444444444 0.06875
0 0.9520833333333333 0.6743055555555556 0.04513888888888889 0.049305555555555554
0 0.5076388888888889 0.5895833333333333 0.05416666666666667 0.04027777777777778
0 0.8736111111111111 0.5756944444444444 0.04722222222222222 0.0125