0 0.14652777777777778 0.425 0.23194444444444445 0.14722222222222223
0 0.37916666666666665 0.18819444444444444 0.2777777777777778 0.3763888888888889
0 0.4236111111111111 0.42777777777777776 0.18888888888888888 0.14166666666666666
0 0.3701388888888889 0.4152777777777778 0.06111111111111111 0.09652777777777778
0 0.16180555555555556 0.17777777777777778 0.3236111111111111 0.35555555555555557
0 0.2923611111111111 0.4222222222222222 0.15138888888888888 0.1527777777777778
0 0.7590277777777777 0.2625 0.4791666666666667 0.4722222222222222
0 0.7590277777777777 0.20555555555555555 0.4791666666666667 0.4111111111111111
0 0.23055555555555557 0.6048611111111111 0.025 0.04097222222222222
0 0.20277777777777778 0.5770833333333333 0.06805555555555555 0.03194444444444444
0 0.17430555555555555 0.6229166666666667 0.04375 0.05
0 0.018055555555555554 0.5520833333333334 0.03611111111111111 0.06805555555555555
0 0.2611111111111111 0.9902777777777778 0.07222222222222222 0.016666666666666666
0 0.3104166666666667 0.9638888888888889 0.05416666666666667 0.06944444444444445
0 0.42291666666666666 0.7916666666666666 0.19027777777777777 0.41388888888888886
0 0.022916666666666665 0.9472222222222222 0.04583333333333333 0.08888888888888889
0 0.17708333333333334 0.93125 0.15694444444444444 0.13472222222222222
0 0.27708333333333335 0.8326388888888889 0.06527777777777778 0.11666666666666667
0 0.08194444444444444 0.9743055555555555 0.07222222222222222 0.04861111111111111
0 0.3854166666666667 0.6798611111111111 0.06458333333333334 0.06319444444444444
0 0.12291666666666666 0.8388888888888889 0.11319444444444444 0.08055555555555556
0 0.1326388888888889 0.6708333333333333 0.041666666666666664 0.034027777777777775
0 0.04722222222222222 0.5402777777777777 0.03888888888888889 0.044444444444444446
0 0.009722222222222222 0.5194444444444445 0.019444444444444445 0.03888888888888889
0 0.26944444444444443 0.9527777777777777 0.0375 0.075
0 0.25 0.7965277777777777 0.029861111111111113 0.043055555555555555
0 0.42083333333333334 0.6638888888888889 0.043055555555555555 0.05138888888888889
0 0.33055555555555555 0.6805555555555556 0.04791666666666667 0.035416666666666666
0 0.31805555555555554 0.80625 0.05416666666666667 0.03680555555555556
0 0.4340277777777778 0.6208333333333333 0.03680555555555556 0.03125
0 0.2569444444444444 0.6326388888888889 0.04375 0.03958333333333333
0 0.2722222222222222 0.6722222222222223 0.06319444444444444 0.04375
0 0.2152777777777778 0.6625 0.04513888888888889 0.05416666666666667
0 0.2513888888888889 0.6833333333333333 0.04513888888888889 0.03888888888888889
0 0.29791666666666666 0.7118055555555556 0.06736111111111111 0.05694444444444444
0 0.16875 0.7833333333333333 0.08680555555555555 0.07430555555555556
0 0.8423611111111111 0.6861111111111111 0.31527777777777777 0.37222222222222223
0 0.9673611111111111 0.7055555555555556 0.0625 0.4111111111111111
0 0.6993055555555555 0.8243055555555555 0.24097222222222223 0.23958333333333334
0 0.8722222222222222 0.9361111111111111 0.25277777777777777 0.125
0 0.6458333333333334 0.5701388888888889 0.17222222222222222 0.14027777777777778