0 0.22847222222222222 0.10208333333333333 0.31805555555555554 0.20416666666666666
0 0.19375 0.39305555555555555 0.3875 0.33055555555555555
0 0.2326388888888889 0.20833333333333334 0.30972222222222223 0.25277777777777777
0 0.33819444444444446 0.22291666666666668 0.09861111111111111 0.44583333333333336
0 0.44930555555555557 0.12430555555555556 0.12083333333333333 0.16805555555555557
0 0.6597222222222222 0.29305555555555557 0.5416666666666666 0.5305555555555556
0 0.13194444444444445 0.93125 0.2638888888888889 0.13472222222222222
0 0.08680555555555555 0.7215277777777778 0.17152777777777778 0.30277777777777776
0 0.015277777777777777 0.8041666666666667 0.030555555555555555 0.16944444444444445
0 0.1388888888888889 0.5819444444444445 0.1388888888888889 0.044444444444444446
0 0.5361111111111111 0.7048611111111112 0.29444444444444445 0.2902777777777778
0 0.7763888888888889 0.7458333333333333 0.19166666666666668 0.37222222222222223
0 0.8923611111111112 0.8236111111111111 0.2125 0.26666666666666666
0 0.45 0.8444444444444444 0.12222222222222222 0.225
0 0.6319444444444444 0.9118055555555555 0.19722222222222222 0.1736111111111111
0 0.8145833333333333 0.9354166666666667 0.16527777777777777 0.12638888888888888
0 0.46805555555555556 0.9472222222222222 0.15833333333333333 0.10277777777777777
0 0.9020833333333333 0.6131944444444445 0.19305555555555556 0.10694444444444444
0 0.7326388888888888 0.6020833333333333 0.12916666666666668 0.08472222222222223