0 0.08888888888888889 0.16875 0.17777777777777778 0.3375
0 0.3194444444444444 0.04236111111111111 0.16111111111111112 0.08472222222222223
0 0.9201388888888888 0.09791666666666667 0.15694444444444444 0.19583333333333333
0 0.89375 0.2520833333333333 0.20972222222222223 0.17083333333333334
0 0.6777777777777778 0.25 0.35833333333333334 0.175
0 0.38263888888888886 0.19722222222222222 0.2875 0.28055555555555556
0 0.6375 0.1125 0.4527777777777778 0.225
0 0.11875 0.4201388888888889 0.2375 0.1625
0 0.11875 0.7034722222222223 0.2375 0.5902777777777778
0 0.30486111111111114 0.8354166666666667 0.13194444444444445 0.2125
0 0.33958333333333335 0.6763888888888889 0.2013888888888889 0.20833333333333334
0 0.2923611111111111 0.9854166666666667 0.10694444444444444 0.02638888888888889
0 0.25555555555555554 0.9881944444444445 0.03333333333333333 0.020833333333333332
0 0.32083333333333336 0.4 0.14166666666666666 0.12222222222222222
0 0.5694444444444444 0.9826388888888888 0.17222222222222222 0.03194444444444444
0 0.41597222222222224 0.5125 0.09652777777777778 0.11527777777777778
0 0.6854166666666667 0.6458333333333334 0.6263888888888889 0.6138888888888889
0 0.9027777777777778 0.9805555555555555 0.06666666666666667 0.03611111111111111