0 0.04791666666666667 0.06597222222222222 0.09583333333333334 0.13194444444444445
0 0.31666666666666665 0.09513888888888888 0.4222222222222222 0.19027777777777777
0 0.2423611111111111 0.38819444444444445 0.47638888888888886 0.3402777777777778
0 0.3055555555555556 0.1951388888888889 0.3770833333333333 0.29305555555555557
0 0.4444444444444444 0.23680555555555555 0.16666666666666666 0.4736111111111111
0 0.9118055555555555 0.04861111111111111 0.06180555555555556 0.08263888888888889
0 0.9513888888888888 0.10833333333333334 0.06458333333333334 0.050694444444444445
0 0.6909722222222222 0.09930555555555555 0.07569444444444444 0.08958333333333333
0 0.9465277777777777 0.30486111111111114 0.10416666666666667 0.1125
0 0.6145833333333334 0.13333333333333333 0.05277777777777778 0.09375
0 0.9638888888888889 0.21597222222222223 0.06944444444444445 0.09583333333333334
0 0.7159722222222222 0.05694444444444444 0.31527777777777777 0.11388888888888889
0 0.9284722222222223 0.48541666666666666 0.14027777777777778 0.14583333333333334
0 0.59375 0.4638888888888889 0.09791666666666667 0.09097222222222222
0 0.55625 0.48680555555555555 0.05416666666666667 0.04583333333333333
0 0.6479166666666667 0.2833333333333333 0.06319444444444444 0.07430555555555556
0 0.7131944444444445 0.3875 0.11319444444444444 0.06944444444444445
0 0.575 0.22916666666666666 0.09166666666666666 0.07083333333333333
0 0.56875 0.08194444444444444 0.07916666666666666 0.11666666666666667
0 0.6416666666666667 0.5368055555555555 0.1361111111111111 0.043055555555555555
0 0.9534722222222223 0.4048611111111111 0.09027777777777778 0.17083333333333334
0 0.7388888888888889 0.5083333333333333 0.1638888888888889 0.1
0 0.8215277777777777 0.47430555555555554 0.1486111111111111 0.16805555555555557
0 0.5944444444444444 0.33541666666666664 0.1076388888888889 0.10416666666666667
0 0.7826388888888889 0.30277777777777776 0.13680555555555557 0.12222222222222222
0 0.2777777777777778 0.7166666666666667 0.13125 0.12222222222222222
0 0.24722222222222223 0.9034722222222222 0.49444444444444446 0.19027777777777777
0 0.11805555555555555 0.8208333333333333 0.2361111111111111 0.28055555555555556
0 0.16597222222222222 0.6208333333333333 0.33194444444444443 0.12222222222222222
0 0.3951388888888889 0.7215277777777778 0.12430555555555556 0.17083333333333334
0 0.4951388888888889 0.6611111111111111 0.06527777777777778 0.15
0 0.4527777777777778 0.8270833333333333 0.15 0.17916666666666667
0 0.40069444444444446 0.6173611111111111 0.1597222222222222 0.11527777777777778
0 0.5034722222222222 0.5972222222222222 0.04861111111111111 0.075
0 0.7284722222222222 0.9708333333333333 0.18194444444444444 0.05555555555555555
0 0.7638888888888888 0.7631944444444444 0.46944444444444444 0.40694444444444444