0 0.22430555555555556 0.14930555555555555 0.4486111111111111 0.2986111111111111
0 0.9388888888888889 0.05138888888888889 0.11944444444444445 0.10277777777777777
0 0.7465277777777778 0.14930555555555555 0.47638888888888886 0.2986111111111111
0 0.8902777777777777 0.24583333333333332 0.21666666666666667 0.10555555555555556
0 0.6222222222222222 0.23055555555555557 0.34444444444444444 0.1361111111111111
0 0.28680555555555554 0.9013888888888889 0.3236111111111111 0.19444444444444445
0 0.22430555555555556 0.5743055555555555 0.4486111111111111 0.5486111111111112
0 0.4354166666666667 0.8493055555555555 0.02638888888888889 0.2986111111111111
0 0.7243055555555555 0.5354166666666667 0.5486111111111112 0.4708333333333333
0 0.9368055555555556 0.7180555555555556 0.12361111111111112 0.5611111111111111
0 0.6138888888888889 0.8451388888888889 0.3277777777777778 0.30694444444444446
0 0.7541666666666667 0.9215277777777777 0.28888888888888886 0.15416666666666667