0 0.4673611111111111 0.01875 0.1625 0.0375
0 0.26319444444444445 0.4597222222222222 0.4708333333333333 0.25555555555555554
0 0.05625 0.12430555555555556 0.1125 0.24861111111111112
0 0.11527777777777778 0.2 0.12152777777777778 0.2701388888888889
0 0.34444444444444444 0.2263888888888889 0.4083333333333333 0.4527777777777778
0 0.29791666666666666 0.0125 0.18194444444444444 0.025
0 0.06458333333333334 0.40069444444444446 0.12916666666666668 0.30972222222222223
0 0.8881944444444444 0.5298611111111111 0.22083333333333333 0.11527777777777778
0 0.5861111111111111 0.26319444444444445 0.07222222222222222 0.11527777777777778
0 0.5902777777777778 0.49166666666666664 0.08055555555555556 0.12777777777777777
0 0.5888888888888889 0.13125 0.07777777777777778 0.14305555555555555
0 0.9694444444444444 0.4583333333333333 0.058333333333333334 0.08611111111111111
0 0.9041666666666667 0.48680555555555555 0.11180555555555556 0.08541666666666667
0 0.8395833333333333 0.46111111111111114 0.05625 0.05277777777777778
0 0.7701388888888889 0.07291666666666667 0.04236111111111111 0.07569444444444444
0 0.8083333333333333 0.07847222222222222 0.05416666666666667 0.07222222222222222
0 0.8847222222222222 0.03125 0.06944444444444445 0.0625
0 0.8472222222222222 0.02013888888888889 0.02638888888888889 0.03263888888888889
0 0.95 0.017361111111111112 0.075 0.034722222222222224
0 0.6395833333333333 0.39791666666666664 0.08333333333333333 0.2222222222222222
0 0.8590277777777777 0.08611111111111111 0.04027777777777778 0.05555555555555555
0 0.7854166666666667 0.42569444444444443 0.05694444444444444 0.09583333333333334
0 0.7270833333333333 0.29791666666666666 0.10069444444444445 0.1486111111111111
0 0.6361111111111111 0.04513888888888889 0.09444444444444444 0.09027777777777778
0 0.9743055555555555 0.08958333333333333 0.04861111111111111 0.04027777777777778
0 0.9493055555555555 0.05138888888888889 0.08472222222222223 0.059722222222222225
0 0.7395833333333334 0.5270833333333333 0.1375 0.12083333333333333
0 0.6472222222222223 0.2326388888888889 0.06666666666666667 0.10069444444444445
0 0.7444444444444445 0.025694444444444443 0.06388888888888888 0.05138888888888889
0 0.7208333333333333 0.18125 0.07291666666666667 0.050694444444444445
0 0.8166666666666667 0.21875 0.0625 0.052083333333333336
0 0.8576388888888888 0.14722222222222223 0.03680555555555556 0.06319444444444444
0 0.8979166666666667 0.15763888888888888 0.058333333333333334 0.044444444444444446
0 0.9590277777777778 0.12777777777777777 0.07916666666666666 0.08055555555555556
0 0.9048611111111111 0.10277777777777777 0.06527777777777778 0.08541666666666667
0 0.8131944444444444 0.3020833333333333 0.2076388888888889 0.19305555555555556
0 0.5819444444444445 0.19375 0.06388888888888888 0.12638888888888888
0 0.9777777777777777 0.33402777777777776 0.041666666666666664 0.14583333333333334
0 0.8055555555555556 0.03333333333333333 0.08888888888888889 0.06666666666666667
0 0.9444444444444444 0.2111111111111111 0.10833333333333334 0.15555555555555556
0 0.9354166666666667 0.2826388888888889 0.0875 0.059722222222222225
0 0.6590277777777778 0.5361111111111111 0.10138888888888889 0.10277777777777777
0 0.7055555555555556 0.12708333333333333 0.10138888888888889 0.06527777777777778
0 0.6993055555555555 0.33541666666666664 0.11319444444444444 0.11180555555555556
0 0.7152777777777778 0.4097222222222222 0.08958333333333333 0.075
0 0.5958333333333333 0.36180555555555555 0.09166666666666666 0.15416666666666667
0 0.80625 0.5173611111111112 0.10625 0.09097222222222222
0 0.875 0.43333333333333335 0.059722222222222225 0.10138888888888889
0 0.19166666666666668 0.6201388888888889 0.14166666666666666 0.0625
0 0.09583333333333334 0.8777777777777778 0.06875 0.0763888888888889
0 0.007638888888888889 0.8736111111111111 0.015277777777777777 0.06666666666666667
0 0.03888888888888889 0.8861111111111111 0.05763888888888889 0.08402777777777778
0 0.10833333333333334 0.9715277777777778 0.08055555555555556 0.05416666666666667
0 0.014583333333333334 0.64375 0.029166666666666667 0.06527777777777778
0 0.2701388888888889 0.8659722222222223 0.18194444444444444 0.08333333333333333
0 0.4375 0.9 0.1076388888888889 0.1388888888888889
0 0.25416666666666665 0.7395833333333334 0.14791666666666667 0.11041666666666666
0 0.25069444444444444 0.6729166666666667 0.17083333333333334 0.16805555555555557
0 0.22569444444444445 0.9576388888888889 0.1875 0.08194444444444444
0 0.46597222222222223 0.6361111111111111 0.16527777777777777 0.09444444444444444
0 0.08055555555555556 0.6729166666666667 0.11666666666666667 0.16805555555555557
0 0.1076388888888889 0.7958333333333333 0.11458333333333333 0.09097222222222222
0 0.029166666666666667 0.7569444444444444 0.058333333333333334 0.16666666666666666
0 0.5041666666666667 0.9111111111111111 0.08888888888888889 0.175
0 0.4131944444444444 0.9430555555555555 0.21805555555555556 0.1111111111111111
0 0.7388888888888889 0.7222222222222222 0.30277777777777776 0.26666666666666666
0 0.9381944444444444 0.79375 0.12083333333333333 0.4097222222222222
0 0.5798611111111112 0.8118055555555556 0.059722222222222225 0.25416666666666665
0 0.8 0.8916666666666667 0.275 0.21388888888888888
0 0.6583333333333333 0.9 0.21666666666666667 0.19722222222222222
0 0.8298611111111112 0.6270833333333333 0.3347222222222222 0.0763888888888889