0 0.052083333333333336 0.225 0.10416666666666667 0.3
0 0.2534722222222222 0.33125 0.32916666666666666 0.2125
0 0.2263888888888889 0.16666666666666666 0.38333333333333336 0.3333333333333333
0 0.7145833333333333 0.20694444444444443 0.04791666666666667 0.07430555555555556
0 0.8097222222222222 0.24583333333333332 0.1375 0.12222222222222222
0 0.75625 0.3715277777777778 0.04027777777777778 0.02638888888888889
0 0.9347222222222222 0.37222222222222223 0.12777777777777777 0.13055555555555556
0 0.6548611111111111 0.3597222222222222 0.16805555555555557 0.15555555555555556
0 0.6527777777777778 0.18263888888888888 0.08263888888888889 0.10347222222222222
0 0.6833333333333333 0.1486111111111111 0.05416666666666667 0.06111111111111111
0 0.9368055555555556 0.2972222222222222 0.030555555555555555 0.03263888888888889
0 0.8819444444444444 0.23472222222222222 0.06736111111111111 0.08472222222222223
0 0.8548611111111111 0.3159722222222222 0.14791666666666667 0.09375
0 0.7388888888888889 0.18541666666666667 0.03194444444444444 0.02847222222222222
0 0.8569444444444444 0.18194444444444444 0.03194444444444444 0.02361111111111111
0 0.9263888888888889 0.25972222222222224 0.05416666666666667 0.06041666666666667
0 0.8354166666666667 0.16111111111111112 0.025694444444444443 0.044444444444444446
0 0.5659722222222222 0.14583333333333334 0.1798611111111111 0.2791666666666667
0 0.7756944444444445 0.01597222222222222 0.07361111111111111 0.03194444444444444
0 0.9180555555555555 0.15 0.16111111111111112 0.2
0 0.9784722222222222 0.2298611111111111 0.04027777777777778 0.12083333333333333
0 0.6923611111111111 0.25416666666666665 0.06180555555555556 0.04513888888888889
0 0.7520833333333333 0.32430555555555557 0.06458333333333334 0.06944444444444445
0 0.7888888888888889 0.14791666666666667 0.12916666666666668 0.13472222222222222
0 0.7236111111111111 0.04861111111111111 0.041666666666666664 0.049305555555555554
0 0.4534722222222222 0.3972222222222222 0.0625 0.08055555555555556
0 0.8027777777777778 0.4041666666666667 0.325 0.06666666666666667
0 0.5 0.3486111111111111 0.06458333333333334 0.06041666666666667
0 0.7430555555555556 0.2777777777777778 0.11319444444444444 0.10138888888888889
0 0.9729166666666667 0.3076388888888889 0.05138888888888889 0.09583333333333334
0 0.4861111111111111 0.2722222222222222 0.07361111111111111 0.1
0 0.6340277777777777 0.275 0.1375 0.08472222222222223
0 0.43125 0.2388888888888889 0.02361111111111111 0.04722222222222222
0 0.46319444444444446 0.3798611111111111 0.05694444444444444 0.07361111111111111
0 0.5069444444444444 0.38333333333333336 0.03125 0.058333333333333334
0 0.8631944444444445 0.3951388888888889 0.11805555555555555 0.08472222222222223
0 0.45416666666666666 0.08402777777777778 0.06944444444444445 0.09305555555555556
0 0.8611111111111112 0.04722222222222222 0.06666666666666667 0.03958333333333333
0 0.16319444444444445 0.9722222222222222 0.09305555555555556 0.05277777777777778
0 0.14444444444444443 0.8152777777777778 0.09513888888888888 0.07569444444444444
0 0.17847222222222223 0.6861111111111111 0.08263888888888889 0.11041666666666666
0 0.31666666666666665 0.7534722222222222 0.06180555555555556 0.06388888888888888
0 0.3013888888888889 0.8173611111111111 0.05347222222222222 0.06736111111111111
0 0.26319444444444445 0.9263888888888889 0.24305555555555555 0.13402777777777777
0 0.2986111111111111 0.9868055555555556 0.14722222222222223 0.02361111111111111
0 0.22152777777777777 0.85 0.1423611111111111 0.1111111111111111
0 0.37430555555555556 0.7694444444444445 0.0875 0.18333333333333332
0 0.07083333333333333 0.8180555555555555 0.0625 0.08194444444444444
0 0.07847222222222222 0.9048611111111111 0.12083333333333333 0.07361111111111111
0 0.38333333333333336 0.8666666666666667 0.06944444444444445 0.06111111111111111
0 0.2923611111111111 0.6284722222222222 0.09583333333333334 0.07430555555555556
0 0.2375 0.5944444444444444 0.06597222222222222 0.08402777777777778
0 0.29097222222222224 0.55 0.07083333333333333 0.07777777777777778
0 0.37569444444444444 0.6041666666666666 0.08680555555555555 0.10277777777777777
0 0.07430555555555556 0.5722222222222222 0.1486111111111111 0.10833333333333334
0 0.05486111111111111 0.7395833333333334 0.10972222222222222 0.18472222222222223
0 0.24097222222222223 0.5215277777777778 0.04861111111111111 0.059027777777777776
0 0.17569444444444443 0.5131944444444444 0.08888888888888889 0.05555555555555555
0 0.7298611111111111 0.725 0.5375 0.5472222222222223
0 0.6006944444444444 0.5090277777777777 0.22083333333333333 0.14027777777777778