0 0.25972222222222224 0.31875 0.2638888888888889 0.3597222222222222
0 0.09236111111111112 0.18472222222222223 0.18472222222222223 0.36944444444444446
0 0.05763888888888889 0.24930555555555556 0.11527777777777778 0.4986111111111111
0 0.8527777777777777 0.3659722222222222 0.2916666666666667 0.2652777777777778
0 0.8013888888888889 0.12777777777777777 0.3111111111111111 0.25555555555555554
0 0.5722222222222222 0.3111111111111111 0.325 0.375
0 0.3111111111111111 0.7493055555555556 0.19444444444444445 0.4986111111111111
0 0.1763888888888889 0.73125 0.14722222222222223 0.12708333333333333
0 0.18125 0.5520833333333334 0.10972222222222222 0.10416666666666667
0 0.5298611111111111 0.6173611111111111 0.24027777777777778 0.23472222222222222
0 0.8465277777777778 0.9277777777777778 0.30416666666666664 0.14166666666666666
0 0.5645833333333333 0.8625 0.30972222222222223 0.2722222222222222