0 0.5145833333333333 0.17916666666666667 0.12916666666666668 0.09513888888888888
0 0.05486111111111111 0.06527777777777778 0.10972222222222222 0.13055555555555556
0 0.6208333333333333 0.2652777777777778 0.19444444444444445 0.26666666666666666
0 0.5409722222222222 0.06388888888888888 0.10972222222222222 0.12777777777777777
0 0.14027777777777778 0.14722222222222223 0.25069444444444444 0.29444444444444445
0 0.1597222222222222 0.33402777777777776 0.30277777777777776 0.12916666666666668
0 0.3729166666666667 0.07152777777777777 0.25416666666666665 0.14305555555555555
0 0.3375 0.13958333333333334 0.22361111111111112 0.23333333333333334
0 0.7902777777777777 0.3347222222222222 0.12569444444444444 0.12152777777777778
0 0.7645833333333333 0.2125 0.0625 0.1111111111111111
0 0.7541666666666667 0.12569444444444444 0.06944444444444445 0.10972222222222222
0 0.8423611111111111 0.21805555555555556 0.08194444444444444 0.12986111111111112
0 0.8576388888888888 0.06388888888888888 0.09097222222222222 0.05694444444444444
0 0.9430555555555555 0.006944444444444444 0.08611111111111111 0.013888888888888888
0 0.9465277777777777 0.0625 0.09722222222222222 0.08541666666666667
0 0.93125 0.2590277777777778 0.08263888888888889 0.075
0 0.9854166666666667 0.12708333333333333 0.02638888888888889 0.12638888888888888
0 0.78125 0.025694444444444443 0.0875 0.05138888888888889
0 0.4513888888888889 0.4388888888888889 0.07291666666666667 0.06666666666666667
0 0.3486111111111111 0.4423611111111111 0.10277777777777777 0.08472222222222223
0 0.5305555555555556 0.4840277777777778 0.052083333333333336 0.05
0 0.08611111111111111 0.4722222222222222 0.07361111111111111 0.07291666666666667
0 0.16111111111111112 0.4791666666666667 0.0798611111111111 0.06111111111111111
0 0.08402777777777778 0.6951388888888889 0.06736111111111111 0.1111111111111111
0 0.07569444444444444 0.79375 0.0798611111111111 0.07916666666666666
0 0.12638888888888888 0.6479166666666667 0.04791666666666667 0.06875
0 0.13472222222222222 0.7194444444444444 0.05694444444444444 0.06736111111111111
0 0.03680555555555556 0.5152777777777777 0.059722222222222225 0.07916666666666666
0 0.6715277777777777 0.6354166666666666 0.06111111111111111 0.07083333333333333
0 0.075 0.6097222222222223 0.03819444444444445 0.06666666666666667
0 0.044444444444444446 0.43194444444444446 0.08888888888888889 0.06388888888888888
0 0.2861111111111111 0.4708333333333333 0.052083333333333336 0.05416666666666667
0 0.31875 0.9194444444444444 0.09791666666666667 0.13402777777777777
0 0.11041666666666666 0.8993055555555556 0.12638888888888888 0.0798611111111111
0 0.6680555555555555 0.4625 0.05138888888888889 0.029861111111111113
0 0.6375 0.7597222222222222 0.16111111111111112 0.12222222222222222
0 0.5277777777777778 0.4513888888888889 0.05138888888888889 0.08888888888888889
0 0.575 0.48194444444444445 0.049305555555555554 0.041666666666666664
0 0.3541666666666667 0.7965277777777777 0.06388888888888888 0.10208333333333333
0 0.38333333333333336 0.98125 0.06944444444444445 0.034722222222222224
0 0.425 0.8416666666666667 0.04513888888888889 0.09652777777777778
0 0.45069444444444445 0.7909722222222222 0.03958333333333333 0.050694444444444445
0 0.5263888888888889 0.7840277777777778 0.07569444444444444 0.07430555555555556
0 0.2076388888888889 0.8743055555555556 0.06458333333333334 0.1125
0 0.2722222222222222 0.8444444444444444 0.1 0.125
0 0.24930555555555556 0.7763888888888889 0.08888888888888889 0.05694444444444444
0 0.6673611111111111 0.4909722222222222 0.05416666666666667 0.04513888888888889
0 0.3215277777777778 0.6388888888888888 0.07430555555555556 0.0763888888888889
0 0.30833333333333335 0.5777777777777777 0.0625 0.10902777777777778
0 0.22569444444444445 0.6270833333333333 0.10347222222222222 0.10277777777777777
0 0.4013888888888889 0.6236111111111111 0.10694444444444444 0.08125
0 0.5215277777777778 0.7034722222222223 0.08055555555555556 0.11944444444444445
0 0.41180555555555554 0.7319444444444444 0.10277777777777777 0.14930555555555555
0 0.3958333333333333 0.5826388888888889 0.08333333333333333 0.09652777777777778
0 0.44722222222222224 0.5208333333333334 0.06944444444444445 0.05763888888888889
0 0.48333333333333334 0.5020833333333333 0.052083333333333336 0.07222222222222222
0 0.6972222222222222 0.6048611111111111 0.041666666666666664 0.0763888888888889
0 0.7 0.6743055555555556 0.03611111111111111 0.07916666666666666
0 0.18472222222222223 0.5263888888888889 0.12152777777777778 0.07222222222222222
0 0.09652777777777778 0.5361111111111111 0.07361111111111111 0.06041666666666667
0 0.15902777777777777 0.9423611111111111 0.06736111111111111 0.05625
0 0.20069444444444445 0.6958333333333333 0.05277777777777778 0.05763888888888889
0 0.37916666666666665 0.8673611111111111 0.08888888888888889 0.1375
0 0.48680555555555555 0.9034722222222222 0.1875 0.17708333333333334
0 0.022916666666666665 0.5861111111111111 0.04583333333333333 0.16666666666666666
0 0.6680555555555555 0.9229166666666667 0.1 0.15138888888888888
0 0.06527777777777778 0.9708333333333333 0.13055555555555556 0.05555555555555555
0 0.7354166666666667 0.8881944444444444 0.03194444444444444 0.07083333333333333
0 0.7479166666666667 0.76875 0.05694444444444444 0.10416666666666667
0 0.8652777777777778 0.8305555555555556 0.05763888888888889 0.059027777777777776
0 0.8506944444444444 0.8902777777777777 0.05 0.0625
0 0.8243055555555555 0.9638888888888889 0.20972222222222223 0.06944444444444445
0 0.7819444444444444 0.9201388888888888 0.125 0.10416666666666667
0 0.9388888888888889 0.8458333333333333 0.11944444444444445 0.16944444444444445
0 0.9368055555555556 0.9361111111111111 0.08125 0.05486111111111111
0 0.8430555555555556 0.7152777777777778 0.08888888888888889 0.06875
0 0.7923611111111111 0.6840277777777778 0.06111111111111111 0.07777777777777778
0 0.8416666666666667 0.6423611111111112 0.06597222222222222 0.07152777777777777
0 0.9194444444444444 0.6930555555555555 0.08055555555555556 0.09513888888888888
0 0.9701388888888889 0.7027777777777777 0.03263888888888889 0.05138888888888889
0 0.9888888888888889 0.6770833333333334 0.019444444444444445 0.0625
0 0.9743055555555555 0.575 0.04583333333333333 0.059027777777777776
0 0.7951388888888888 0.6166666666666667 0.04513888888888889 0.05486111111111111
0 0.7479166666666667 0.6083333333333333 0.05694444444444444 0.05277777777777778