0 0.1840277777777778 0.2423611111111111 0.04861111111111111 0.4013888888888889
0 0.10416666666666667 0.30486111111111114 0.20833333333333334 0.5875
0 0.6729166666666667 0.4840277777777778 0.3902777777777778 0.22916666666666666
0 0.4722222222222222 0.56875 0.09444444444444444 0.059722222222222225
0 0.9229166666666667 0.5097222222222222 0.15138888888888888 0.17777777777777778
0 0.3451388888888889 0.5597222222222222 0.2708333333333333 0.07777777777777778
0 0.7506944444444444 0.022916666666666665 0.17083333333333334 0.04583333333333333
0 0.5541666666666667 0.07847222222222222 0.225 0.15694444444444444
0 0.2659722222222222 0.10277777777777777 0.1125 0.20555555555555555
0 0.34652777777777777 0.08194444444444444 0.24305555555555555 0.1638888888888889
0 0.9104166666666667 0.21875 0.1763888888888889 0.4375
0 0.7826388888888889 0.225 0.18194444444444444 0.375
0 0.59375 0.23333333333333334 0.2902777777777778 0.3590277777777778
0 0.3326388888888889 0.35 0.24583333333333332 0.39444444444444443
0 0.9659722222222222 0.98125 0.06527777777777778 0.034722222222222224
0 0.9645833333333333 0.7763888888888889 0.049305555555555554 0.059722222222222225
0 0.9326388888888889 0.8590277777777777 0.13194444444444445 0.09583333333333334
0 0.9513888888888888 0.9381944444444444 0.09444444444444444 0.12083333333333333
0 0.8270833333333333 0.88125 0.050694444444444445 0.05416666666666667
0 0.7944444444444444 0.9243055555555556 0.029861111111111113 0.043055555555555555
0 0.7756944444444445 0.9013888888888889 0.049305555555555554 0.05694444444444444
0 0.8951388888888889 0.9145833333333333 0.06458333333333334 0.06388888888888888
0 0.49027777777777776 0.9590277777777778 0.08333333333333333 0.07916666666666666
0 0.8055555555555556 0.9840277777777777 0.075 0.029166666666666667
0 0.8631944444444445 0.9701388888888889 0.05138888888888889 0.05486111111111111
0 0.6465277777777778 0.9708333333333333 0.09861111111111111 0.05555555555555555