0 0.34791666666666665 0.2326388888888889 0.12083333333333333 0.30972222222222223
0 0.15763888888888888 0.22361111111111112 0.31527777777777777 0.3277777777777778
0 0.18333333333333332 0.19375 0.36666666666666664 0.3875
0 0.46041666666666664 0.3326388888888889 0.10138888888888889 0.10972222222222222
0 0.8458333333333333 0.3416666666666667 0.2388888888888889 0.09166666666666666
0 0.7152777777777778 0.36875 0.06388888888888888 0.0375
0 0.6458333333333334 0.36319444444444443 0.03611111111111111 0.04861111111111111
0 0.8409722222222222 0.09097222222222222 0.049305555555555554 0.05486111111111111
0 0.9090277777777778 0.08402777777777778 0.08402777777777778 0.06944444444444445
0 0.9006944444444445 0.1625 0.11736111111111111 0.13402777777777777
0 0.8194444444444444 0.17777777777777778 0.0375 0.05416666666666667
0 0.6875 0.08402777777777778 0.06111111111111111 0.08888888888888889
0 0.5652777777777778 0.1284722222222222 0.09861111111111111 0.05694444444444444
0 0.5097222222222222 0.3763888888888889 0.06944444444444445 0.022222222222222223
0 0.7743055555555556 0.2222222222222222 0.08819444444444445 0.10486111111111111
0 0.9548611111111112 0.14166666666666666 0.04791666666666667 0.05555555555555555
0 0.8645833333333334 0.20625 0.04375 0.06805555555555555
0 0.6388888888888888 0.22152777777777777 0.06388888888888888 0.08263888888888889
0 0.6868055555555556 0.24930555555555556 0.08958333333333333 0.08055555555555556
0 0.4777777777777778 0.1951388888888889 0.1361111111111111 0.11527777777777778
0 0.5972222222222222 0.3763888888888889 0.06388888888888888 0.022222222222222223
0 0.5715277777777777 0.30833333333333335 0.08611111111111111 0.11527777777777778
0 0.775 0.13819444444444445 0.05555555555555555 0.049305555555555554
0 0.6902777777777778 0.16944444444444445 0.08263888888888889 0.08263888888888889
0 0.5777777777777777 0.17083333333333334 0.03958333333333333 0.05694444444444444
0 0.6381944444444444 0.1361111111111111 0.05416666666666667 0.05694444444444444
0 0.8340277777777778 0.23333333333333334 0.034027777777777775 0.05625
0 0.22013888888888888 0.8381944444444445 0.14305555555555555 0.13055555555555556
0 0.2326388888888889 0.9409722222222222 0.2986111111111111 0.11527777777777778
0 0.32430555555555557 0.8722222222222222 0.1125 0.0875
0 0.31180555555555556 0.7805555555555556 0.034722222222222224 0.08541666666666667
0 0.15 0.6576388888888889 0.08263888888888889 0.1326388888888889
0 0.10902777777777778 0.8145833333333333 0.06666666666666667 0.07291666666666667
0 0.017361111111111112 0.7506944444444444 0.034722222222222224 0.17083333333333334
0 0.04236111111111111 0.8340277777777778 0.08472222222222223 0.07361111111111111
0 0.018055555555555554 0.9680555555555556 0.03611111111111111 0.06111111111111111
0 0.016666666666666666 0.9083333333333333 0.03333333333333333 0.12222222222222222
0 0.05 0.8895833333333333 0.05694444444444444 0.09027777777777778
0 0.2722222222222222 0.7069444444444445 0.09791666666666667 0.11597222222222223
0 0.25277777777777777 0.6423611111111112 0.06736111111111111 0.06111111111111111
0 0.37430555555555556 0.7743055555555556 0.06805555555555555 0.1875
0 0.23819444444444443 0.7534722222222222 0.12152777777777778 0.12638888888888888
0 0.3923611111111111 0.9076388888888889 0.03194444444444444 0.1125
0 0.17083333333333334 0.45416666666666666 0.0625 0.075
0 0.09861111111111111 0.4236111111111111 0.07777777777777778 0.06944444444444445
0 0.8444444444444444 0.9708333333333333 0.24166666666666667 0.05555555555555555