0 0.34375 0.15416666666666667 0.6875 0.30833333333333335
0 0.8277777777777777 0.11041666666666666 0.05 0.06736111111111111
0 0.9236111111111112 0.2708333333333333 0.15 0.075
0 0.78125 0.16041666666666668 0.17708333333333334 0.12916666666666668
0 0.9659722222222222 0.03680555555555556 0.06527777777777778 0.07361111111111111
0 0.8451388888888889 0.04861111111111111 0.08472222222222223 0.09722222222222222
0 0.8958333333333334 0.10694444444444444 0.10694444444444444 0.14930555555555555
0 0.7652777777777777 0.05277777777777778 0.08819444444444445 0.09722222222222222
0 0.40347222222222223 0.6006944444444444 0.5680555555555555 0.5819444444444445
0 0.90625 0.9229166666666667 0.13194444444444445 0.15138888888888888
0 0.9868055555555556 0.8618055555555556 0.02361111111111111 0.09305555555555556
0 0.8118055555555556 0.6493055555555556 0.24583333333333332 0.5319444444444444
0 0.90625 0.46319444444444446 0.18472222222222223 0.30694444444444446