0 0.37569444444444444 0.19375 0.2652777777777778 0.3875
0 0.325 0.3333333333333333 0.36666666666666664 0.25
0 0.06111111111111111 0.3784722222222222 0.12222222222222222 0.1597222222222222
0 0.08819444444444445 0.25972222222222224 0.09930555555555555 0.14305555555555555
0 0.15555555555555556 0.1284722222222222 0.3111111111111111 0.2569444444444444
0 0.6513888888888889 0.31875 0.2833333333333333 0.2791666666666667
0 0.6520833333333333 0.40347222222222223 0.2847222222222222 0.10972222222222222
0 0.9 0.1423611111111111 0.19722222222222222 0.2847222222222222
0 0.65 0.09791666666666667 0.28055555555555556 0.19583333333333333
0 0.3458333333333333 0.8229166666666666 0.20972222222222223 0.24583333333333332
0 0.052083333333333336 0.6236111111111111 0.10416666666666667 0.3277777777777778
0 0.39652777777777776 0.9145833333333333 0.18194444444444444 0.16805555555555557
0 0.46597222222222223 0.6291666666666667 0.08472222222222223 0.33055555555555555
0 0.10208333333333333 0.9340277777777778 0.20416666666666666 0.12916666666666668
0 0.21875 0.5784722222222223 0.2263888888888889 0.2375
0 0.3645833333333333 0.5520833333333334 0.09027777777777778 0.18472222222222223
0 0.475 0.8430555555555556 0.06666666666666667 0.25277777777777777
0 0.07847222222222222 0.49722222222222223 0.11527777777777778 0.075
0 0.7541666666666667 0.7291666666666666 0.4888888888888889 0.5388888888888889