0 0.25555555555555554 0.034027777777777775 0.14166666666666666 0.06805555555555555
0 0.11388888888888889 0.04722222222222222 0.11666666666666667 0.09444444444444444
0 0.44375 0.03263888888888889 0.06805555555555555 0.06527777777777778
0 0.41458333333333336 0.2125 0.12638888888888888 0.10277777777777777
0 0.43125 0.09305555555555556 0.09305555555555556 0.11944444444444445
0 0.7388888888888889 0.13194444444444445 0.5194444444444445 0.2638888888888889
0 0.7388888888888889 0.04375 0.5194444444444445 0.0875
0 0.35694444444444445 0.37430555555555556 0.14444444444444443 0.10833333333333334
0 0.2388888888888889 0.6083333333333333 0.4777777777777778 0.5972222222222222
0 0.10347222222222222 0.7888888888888889 0.20694444444444443 0.41944444444444445
0 0.9347222222222222 0.8277777777777777 0.12777777777777777 0.3416666666666667
0 0.6520833333333333 0.8680555555555556 0.3458333333333333 0.2611111111111111
0 0.6152777777777778 0.9291666666666667 0.14722222222222223 0.1388888888888889
0 0.8229166666666666 0.9548611111111112 0.2013888888888889 0.0875
0 0.7923611111111111 0.43333333333333335 0.2361111111111111 0.13194444444444445
0 0.9416666666666667 0.5048611111111111 0.11388888888888889 0.3263888888888889
0 0.8534722222222222 0.5923611111111111 0.12569444444444444 0.1798611111111111
0 0.5875 0.6194444444444445 0.21666666666666667 0.3277777777777778
0 0.7145833333333333 0.6291666666666667 0.18055555555555555 0.2263888888888889
0 0.8652777777777778 0.33194444444444443 0.11388888888888889 0.044444444444444446
0 0.8138888888888889 0.7340277777777777 0.13194444444444445 0.2611111111111111
0 0.6451388888888889 0.7347222222222223 0.09722222222222222 0.1375
0 0.9791666666666666 0.34375 0.03888888888888889 0.06805555555555555