0 0.3138888888888889 0.16180555555555556 0.18888888888888888 0.3236111111111111
0 0.10208333333333333 0.2743055555555556 0.20416666666666666 0.5486111111111112
0 0.20416666666666666 0.4423611111111111 0.4083333333333333 0.2125
0 0.6395833333333333 0.5291666666666667 0.09027777777777778 0.03888888888888889
0 0.6715277777777777 0.425 0.07708333333333334 0.10347222222222222
0 0.8013888888888889 0.4875 0.058333333333333334 0.059722222222222225
0 0.7868055555555555 0.5319444444444444 0.05138888888888889 0.03333333333333333
0 0.7118055555555556 0.5368055555555555 0.13472222222222222 0.02361111111111111
0 0.90625 0.4826388888888889 0.18472222222222223 0.13194444444444445
0 0.5708333333333333 0.5291666666666667 0.06111111111111111 0.03888888888888889
0 0.7784722222222222 0.37083333333333335 0.08958333333333333 0.06944444444444445
0 0.7270833333333333 0.33958333333333335 0.06180555555555556 0.07847222222222222
0 0.7770833333333333 0.2972222222222222 0.06666666666666667 0.07222222222222222
0 0.85625 0.3486111111111111 0.08125 0.09652777777777778
0 0.9069444444444444 0.35833333333333334 0.03333333333333333 0.052083333333333336
0 0.9347222222222222 0.33194444444444443 0.035416666666666666 0.06111111111111111
0 0.96875 0.2222222222222222 0.059722222222222225 0.05277777777777778
0 0.4666666666666667 0.37083333333333335 0.11388888888888889 0.06111111111111111
0 0.5722222222222222 0.3173611111111111 0.1423611111111111 0.1
0 0.5090277777777777 0.46875 0.19583333333333333 0.1597222222222222
0 0.9569444444444445 0.29097222222222224 0.08333333333333333 0.11527777777777778
0 0.9118055555555555 0.22847222222222222 0.04652777777777778 0.059722222222222225
0 0.7305555555555555 0.27152777777777776 0.04583333333333333 0.05555555555555555
0 0.66875 0.26319444444444445 0.08333333333333333 0.052083333333333336
0 0.20416666666666666 0.7694444444444445 0.4083333333333333 0.4388888888888889
0 0.6090277777777777 0.8791666666666667 0.39861111111111114 0.2388888888888889
0 0.8354166666666667 0.6097222222222223 0.13055555555555556 0.09652777777777778
0 0.9215277777777777 0.7291666666666666 0.15416666666666667 0.33611111111111114
0 0.9236111111111112 0.9465277777777777 0.15 0.10416666666666667
0 0.49722222222222223 0.6388888888888888 0.175 0.17777777777777778
0 0.5194444444444445 0.80625 0.21944444444444444 0.2125
0 0.6569444444444444 0.6194444444444445 0.22777777777777777 0.1388888888888889