0 0.19652777777777777 0.22777777777777777 0.39305555555555555 0.45555555555555555
0 0.42986111111111114 0.11388888888888889 0.2375 0.22777777777777777
0 0.44305555555555554 0.4736111111111111 0.2111111111111111 0.06944444444444445
0 0.8361111111111111 0.17083333333333334 0.09097222222222222 0.0625
0 0.8493055555555555 0.2 0.12083333333333333 0.07152777777777777
0 0.8944444444444445 0.16527777777777777 0.029166666666666667 0.03194444444444444
0 0.7194444444444444 0.46805555555555556 0.059722222222222225 0.05277777777777778
0 0.8868055555555555 0.3888888888888889 0.059027777777777776 0.06597222222222222
0 0.8513888888888889 0.3541666666666667 0.05694444444444444 0.05138888888888889
0 0.9694444444444444 0.4166666666666667 0.058333333333333334 0.06666666666666667
0 0.8048611111111111 0.40694444444444444 0.06388888888888888 0.09375
0 0.6631944444444444 0.2326388888888889 0.035416666666666666 0.05486111111111111
0 0.6284722222222222 0.47430555555555554 0.03888888888888889 0.04375
0 0.6534722222222222 0.4736111111111111 0.05 0.05555555555555555
0 0.5576388888888889 0.3472222222222222 0.015277777777777777 0.03333333333333333
0 0.5611111111111111 0.3215277777777778 0.022222222222222223 0.02361111111111111
0 0.5680555555555555 0.29375 0.034027777777777775 0.03680555555555556
0 0.9756944444444444 0.26875 0.027083333333333334 0.05347222222222222
0 0.7965277777777777 0.4701388888888889 0.07013888888888889 0.058333333333333334
0 0.9388888888888889 0.4979166666666667 0.11944444444444445 0.020833333333333332
0 0.5659722222222222 0.06319444444444444 0.03194444444444444 0.04027777777777778
0 0.5631944444444444 0.09930555555555555 0.02638888888888889 0.0875
0 0.6083333333333333 0.4409722222222222 0.11666666666666667 0.07916666666666666
0 0.7013888888888888 0.37777777777777777 0.08611111111111111 0.10416666666666667
0 0.7958333333333333 0.2826388888888889 0.05138888888888889 0.05694444444444444
0 0.7576388888888889 0.2777777777777778 0.025694444444444443 0.03194444444444444
0 0.5833333333333334 0.3875 0.06666666666666667 0.075
0 0.6215277777777778 0.3111111111111111 0.075 0.06458333333333334
0 0.6083333333333333 0.2916666666666667 0.059722222222222225 0.06111111111111111
0 0.8854166666666666 0.4826388888888889 0.10138888888888889 0.05138888888888889
0 0.6444444444444445 0.3763888888888889 0.030555555555555555 0.025694444444444443
0 0.65625 0.3506944444444444 0.052083333333333336 0.03819444444444445
0 0.6888888888888889 0.28888888888888886 0.03680555555555556 0.041666666666666664
0 0.6395833333333333 0.2659722222222222 0.06736111111111111 0.04861111111111111
0 0.6875 0.20625 0.03263888888888889 0.04652777777777778
0 0.73125 0.28125 0.027083333333333334 0.022222222222222223
0 0.7541666666666667 0.22916666666666666 0.03958333333333333 0.027083333333333334
0 0.9180555555555555 0.20208333333333334 0.027083333333333334 0.029861111111111113
0 0.7145833333333333 0.30625 0.020833333333333332 0.0375
0 0.8256944444444444 0.2590277777777778 0.027777777777777776 0.04375
0 0.9097222222222222 0.13402777777777777 0.02638888888888889 0.030555555555555555
0 0.9159722222222222 0.4479166666666667 0.15555555555555556 0.08541666666666667
0 0.7326388888888888 0.2548611111111111 0.025694444444444443 0.03263888888888889
0 0.29930555555555555 0.7479166666666667 0.4986111111111111 0.47638888888888886
0 0.6854166666666667 0.675 0.2708333333333333 0.33055555555555555
0 0.8777777777777778 0.6270833333333333 0.24166666666666667 0.23472222222222222
0 0.7743055555555556 0.8569444444444444 0.4486111111111111 0.2833333333333333