0 0.13541666666666666 0.1375 0.2708333333333333 0.275
0 0.24444444444444444 0.5159722222222223 0.11944444444444445 0.08472222222222223
0 0.26944444444444443 0.33402777777777776 0.09236111111111112 0.15833333333333333
0 0.05555555555555555 0.40069444444444446 0.1111111111111111 0.31527777777777777
0 0.1597222222222222 0.32916666666666666 0.14444444444444443 0.21041666666666667
0 0.1125 0.5402777777777777 0.07777777777777778 0.03611111111111111
0 0.44722222222222224 0.5506944444444445 0.06944444444444445 0.015277777777777777
0 0.3416666666666667 0.5243055555555556 0.06111111111111111 0.06805555555555555
0 0.2833333333333333 0.06944444444444445 0.10625 0.12152777777777778
0 0.4284722222222222 0.4152777777777778 0.18680555555555556 0.19305555555555556
0 0.17916666666666667 0.4076388888888889 0.13541666666666666 0.11597222222222223
0 0.4701388888888889 0.16666666666666666 0.35694444444444445 0.3333333333333333
0 0.58125 0.39444444444444443 0.13472222222222222 0.18888888888888888
0 0.1625 0.4777777777777778 0.10833333333333334 0.12083333333333333
0 0.55 0.5 0.175 0.11666666666666667
0 0.7576388888888889 0.2152777777777778 0.2152777777777778 0.4305555555555556
0 0.8277777777777777 0.2791666666666667 0.3416666666666667 0.5583333333333333
0 0.08819444444444445 0.8430555555555556 0.1763888888888889 0.29444444444444445
0 0.12430555555555556 0.5909722222222222 0.13472222222222222 0.0625
0 0.05347222222222222 0.5680555555555555 0.09027777777777778 0.016666666666666666
0 0.23819444444444443 0.9395833333333333 0.16805555555555557 0.11805555555555555
0 0.5534722222222223 0.5875 0.19027777777777777 0.05555555555555555
0 0.33055555555555555 0.7166666666666667 0.09930555555555555 0.1111111111111111
0 0.16041666666666668 0.65 0.20972222222222223 0.12152777777777778
0 0.5659722222222222 0.8979166666666667 0.16527777777777777 0.2013888888888889
0 0.5006944444444444 0.7590277777777777 0.04722222222222222 0.05625
0 0.4979166666666667 0.6881944444444444 0.044444444444444446 0.034027777777777775
0 0.5763888888888888 0.6430555555555556 0.075 0.08472222222222223
0 0.3229166666666667 0.5770833333333333 0.20972222222222223 0.034722222222222224
0 0.024305555555555556 0.6277777777777778 0.04861111111111111 0.06944444444444445
0 0.2847222222222222 0.5923611111111111 0.07430555555555556 0.05138888888888889
0 0.3388888888888889 0.5909722222222222 0.04861111111111111 0.035416666666666666
0 0.4013888888888889 0.6069444444444444 0.10277777777777777 0.09444444444444444
0 0.6138888888888889 0.61875 0.06944444444444445 0.10416666666666667
0 0.5854166666666667 0.7326388888888888 0.12638888888888888 0.16527777777777777
0 0.29444444444444445 0.7569444444444444 0.06736111111111111 0.06597222222222222
0 0.1951388888888889 0.7541666666666667 0.1326388888888889 0.10972222222222222
0 0.28055555555555556 0.8138888888888889 0.11875 0.08125
0 0.07430555555555556 0.9645833333333333 0.1486111111111111 0.06805555555555555
0 0.6638888888888889 0.85 0.027777777777777776 0.09722222222222222
0 0.8819444444444444 0.6916666666666667 0.07222222222222222 0.0875
0 0.9270833333333334 0.6180555555555556 0.03680555555555556 0.03194444444444444
0 0.9534722222222223 0.6472222222222223 0.06944444444444445 0.059722222222222225
0 0.9069444444444444 0.9097222222222222 0.18333333333333332 0.17777777777777778
0 0.9645833333333333 0.7694444444444445 0.06805555555555555 0.06666666666666667
0 0.9576388888888889 0.6979166666666666 0.0375 0.052083333333333336
0 0.9715277777777778 0.8111111111111111 0.05416666666666667 0.044444444444444446
0 0.9708333333333333 0.6055555555555555 0.05555555555555555 0.06111111111111111
0 0.675 0.6784722222222223 0.05 0.06527777777777778
0 0.9930555555555556 0.6486111111111111 0.011111111111111112 0.03888888888888889
0 0.7180555555555556 0.8263888888888888 0.09791666666666667 0.10208333333333333
0 0.7 0.8479166666666667 0.06944444444444445 0.059027777777777776
0 0.8305555555555556 0.8770833333333333 0.1125 0.09027777777777778
0 0.9020833333333333 0.5861111111111111 0.0875 0.05277777777777778
0 0.8236111111111111 0.6194444444444445 0.07152777777777777 0.09652777777777778
0 0.7243055555555555 0.7736111111111111 0.035416666666666666 0.03611111111111111
0 0.6777777777777778 0.6333333333333333 0.03263888888888889 0.035416666666666666
0 0.6736111111111112 0.6 0.03194444444444444 0.03333333333333333