0 0.20902777777777778 0.4388888888888889 0.3375 0.03888888888888889
0 0.10208333333333333 0.2861111111111111 0.20416666666666666 0.34444444444444444
0 0.20416666666666666 0.04861111111111111 0.225 0.09722222222222222
0 0.3715277777777778 0.22916666666666666 0.4930555555555556 0.4583333333333333
0 0.9048611111111111 0.07777777777777778 0.04513888888888889 0.06944444444444445
0 0.9638888888888889 0.11458333333333333 0.06944444444444445 0.11527777777777778
0 0.94375 0.23125 0.0375 0.024305555555555556
0 0.8486111111111111 0.22916666666666666 0.15694444444444444 0.16041666666666668
0 0.8465277777777778 0.05486111111111111 0.07708333333333334 0.09722222222222222
0 0.8756944444444444 0.02638888888888889 0.05138888888888889 0.05277777777777778
0 0.9819444444444444 0.18055555555555555 0.03333333333333333 0.08888888888888889
0 0.9270833333333334 0.05763888888888889 0.029861111111111113 0.027083333333333334
0 0.8548611111111111 0.42291666666666666 0.11805555555555555 0.07083333333333333
0 0.7652777777777777 0.07569444444444444 0.16944444444444445 0.15138888888888888
0 0.8833333333333333 0.12152777777777778 0.05763888888888889 0.04236111111111111
0 0.9395833333333333 0.18680555555555556 0.06041666666666667 0.06527777777777778
0 0.7576388888888889 0.39305555555555555 0.12638888888888888 0.13055555555555556
0 0.95625 0.043055555555555555 0.08472222222222223 0.08611111111111111
0 0.6604166666666667 0.2652777777777778 0.05763888888888889 0.09305555555555556
0 0.9173611111111111 0.3451388888888889 0.1625 0.2263888888888889
0 0.7034722222222223 0.21041666666666667 0.06041666666666667 0.05625
0 0.93125 0.14375 0.10555555555555556 0.09513888888888888
0 0.6909722222222222 0.1388888888888889 0.06875 0.09375
0 0.8291666666666667 0.14097222222222222 0.1284722222222222 0.07916666666666666
0 0.6354166666666666 0.10833333333333334 0.03194444444444444 0.044444444444444446
0 0.66875 0.23958333333333334 0.05347222222222222 0.06875
0 0.7097222222222223 0.24305555555555555 0.029166666666666667 0.05486111111111111
0 0.12708333333333333 0.4965277777777778 0.08472222222222223 0.07361111111111111
0 0.5916666666666667 0.8493055555555555 0.05277777777777778 0.09027777777777778
0 0.09791666666666667 0.9854166666666667 0.10138888888888889 0.02638888888888889
0 0.4027777777777778 0.5034722222222222 0.07083333333333333 0.07847222222222222
0 0.34791666666666665 0.4840277777777778 0.04861111111111111 0.04861111111111111
0 0.3416666666666667 0.5291666666666667 0.05625 0.05138888888888889
0 0.2861111111111111 0.5375 0.05625 0.07777777777777778
0 0.02638888888888889 0.8729166666666667 0.05277777777777778 0.07361111111111111
0 0.16041666666666668 0.8916666666666667 0.05416666666666667 0.08888888888888889
0 0.05763888888888889 0.7076388888888889 0.06180555555555556 0.05416666666666667
0 0.14652777777777778 0.7409722222222223 0.06458333333333334 0.07916666666666666
0 0.19027777777777777 0.6868055555555556 0.04375 0.06319444444444444
0 0.2076388888888889 0.6256944444444444 0.06180555555555556 0.08541666666666667
0 0.25 0.6777777777777778 0.06805555555555555 0.05694444444444444
0 0.3055555555555556 0.7847222222222222 0.05486111111111111 0.09166666666666666
0 0.35 0.8284722222222223 0.058333333333333334 0.058333333333333334
0 0.4361111111111111 0.7652777777777777 0.05347222222222222 0.03958333333333333
0 0.6027777777777777 0.8034722222222223 0.030555555555555555 0.09305555555555556
0 0.09236111111111112 0.8895833333333333 0.05694444444444444 0.07361111111111111
0 0.5104166666666666 0.7951388888888888 0.06666666666666667 0.043055555555555555
0 0.3763888888888889 0.7840277777777778 0.09722222222222222 0.08125
0 0.4513888888888889 0.5625 0.07291666666666667 0.07361111111111111
0 0.40625 0.6090277777777777 0.0625 0.10138888888888889
0 0.5125 0.8493055555555555 0.05694444444444444 0.07291666666666667
0 0.5652777777777778 0.8111111111111111 0.06527777777777778 0.1
0 0.4736111111111111 0.8861111111111111 0.08958333333333333 0.0798611111111111
0 0.4215277777777778 0.8680555555555556 0.05277777777777778 0.08888888888888889
0 0.34652777777777777 0.875 0.09791666666666667 0.06111111111111111
0 0.23472222222222222 0.8979166666666667 0.08055555555555556 0.08125
0 0.23472222222222222 0.7958333333333333 0.10416666666666667 0.13819444444444445
0 0.3090277777777778 0.9493055555555555 0.0875 0.09861111111111111
0 0.2263888888888889 0.9611111111111111 0.12222222222222222 0.075
0 0.1625 0.6270833333333333 0.06597222222222222 0.06111111111111111
0 0.16180555555555556 0.7986111111111112 0.06041666666666667 0.052083333333333336
0 0.12986111111111112 0.9465277777777777 0.09027777777777778 0.10416666666666667
0 0.14375 0.8520833333333333 0.10833333333333334 0.06736111111111111
0 0.5902777777777778 0.9701388888888889 0.05555555555555555 0.05694444444444444
0 0.525 0.6305555555555555 0.050694444444444445 0.04097222222222222
0 0.04722222222222222 0.5604166666666667 0.09444444444444444 0.08194444444444444
0 0.09375 0.6118055555555556 0.14722222222222223 0.12152777777777778
0 0.3215277777777778 0.7159722222222222 0.14722222222222223 0.09166666666666666
0 0.4305555555555556 0.7277777777777777 0.075 0.07222222222222222
0 0.4986111111111111 0.7347222222222223 0.075 0.07569444444444444
0 0.5333333333333333 0.6847222222222222 0.0625 0.07083333333333333
0 0.5784722222222223 0.7451388888888889 0.07916666666666666 0.07361111111111111
0 0.12083333333333333 0.6958333333333333 0.10208333333333333 0.09513888888888888
0 0.07916666666666666 0.7770833333333333 0.09652777777777778 0.09444444444444444
0 0.4465277777777778 0.8215277777777777 0.06875 0.0625
0 0.5284722222222222 0.4909722222222222 0.17083333333333334 0.0625
0 0.5076388888888889 0.5194444444444445 0.05486111111111111 0.0625
0 0.9409722222222222 0.69375 0.11527777777777778 0.46805555555555556
0 0.7854166666666667 0.7020833333333333 0.33194444444444443 0.4236111111111111
0 0.9083333333333333 0.9180555555555555 0.18055555555555555 0.16111111111111112
0 0.7166666666666667 0.9819444444444444 0.19444444444444445 0.03333333333333333
0 0.8388888888888889 0.5472222222222223 0.2388888888888889 0.175