0 0.3159722222222222 0.31875 0.16527777777777777 0.6375
0 0.1638888888888889 0.45069444444444445 0.3277777777777778 0.3736111111111111
0 0.19930555555555557 0.18125 0.39861111111111114 0.3625
0 0.8770833333333333 0.3541666666666667 0.22569444444444445 0.26458333333333334
0 0.5090277777777777 0.15833333333333333 0.21805555555555556 0.31666666666666665
0 0.9166666666666666 0.47291666666666665 0.1638888888888889 0.22083333333333333
0 0.5840277777777778 0.4861111111111111 0.28055555555555556 0.16458333333333333
0 0.7395833333333334 0.10902777777777778 0.24305555555555555 0.21805555555555556
0 0.8979166666666667 0.08194444444444444 0.09861111111111111 0.1638888888888889
0 0.5909722222222222 0.022916666666666665 0.12638888888888888 0.04583333333333333
0 0.38819444444444445 0.9708333333333333 0.020833333333333332 0.03611111111111111
0 0.03680555555555556 0.8340277777777778 0.07361111111111111 0.10138888888888889
0 0.1798611111111111 0.6638888888888889 0.15138888888888888 0.05
0 0.13194444444444445 0.8756944444444444 0.016666666666666666 0.021527777777777778
0 0.28125 0.9798611111111111 0.07083333333333333 0.0375
0 0.125 0.8618055555555556 0.08611111111111111 0.06597222222222222
0 0.027777777777777776 0.7375 0.05555555555555555 0.08611111111111111
0 0.6833333333333333 0.81875 0.5666666666666667 0.3597222222222222
0 0.5236111111111111 0.7583333333333333 0.24722222222222223 0.2388888888888889