0 0.013194444444444444 0.19444444444444445 0.02638888888888889 0.1361111111111111
0 0.20972222222222223 0.23333333333333334 0.37569444444444444 0.20625
0 0.09097222222222222 0.0763888888888889 0.18194444444444444 0.1527777777777778
0 0.6611111111111111 0.3458333333333333 0.07222222222222222 0.2833333333333333
0 0.5826388888888889 0.40625 0.07222222222222222 0.09305555555555556
0 0.5104166666666666 0.38819444444444445 0.0763888888888889 0.10138888888888889
0 0.35208333333333336 0.4270833333333333 0.23472222222222222 0.2013888888888889
0 0.17708333333333334 0.3923611111111111 0.3541666666666667 0.2708333333333333
0 0.7104166666666667 0.32013888888888886 0.02361111111111111 0.07083333333333333
0 0.9111111111111111 0.49166666666666664 0.175 0.07222222222222222
0 0.9298611111111111 0.03333333333333333 0.10138888888888889 0.06666666666666667
0 0.9923611111111111 0.17222222222222222 0.0125 0.06388888888888888
0 0.9722222222222222 0.13194444444444445 0.05138888888888889 0.05555555555555555
0 0.8979166666666667 0.2513888888888889 0.05 0.04513888888888889
0 0.9680555555555556 0.3402777777777778 0.06111111111111111 0.08055555555555556
0 0.9159722222222222 0.32013888888888886 0.043055555555555555 0.059722222222222225
0 0.8743055555555556 0.35138888888888886 0.10555555555555556 0.09930555555555555
0 0.8347222222222223 0.4263888888888889 0.07291666666666667 0.08125
0 0.90625 0.4465277777777778 0.07152777777777777 0.07013888888888889
0 0.9736111111111111 0.4888888888888889 0.05 0.07777777777777778
0 0.9597222222222223 0.034027777777777775 0.07777777777777778 0.06805555555555555
0 0.5986111111111111 0.7493055555555556 0.19722222222222222 0.44027777777777777
0 0.08125 0.5881944444444445 0.1625 0.11805555555555555
0 0.33402777777777776 0.7638888888888888 0.5791666666666667 0.46944444444444444
0 0.8472222222222222 0.7895833333333333 0.22569444444444445 0.15625
0 0.8722222222222222 0.8833333333333333 0.15 0.11527777777777778
0 0.8319444444444445 0.58125 0.03611111111111111 0.03819444444444445
0 0.7340277777777777 0.7048611111111112 0.05625 0.09166666666666666
0 0.7076388888888889 0.6375 0.018055555555555554 0.044444444444444446
0 0.7215277777777778 0.5666666666666667 0.04583333333333333 0.05555555555555555
0 0.7083333333333334 0.7819444444444444 0.019444444444444445 0.12777777777777777
0 0.9027777777777778 0.5777777777777777 0.1 0.09722222222222222
0 0.825 0.5472222222222223 0.09444444444444444 0.03611111111111111
0 0.8888888888888888 0.6423611111111112 0.05347222222222222 0.07291666666666667
0 0.9604166666666667 0.6354166666666666 0.0763888888888889 0.06805555555555555
0 0.7881944444444444 0.5548611111111111 0.0763888888888889 0.05138888888888889