0 0.06666666666666667 0.4625 0.13333333333333333 0.23055555555555557
0 0.29930555555555555 0.28888888888888886 0.5986111111111111 0.5777777777777777
0 0.6875 0.2986111111111111 0.175 0.3277777777777778
0 0.6861111111111111 0.4625 0.17222222222222222 0.23055555555555557
0 0.8090277777777778 0.14652777777777778 0.37916666666666665 0.29305555555555557
0 0.8576388888888888 0.3486111111111111 0.28194444444444444 0.4583333333333333
0 0.26666666666666666 0.8986111111111111 0.1111111111111111 0.12083333333333333
0 0.36875 0.8368055555555556 0.0798611111111111 0.058333333333333334
0 0.41041666666666665 0.8944444444444445 0.11319444444444444 0.07152777777777777
0 0.11180555555555556 0.8006944444444445 0.16180555555555556 0.13194444444444445
0 0.1361111111111111 0.9236111111111112 0.1527777777777778 0.15
0 0.4798611111111111 0.8826388888888889 0.041666666666666664 0.04861111111111111
0 0.24444444444444444 0.7034722222222223 0.07430555555555556 0.050694444444444445
0 0.4263888888888889 0.8513888888888889 0.04583333333333333 0.05625
0 0.017361111111111112 0.9708333333333333 0.034722222222222224 0.05555555555555555
0 0.9472222222222222 0.7888888888888889 0.10277777777777777 0.41944444444444445
0 0.7993055555555556 0.8715277777777778 0.39861111111111114 0.25416666666666665
0 0.7659722222222223 0.6777777777777778 0.33194444444444443 0.19722222222222222