0 0.29097222222222224 0.3125 0.5819444444444445 0.49166666666666664
0 0.5791666666666667 0.4354166666666667 0.07777777777777778 0.24583333333333332
0 0.2611111111111111 0.12083333333333333 0.43333333333333335 0.24166666666666667
0 0.54375 0.2111111111111111 0.1486111111111111 0.4222222222222222
0 0.7361111111111112 0.38055555555555554 0.15555555555555556 0.35555555555555557
0 0.8784722222222222 0.4625 0.17916666666666667 0.19166666666666668
0 0.7097222222222223 0.11597222222222223 0.18055555555555555 0.23194444444444445
0 0.8854166666666666 0.22083333333333333 0.2263888888888889 0.44166666666666665
0 0.06875 0.8576388888888888 0.1375 0.28194444444444444
0 0.4791666666666667 0.7791666666666667 0.2777777777777778 0.4388888888888889
0 0.2048611111111111 0.7506944444444444 0.4097222222222222 0.3819444444444444
0 0.8090277777777778 0.89375 0.37916666666666665 0.20972222222222223