0 0.4388888888888889 0.38958333333333334 0.49722222222222223 0.2763888888888889
0 0.49583333333333335 0.1638888888888889 0.37777777777777777 0.3277777777777778
0 0.6201388888888889 0.28888888888888886 0.13472222222222222 0.4777777777777778
0 0.19305555555555556 0.2638888888888889 0.3861111111111111 0.5277777777777778
0 0.3090277777777778 0.03888888888888889 0.4263888888888889 0.07777777777777778
0 0.7847222222222222 0.12569444444444444 0.19166666666666668 0.2513888888888889
0 0.84375 0.35625 0.30972222222222223 0.34305555555555556
0 0.39444444444444443 0.8020833333333334 0.22083333333333333 0.36180555555555555
0 0.10208333333333333 0.8506944444444444 0.20416666666666666 0.29583333333333334
0 0.5458333333333333 0.8465277777777778 0.2833333333333333 0.30416666666666664
0 0.28194444444444444 0.9402777777777778 0.19722222222222222 0.11666666666666667
0 0.28402777777777777 0.58125 0.20416666666666666 0.10416666666666667
0 0.5125 0.6270833333333333 0.2611111111111111 0.19583333333333333
0 0.14027777777777778 0.6631944444444444 0.28055555555555556 0.26805555555555555
0 0.21666666666666667 0.7743055555555556 0.175 0.3548611111111111
0 0.9618055555555556 0.6694444444444444 0.07361111111111111 0.28055555555555556
0 0.8638888888888889 0.8902777777777777 0.26944444444444443 0.21666666666666667
0 0.84375 0.7236111111111111 0.30972222222222223 0.3888888888888889