0 0.21875 0.1638888888888889 0.4375 0.3277777777777778
0 0.8652777777777778 0.09861111111111111 0.16666666666666666 0.19722222222222222
0 0.6659722222222222 0.1625 0.24027777777777778 0.325
0 0.5027777777777778 0.1076388888888889 0.12777777777777777 0.2152777777777778
0 0.5409722222222222 0.23333333333333334 0.20416666666666666 0.18888888888888888
0 0.7756944444444445 0.2388888888888889 0.2152777777777778 0.17777777777777778
0 0.3736111111111111 0.38333333333333336 0.12777777777777777 0.10277777777777777
0 0.09236111111111112 0.675 0.18472222222222223 0.19166666666666668
0 0.2423611111111111 0.39444444444444443 0.1125 0.13055555555555556
0 0.3541666666666667 0.8340277777777778 0.06666666666666667 0.08611111111111111
0 0.2881944444444444 0.8173611111111111 0.07083333333333333 0.09375
0 0.14166666666666666 0.8729166666666667 0.2152777777777778 0.225
0 0.07152777777777777 0.8479166666666667 0.14305555555555555 0.3013888888888889
0 0.4826388888888889 0.6361111111111111 0.0875 0.15
0 0.8819444444444444 0.61875 0.04513888888888889 0.06666666666666667
0 0.8625 0.6826388888888889 0.03680555555555556 0.04861111111111111
0 0.7423611111111111 0.5583333333333333 0.05555555555555555 0.1284722222222222
0 0.6694444444444444 0.39375 0.03680555555555556 0.030555555555555555
0 0.8805555555555555 0.525 0.05347222222222222 0.044444444444444446
0 0.8965277777777778 0.5486111111111112 0.05138888888888889 0.034027777777777775
0 0.5430555555555555 0.5701388888888889 0.10277777777777777 0.08680555555555555
0 0.9618055555555556 0.6041666666666666 0.022916666666666665 0.024305555555555556
0 0.8354166666666667 0.5875 0.05347222222222222 0.0625
0 0.5375 0.6326388888888889 0.04722222222222222 0.04375
0 0.6388888888888888 0.5618055555555556 0.02361111111111111 0.029861111111111113
0 0.9486111111111111 0.7090277777777778 0.1 0.09861111111111111
0 0.6229166666666667 0.85 0.21388888888888888 0.16458333333333333
0 0.49722222222222223 0.7430555555555556 0.06875 0.08541666666666667
0 0.6368055555555555 0.6034722222222222 0.05555555555555555 0.04097222222222222
0 0.6465277777777778 0.7506944444444444 0.2375 0.27708333333333335