0 0.08055555555555556 0.04236111111111111 0.16111111111111112 0.08472222222222223
0 0.13055555555555556 0.4131944444444444 0.13194444444444445 0.21736111111111112
0 0.22083333333333333 0.6486111111111111 0.35 0.25833333333333336
0 0.15833333333333333 0.1486111111111111 0.10277777777777777 0.17708333333333334
0 0.2847222222222222 0.6076388888888888 0.06041666666666667 0.09444444444444444
0 0.058333333333333334 0.14305555555555555 0.11666666666666667 0.2361111111111111
0 0.013888888888888888 0.4048611111111111 0.027777777777777776 0.09027777777777778
0 0.46875 0.5819444444444445 0.1375 0.39166666666666666
0 0.36875 0.5736111111111111 0.12361111111111112 0.14652777777777778
0 0.35555555555555557 0.4131944444444444 0.07569444444444444 0.06180555555555556
0 0.2388888888888889 0.36527777777777776 0.06597222222222222 0.08541666666666667
0 0.33611111111111114 0.23958333333333334 0.2076388888888889 0.2152777777777778
0 0.06666666666666667 0.23055555555555557 0.13333333333333333 0.13055555555555556
0 0.36041666666666666 0.07361111111111111 0.3541666666666667 0.14722222222222223
0 0.4840277777777778 0.21736111111111112 0.10694444444444444 0.20972222222222223
0 0.39861111111111114 0.48125 0.0763888888888889 0.09305555555555556
0 0.05 0.30972222222222223 0.1 0.1361111111111111
0 0.45555555555555555 0.36180555555555555 0.1638888888888889 0.1875
0 0.8291666666666667 0.5381944444444444 0.3388888888888889 0.4791666666666667
0 0.6368055555555555 0.5791666666666667 0.19583333333333333 0.3972222222222222
0 0.8583333333333333 0.7444444444444445 0.28055555555555556 0.06666666666666667
0 0.8263888888888888 0.04583333333333333 0.2388888888888889 0.09166666666666666
0 0.6375 0.05555555555555555 0.19722222222222222 0.1111111111111111
0 0.8569444444444444 0.16944444444444445 0.2833333333333333 0.3388888888888889
0 0.6305555555555555 0.3020833333333333 0.18333333333333332 0.4152777777777778
0 0.4125 0.8173611111111111 0.09166666666666666 0.0763888888888889
0 0.20416666666666666 0.8888888888888888 0.19444444444444445 0.21944444444444444
0 0.5 0.8888888888888888 0.075 0.21944444444444444
0 0.3861111111111111 0.8888888888888888 0.23333333333333334 0.21944444444444444
0 0.05555555555555555 0.8888888888888888 0.1111111111111111 0.21944444444444444
0 0.7770833333333333 0.8888888888888888 0.42083333333333334 0.21944444444444444