0 0.29375 0.3541666666666667 0.5875 0.36666666666666664
0 0.4083333333333333 0.18680555555555556 0.35833333333333334 0.3375
0 0.14166666666666666 0.08819444444444445 0.2111111111111111 0.1763888888888889
0 0.6972222222222222 0.42569444444444443 0.21666666666666667 0.22361111111111112
0 0.8229166666666666 0.17569444444444443 0.35138888888888886 0.35138888888888886
0 0.8930555555555556 0.3923611111111111 0.2111111111111111 0.2902777777777778
0 0.5472222222222223 0.5951388888888889 0.08055555555555556 0.1125
0 0.4951388888888889 0.5527777777777778 0.0875 0.027777777777777776
0 0.10069444444444445 0.66875 0.04722222222222222 0.06875
0 0.14305555555555555 0.6736111111111112 0.049305555555555554 0.04652777777777778
0 0.3020833333333333 0.7416666666666667 0.13055555555555556 0.10833333333333334
0 0.3590277777777778 0.6145833333333334 0.11527777777777778 0.10972222222222222
0 0.16666666666666666 0.5631944444444444 0.06388888888888888 0.04861111111111111
0 0.20972222222222223 0.56875 0.041666666666666664 0.050694444444444445
0 0.05138888888888889 0.8909722222222223 0.10277777777777777 0.08472222222222223
0 0.022222222222222223 0.9451388888888889 0.044444444444444446 0.07361111111111111
0 0.075 0.9770833333333333 0.05555555555555555 0.043055555555555555
0 0.37916666666666665 0.7930555555555555 0.034722222222222224 0.03680555555555556
0 0.4236111111111111 0.9083333333333333 0.035416666666666666 0.05555555555555555
0 0.3763888888888889 0.9243055555555556 0.06180555555555556 0.11527777777777778
0 0.4618055555555556 0.6222222222222222 0.08194444444444444 0.06736111111111111
0 0.3326388888888889 0.8118055555555556 0.041666666666666664 0.04027777777777778
0 0.20833333333333334 0.6458333333333334 0.06319444444444444 0.05138888888888889
0 0.5159722222222223 0.90625 0.10277777777777777 0.09652777777777778
0 0.2708333333333333 0.8256944444444444 0.08402777777777778 0.09791666666666667
0 0.2625 0.6625 0.06388888888888888 0.050694444444444445
0 0.15347222222222223 0.9340277777777778 0.15694444444444444 0.12916666666666668
0 0.2743055555555556 0.5756944444444444 0.07430555555555556 0.07291666666666667
0 0.3236111111111111 0.66875 0.052083333333333336 0.05486111111111111
0 0.5145833333333333 0.8277777777777777 0.05138888888888889 0.04722222222222222
0 0.4798611111111111 0.8201388888888889 0.05 0.06805555555555555
0 0.043055555555555555 0.7777777777777778 0.07291666666666667 0.1
0 0.13402777777777777 0.8944444444444445 0.030555555555555555 0.05138888888888889
0 0.25069444444444444 0.9472222222222222 0.05138888888888889 0.06597222222222222
0 0.4486111111111111 0.5715277777777777 0.05277777777777778 0.05138888888888889
0 0.6972222222222222 0.6131944444444445 0.21666666666666667 0.1486111111111111
0 0.7777777777777778 0.9416666666666667 0.11944444444444445 0.11388888888888889
0 0.8027777777777778 0.7451388888888889 0.09236111111111112 0.15833333333333333
0 0.6930555555555555 0.7402777777777778 0.14444444444444443 0.21041666666666667
0 0.6458333333333334 0.9666666666666667 0.07777777777777778 0.06388888888888888
0 0.9722222222222222 0.9763888888888889 0.05277777777777778 0.044444444444444446
0 0.875 0.9395833333333333 0.059722222222222225 0.0763888888888889
0 0.9333333333333333 0.8277777777777777 0.13055555555555556 0.19444444444444445
0 0.7125 0.81875 0.13541666666666666 0.11597222222222223
0 0.9118055555555555 0.6409722222222223 0.1736111111111111 0.20416666666666666
0 0.6958333333333333 0.8888888888888888 0.10833333333333334 0.12083333333333333