0 0.38472222222222224 0.32430555555555557 0.26666666666666666 0.5791666666666667
0 0.2590277777777778 0.44930555555555557 0.5180555555555556 0.5763888888888888
0 0.2590277777777778 0.10833333333333334 0.5180555555555556 0.21666666666666667
0 0.9819444444444444 0.3145833333333333 0.03333333333333333 0.1125
0 0.9201388888888888 0.3541666666666667 0.15694444444444444 0.18888888888888888
0 0.6166666666666667 0.45 0.19444444444444445 0.3
0 0.8875 0.5368055555555555 0.2222222222222222 0.4013888888888889
0 0.6722222222222223 0.6381944444444444 0.25555555555555554 0.1986111111111111
0 0.7951388888888888 0.22430555555555556 0.40694444444444444 0.4486111111111111
0 0.60625 0.1763888888888889 0.1736111111111111 0.3527777777777778
0 0.9791666666666666 0.21597222222222223 0.03888888888888889 0.2125
0 0.2590277777777778 0.86875 0.5180555555555556 0.25972222222222224
0 0.9090277777777778 0.86875 0.17916666666666667 0.25972222222222224
0 0.7013888888888888 0.86875 0.3638888888888889 0.25972222222222224