0 0.3729166666666667 0.38680555555555557 0.19027777777777777 0.2013888888888889
0 0.15138888888888888 0.3784722222222222 0.30277777777777776 0.21805555555555556
0 0.38958333333333334 0.25763888888888886 0.15694444444444444 0.41805555555555557
0 0.175 0.24375 0.35 0.4875
0 0.5638888888888889 0.2951388888888889 0.17916666666666667 0.24305555555555555
0 0.7770833333333333 0.14166666666666666 0.2708333333333333 0.2833333333333333
0 0.8958333333333334 0.2388888888888889 0.20555555555555555 0.4777777777777778
0 0.5881944444444445 0.07916666666666666 0.2375 0.15833333333333333
0 0.3263888888888889 0.9347222222222222 0.20277777777777778 0.12777777777777777
0 0.04027777777777778 0.6388888888888888 0.08055555555555556 0.3
0 0.35555555555555557 0.6902777777777778 0.225 0.4027777777777778
0 0.18263888888888888 0.7069444444444445 0.33194444444444443 0.4361111111111111
0 0.02013888888888889 0.8659722222222223 0.04027777777777778 0.2652777777777778
0 0.7236111111111111 0.6805555555555556 0.09791666666666667 0.10972222222222222
0 0.9326388888888889 0.5756944444444444 0.04861111111111111 0.05555555555555555
0 0.8159722222222222 0.49444444444444446 0.04583333333333333 0.011111111111111112
0 0.4930555555555556 0.9486111111111111 0.04722222222222222 0.1
0 0.9194444444444444 0.6256944444444444 0.09513888888888888 0.08333333333333333
0 0.8090277777777778 0.6430555555555556 0.07013888888888889 0.06527777777777778
0 0.5291666666666667 0.7013888888888888 0.09444444444444444 0.11388888888888889
0 0.98125 0.5319444444444444 0.034722222222222224 0.05555555555555555
0 0.8 0.5263888888888889 0.059027777777777776 0.06458333333333334
0 0.6069444444444444 0.7006944444444444 0.05555555555555555 0.07291666666666667
0 0.4826388888888889 0.7604166666666666 0.02638888888888889 0.09305555555555556
0 0.7972222222222223 0.8597222222222223 0.09027777777777778 0.06458333333333334
0 0.6965277777777777 0.8243055555555555 0.06736111111111111 0.06319444444444444
0 0.6034722222222222 0.7708333333333334 0.10555555555555556 0.07708333333333334
0 0.7409722222222223 0.9166666666666666 0.20833333333333334 0.11805555555555555
0 0.8041666666666667 0.7861111111111111 0.08680555555555555 0.07430555555555556
0 0.8083333333333333 0.7069444444444445 0.05763888888888889 0.08888888888888889
0 0.5423611111111111 0.6444444444444445 0.08055555555555556 0.08263888888888889
0 0.49444444444444446 0.5534722222222223 0.05 0.08194444444444444
0 0.5840277777777778 0.5888888888888889 0.0375 0.06180555555555556
0 0.5479166666666667 0.5506944444444445 0.05 0.06597222222222222
0 0.5763888888888888 0.5173611111111112 0.05486111111111111 0.05
0 0.9756944444444444 0.6430555555555556 0.04583333333333333 0.06388888888888888
0 0.8659722222222223 0.6840277777777778 0.0798611111111111 0.06597222222222222
0 0.4756944444444444 0.6645833333333333 0.0125 0.05138888888888889
0 0.5944444444444444 0.6361111111111111 0.06319444444444444 0.06736111111111111
0 0.6180555555555556 0.6076388888888888 0.05416666666666667 0.08333333333333333
0 0.6048611111111111 0.5402777777777777 0.05763888888888889 0.052083333333333336