0 0.13402777777777777 0.15416666666666667 0.26805555555555555 0.30833333333333335
0 0.7361111111111112 0.15416666666666667 0.525 0.30833333333333335
0 0.43125 0.05416666666666667 0.12916666666666668 0.10833333333333334
0 0.4270833333333333 0.24444444444444444 0.1736111111111111 0.12777777777777777
0 0.1111111111111111 0.7680555555555556 0.2222222222222222 0.4583333333333333
0 0.21319444444444444 0.7673611111111112 0.10972222222222222 0.4625
0 0.21458333333333332 0.42569444444444443 0.10694444444444444 0.23194444444444445
0 0.11875 0.5465277777777777 0.2375 0.4736111111111111
0 0.5729166666666666 0.7722222222222223 0.23125 0.17152777777777778
0 0.9527777777777777 0.8027777777777778 0.09166666666666666 0.19444444444444445
0 0.4097222222222222 0.4986111111111111 0.15625 0.21388888888888888
0 0.3298611111111111 0.8604166666666667 0.12083333333333333 0.26805555555555555
0 0.27847222222222223 0.9777777777777777 0.018055555555555554 0.041666666666666664
0 0.8944444444444445 0.7881944444444444 0.0625 0.05763888888888889
0 0.8791666666666667 0.8618055555555556 0.049305555555555554 0.07361111111111111
0 0.8243055555555555 0.7743055555555556 0.034722222222222224 0.052083333333333336
0 0.9895833333333334 0.5861111111111111 0.018055555555555554 0.05555555555555555
0 0.8666666666666667 0.4909722222222222 0.06111111111111111 0.08958333333333333
0 0.74375 0.5368055555555555 0.09930555555555555 0.05763888888888889
0 0.6875 0.8048611111111111 0.06944444444444445 0.059027777777777776
0 0.9541666666666667 0.63125 0.08888888888888889 0.10555555555555556
0 0.8173611111111111 0.6298611111111111 0.06458333333333334 0.08333333333333333
0 0.8666666666666667 0.6583333333333333 0.09027777777777778 0.08055555555555556
0 0.4673611111111111 0.9465277777777777 0.09236111111111112 0.05763888888888889
0 0.5590277777777778 0.9506944444444444 0.049305555555555554 0.06527777777777778
0 0.36527777777777776 0.6777777777777778 0.12638888888888888 0.11736111111111111
0 0.49930555555555556 0.6604166666666667 0.1597222222222222 0.07847222222222222
0 0.6395833333333333 0.6034722222222222 0.16666666666666666 0.11388888888888889
0 0.6722222222222223 0.9923611111111111 0.075 0.0125
0 0.6041666666666666 0.9777777777777777 0.06666666666666667 0.041666666666666664
0 0.6444444444444445 0.95 0.12152777777777778 0.08472222222222223
0 0.6395833333333333 0.8569444444444444 0.0625 0.08055555555555556
0 0.7930555555555555 0.8375 0.11527777777777778 0.07569444444444444
0 0.7159722222222222 0.8555555555555555 0.09722222222222222 0.08194444444444444
0 0.7756944444444445 0.7972222222222223 0.06319444444444444 0.04236111111111111
0 0.75 0.7180555555555556 0.08611111111111111 0.11666666666666667
0 0.8006944444444445 0.8909722222222223 0.14375 0.11597222222222223
0 0.8381944444444445 0.95 0.23472222222222222 0.09722222222222222
0 0.9548611111111112 0.5465277777777777 0.05625 0.049305555555555554
0 0.8694444444444445 0.5777777777777777 0.08333333333333333 0.08333333333333333
0 0.75625 0.5791666666666667 0.03958333333333333 0.05694444444444444
0 0.8173611111111111 0.54375 0.05486111111111111 0.05763888888888889
0 0.9638888888888889 0.9090277777777778 0.06944444444444445 0.04861111111111111