0 0.18819444444444444 0.13958333333333334 0.3763888888888889 0.2791666666666667
0 0.40555555555555556 0.3680555555555556 0.1638888888888889 0.20833333333333334
0 0.052083333333333336 0.26875 0.10416666666666667 0.5375
0 0.28402777777777777 0.4791666666666667 0.40694444444444444 0.11666666666666667
0 0.6256944444444444 0.07361111111111111 0.07708333333333334 0.09027777777777778
0 0.84375 0.47708333333333336 0.15138888888888888 0.12083333333333333
0 0.7409722222222223 0.13125 0.20902777777777778 0.13333333333333333
0 0.9659722222222222 0.34375 0.06527777777777778 0.12916666666666668
0 0.9513888888888888 0.22430555555555556 0.09444444444444444 0.15138888888888888
0 0.5159722222222223 0.5173611111111112 0.05416666666666667 0.04027777777777778
0 0.5006944444444444 0.3659722222222222 0.02361111111111111 0.0763888888888889
0 0.5152777777777777 0.2076388888888889 0.04861111111111111 0.11597222222222223
0 0.5729166666666666 0.3173611111111111 0.030555555555555555 0.04583333333333333
0 0.5284722222222222 0.3111111111111111 0.030555555555555555 0.022916666666666665
0 0.5430555555555555 0.28055555555555556 0.05347222222222222 0.06944444444444445
0 0.6159722222222223 0.4625 0.1486111111111111 0.15
0 0.5305555555555556 0.42291666666666666 0.03194444444444444 0.03194444444444444
0 0.6055555555555555 0.37083333333333335 0.07083333333333333 0.08611111111111111
0 0.7722222222222223 0.30972222222222223 0.3451388888888889 0.39166666666666666
0 0.5 0.4791666666666667 0.022222222222222223 0.058333333333333334
0 0.10416666666666667 0.6777777777777778 0.03611111111111111 0.025
0 0.16111111111111112 0.7583333333333333 0.029861111111111113 0.025
0 0.20069444444444445 0.78125 0.03194444444444444 0.02361111111111111
0 0.3541666666666667 0.6145833333333334 0.0798611111111111 0.06666666666666667
0 0.15625 0.6180555555555556 0.03680555555555556 0.03819444444444445
0 0.3298611111111111 0.9881944444444445 0.06805555555555555 0.020833333333333332
0 0.41041666666666665 0.9840277777777777 0.09305555555555556 0.029166666666666667
0 0.25555555555555554 0.975 0.10277777777777777 0.04722222222222222
0 0.27847222222222223 0.9020833333333333 0.027083333333333334 0.03680555555555556
0 0.1840277777777778 0.8513888888888889 0.034027777777777775 0.0375
0 0.14722222222222223 0.9076388888888889 0.021527777777777778 0.03333333333333333
0 0.006944444444444444 0.9715277777777778 0.013888888888888888 0.05416666666666667
0 0.14375 0.9888888888888889 0.05416666666666667 0.019444444444444445
0 0.1840277777777778 0.9673611111111111 0.04861111111111111 0.0625
0 0.19652777777777777 0.8131944444444444 0.04583333333333333 0.043055555555555555
0 0.33819444444444446 0.7875 0.1763888888888889 0.1638888888888889
0 0.40902777777777777 0.7527777777777778 0.0875 0.10138888888888889
0 0.40555555555555556 0.8638888888888889 0.05625 0.04236111111111111
0 0.4722222222222222 0.9736111111111111 0.030555555555555555 0.05
0 0.12430555555555556 0.8611111111111112 0.0625 0.08055555555555556
0 0.24027777777777778 0.7243055555555555 0.06041666666666667 0.06041666666666667
0 0.14444444444444443 0.7208333333333333 0.03958333333333333 0.029166666666666667
0 0.21736111111111112 0.9159722222222222 0.11805555555555555 0.12361111111111112
0 0.31875 0.68125 0.12013888888888889 0.06736111111111111
0 0.36875 0.9090277777777778 0.08194444444444444 0.09166666666666666
0 0.6756944444444445 0.6458333333333334 0.29305555555555557 0.21388888888888888
0 0.9006944444444445 0.7534722222222222 0.19583333333333333 0.42916666666666664
0 0.6048611111111111 0.7590277777777777 0.23194444444444445 0.2763888888888889
0 0.7361111111111112 0.8388888888888889 0.13055555555555556 0.18472222222222223
0 0.5819444444444445 0.8972222222222223 0.18611111111111112 0.20277777777777778
0 0.8333333333333334 0.9645833333333333 0.3111111111111111 0.06805555555555555