0 0.44722222222222224 0.3020833333333333 0.08055555555555556 0.22916666666666666
0 0.14027777777777778 0.13541666666666666 0.28055555555555556 0.2708333333333333
0 0.2513888888888889 0.40625 0.24444444444444444 0.12361111111111112
0 0.38472222222222224 0.09236111111111112 0.20555555555555555 0.18472222222222223
0 0.05625 0.2673611111111111 0.1125 0.4013888888888889
0 0.2569444444444444 0.017361111111111112 0.10833333333333334 0.034722222222222224
0 0.8645833333333334 0.23402777777777778 0.26805555555555555 0.46805555555555556
0 0.6118055555555556 0.3923611111111111 0.24583333333333332 0.15138888888888888
0 0.7354166666666667 0.19305555555555556 0.3347222222222222 0.2604166666666667
0 0.25416666666666665 0.7340277777777777 0.4666666666666667 0.5291666666666667
0 0.14791666666666667 0.8423611111111111 0.29583333333333334 0.3125
0 0.74375 0.6291666666666667 0.5097222222222222 0.3194444444444444
0 0.9847222222222223 0.8201388888888889 0.027777777777777776 0.35138888888888886
0 0.5576388888888889 0.7680555555555556 0.1375 0.46111111111111114
0 0.7930555555555555 0.8784722222222222 0.375 0.24027777777777778