0 0.10555555555555556 0.04791666666666667 0.2111111111111111 0.09583333333333334
0 0.3423611111111111 0.32916666666666666 0.35138888888888886 0.6583333333333333
0 0.2590277777777778 0.5409722222222222 0.5180555555555556 0.23472222222222222
0 0.12569444444444444 0.24791666666666667 0.2513888888888889 0.44027777777777777
0 0.6222222222222222 0.47638888888888886 0.20555555555555555 0.21944444444444444
0 0.5520833333333334 0.12916666666666668 0.06527777777777778 0.12222222222222222
0 0.5666666666666667 0.18680555555555556 0.07152777777777777 0.06597222222222222
0 0.9916666666666667 0.2791666666666667 0.013888888888888888 0.022222222222222223
0 0.9402777777777778 0.2798611111111111 0.11666666666666667 0.0763888888888889
0 0.7048611111111112 0.10486111111111111 0.08402777777777778 0.08819444444444445
0 0.8159722222222222 0.03263888888888889 0.059027777777777776 0.05625
0 0.7833333333333333 0.025694444444444443 0.1111111111111111 0.05138888888888889
0 0.9659722222222222 0.21388888888888888 0.06527777777777778 0.05555555555555555
0 0.9305555555555556 0.16527777777777777 0.07013888888888889 0.07708333333333334
0 0.5361111111111111 0.25833333333333336 0.03333333333333333 0.09166666666666666
0 0.6208333333333333 0.05486111111111111 0.16180555555555556 0.1076388888888889
0 0.9541666666666667 0.08819444444444445 0.08888888888888889 0.10972222222222222
0 0.6340277777777777 0.6416666666666667 0.12083333333333333 0.03333333333333333
0 0.8618055555555556 0.44305555555555554 0.27361111111111114 0.3388888888888889
0 0.7951388888888888 0.2298611111111111 0.11875 0.11875
0 0.9618055555555556 0.5708333333333333 0.07361111111111111 0.10277777777777777
0 0.7333333333333333 0.6166666666666667 0.09166666666666666 0.08333333333333333
0 0.9493055555555555 0.6256944444444444 0.09861111111111111 0.06527777777777778
0 0.11805555555555555 0.9159722222222222 0.225 0.16527777777777777
0 0.225 0.8291666666666667 0.28055555555555556 0.3388888888888889
0 0.08263888888888889 0.7340277777777777 0.16527777777777777 0.1486111111111111
0 0.425 0.8513888888888889 0.18611111111111112 0.29444444444444445
0 0.9284722222222223 0.9152777777777777 0.14027777777777778 0.16666666666666666
0 0.8479166666666667 0.8291666666666667 0.3013888888888889 0.3388888888888889
0 0.6958333333333333 0.8673611111111111 0.3527777777777778 0.2625
0 0.6263888888888889 0.7138888888888889 0.21388888888888888 0.10833333333333334