0 0.11388888888888889 0.5430555555555555 0.22777777777777777 0.15
0 0.22708333333333333 0.059027777777777776 0.18194444444444444 0.11805555555555555
0 0.049305555555555554 0.07847222222222222 0.09861111111111111 0.15694444444444444
0 0.12638888888888888 0.325 0.25277777777777777 0.48333333333333334
0 0.13472222222222222 0.6611111111111111 0.24722222222222223 0.09444444444444444
0 0.27361111111111114 0.17291666666666666 0.08888888888888889 0.21805555555555556
0 0.25555555555555554 0.41388888888888886 0.07916666666666666 0.08194444444444444
0 0.28541666666666665 0.2534722222222222 0.06527777777777778 0.12083333333333333
0 0.025694444444444443 0.6611111111111111 0.05138888888888889 0.09444444444444444
0 0.2847222222222222 0.32569444444444445 0.06666666666666667 0.12638888888888888
0 0.7902777777777777 0.48819444444444443 0.4166666666666667 0.44027777777777777
0 0.42430555555555555 0.5701388888888889 0.20972222222222223 0.21805555555555556
0 0.4979166666666667 0.6229166666666667 0.1875 0.17083333333333334
0 0.8152777777777778 0.6694444444444444 0.36666666666666664 0.07777777777777778
0 0.7972222222222223 0.05486111111111111 0.26944444444444443 0.10972222222222222
0 0.5631944444444444 0.11666666666666667 0.22361111111111112 0.23333333333333334
0 0.3638888888888889 0.09583333333333334 0.08888888888888889 0.19166666666666668
0 0.9381944444444444 0.14930555555555555 0.12083333333333333 0.2986111111111111
0 0.75 0.3236111111111111 0.3548611111111111 0.3819444444444444
0 0.45208333333333334 0.325 0.2652777777777778 0.36666666666666664
0 0.12361111111111112 0.8729166666666667 0.24722222222222223 0.2513888888888889
0 0.22152777777777777 0.8326388888888889 0.19305555555555556 0.24583333333333332
0 0.7729166666666667 0.8194444444444444 0.041666666666666664 0.07569444444444444
0 0.8173611111111111 0.7444444444444445 0.06805555555555555 0.06944444444444445
0 0.7090277777777778 0.8166666666666667 0.06666666666666667 0.08888888888888889
0 0.8326388888888889 0.86875 0.15138888888888888 0.1763888888888889
0 0.5305555555555556 0.8375 0.06666666666666667 0.06736111111111111
0 0.8777777777777778 0.94375 0.11666666666666667 0.10972222222222222
0 0.9625 0.9201388888888888 0.07222222222222222 0.09027777777777778
0 0.44375 0.9569444444444445 0.12916666666666668 0.08333333333333333
0 0.34097222222222223 0.9729166666666667 0.043055555555555555 0.05138888888888889
0 0.7104166666666667 0.7284722222222222 0.0875 0.0375
0 0.6361111111111111 0.7555555555555555 0.07430555555555556 0.06944444444444445
0 0.32569444444444445 0.8916666666666667 0.0125 0.08611111111111111
0 0.5180555555555556 0.7222222222222222 0.06944444444444445 0.025
0 0.5722222222222222 0.9326388888888889 0.1388888888888889 0.13194444444444445