0 0.47152777777777777 0.05763888888888889 0.33194444444444443 0.11527777777777778
0 0.4097222222222222 0.20555555555555555 0.45555555555555555 0.4111111111111111
0 0.08402777777777778 0.29375 0.16805555555555557 0.5875
0 0.3104166666666667 0.50625 0.6208333333333333 0.1625
0 0.7486111111111111 0.02013888888888889 0.06666666666666667 0.04027777777777778
0 0.8298611111111112 0.34305555555555556 0.19791666666666666 0.2263888888888889
0 0.9423611111111111 0.5569444444444445 0.1125 0.06111111111111111
0 0.6868055555555556 0.2777777777777778 0.09583333333333334 0.21666666666666667
0 0.7548611111111111 0.4951388888888889 0.23194444444444445 0.18472222222222223
0 0.8111111111111111 0.20069444444444445 0.14791666666666667 0.20833333333333334
0 0.81875 0.034027777777777775 0.08194444444444444 0.06805555555555555
0 0.9020833333333333 0.49722222222222223 0.09305555555555556 0.10694444444444444
0 0.9590277777777778 0.4791666666666667 0.07916666666666666 0.10833333333333334
0 0.9708333333333333 0.08680555555555555 0.04652777777777778 0.06527777777777778
0 0.4895833333333333 0.9069444444444444 0.29583333333333334 0.18333333333333332
0 0.23333333333333334 0.8784722222222222 0.4666666666666667 0.24027777777777778
0 0.31875 0.79375 0.6375 0.4097222222222222
0 0.8819444444444444 0.9486111111111111 0.043055555555555555 0.07916666666666666
0 0.9284722222222223 0.8527777777777777 0.06875 0.10555555555555556
0 0.8159722222222222 0.9458333333333333 0.06944444444444445 0.09236111111111112
0 0.7888888888888889 0.6118055555555556 0.041666666666666664 0.04583333333333333
0 0.7361111111111112 0.6055555555555555 0.058333333333333334 0.03333333333333333
0 0.9319444444444445 0.6041666666666666 0.04722222222222222 0.030555555555555555
0 0.9319444444444445 0.9534722222222223 0.13333333333333333 0.09027777777777778
0 0.6527777777777778 0.6458333333333334 0.027777777777777776 0.05277777777777778
0 0.6527777777777778 0.9652777777777778 0.027777777777777776 0.06666666666666667
0 0.6756944444444445 0.6902777777777778 0.07361111111111111 0.04722222222222222
0 0.8666666666666667 0.6430555555555556 0.11527777777777778 0.1076388888888889
0 0.8173611111111111 0.8013888888888889 0.08888888888888889 0.14166666666666666
0 0.7402777777777778 0.8826388888888889 0.07708333333333334 0.07152777777777777
0 0.6465277777777778 0.8034722222222223 0.015277777777777777 0.1125
0 0.8513888888888889 0.6881944444444444 0.05763888888888889 0.05625
0 0.6784722222222223 0.6069444444444444 0.06805555555555555 0.03611111111111111
0 0.9611111111111111 0.6409722222222223 0.07013888888888889 0.06180555555555556