0 0.24027777777777778 0.2590277777777778 0.48055555555555557 0.5180555555555556
0 0.5888888888888889 0.26666666666666666 0.06805555555555555 0.06388888888888888
0 0.5090277777777777 0.12916666666666668 0.018055555555555554 0.075
0 0.55 0.1875 0.1 0.13333333333333333
0 0.75 0.425 0.13680555555555557 0.16944444444444445
0 0.5673611111111111 0.36944444444444446 0.13472222222222222 0.15
0 0.9145833333333333 0.33125 0.16805555555555557 0.2791666666666667
0 0.7027777777777777 0.1597222222222222 0.1673611111111111 0.12013888888888889
0 0.6333333333333333 0.09791666666666667 0.052083333333333336 0.052083333333333336
0 0.575 0.05347222222222222 0.05763888888888889 0.052083333333333336
0 0.7 0.31666666666666665 0.06388888888888888 0.044444444444444446
0 0.8236111111111111 0.11666666666666667 0.35 0.23333333333333334
0 0.3958333333333333 0.7631944444444444 0.05 0.03125
0 0.17916666666666667 0.5770833333333333 0.035416666666666666 0.034722222222222224
0 0.16041666666666668 0.5326388888888889 0.034722222222222224 0.02638888888888889
0 0.029861111111111113 0.8722222222222222 0.059722222222222225 0.08611111111111111
0 0.33541666666666664 0.9388888888888889 0.15138888888888888 0.11944444444444445
0 0.17291666666666666 0.8888888888888888 0.11041666666666666 0.10694444444444444
0 0.18263888888888888 0.6229166666666667 0.049305555555555554 0.05694444444444444
0 0.11458333333333333 0.6430555555555556 0.034722222222222224 0.04652777777777778
0 0.2569444444444444 0.8611111111111112 0.04722222222222222 0.03888888888888889
0 0.3784722222222222 0.6597222222222222 0.19652777777777777 0.18611111111111112
0 0.2972222222222222 0.83125 0.025694444444444443 0.02847222222222222
0 0.2625 0.9333333333333333 0.05277777777777778 0.05347222222222222
0 0.09791666666666667 0.9625 0.05416666666666667 0.07222222222222222
0 0.3034722222222222 0.8722222222222222 0.018055555555555554 0.034722222222222224
0 0.33055555555555555 0.8868055555555555 0.04652777777777778 0.043055555555555555
0 0.4895833333333333 0.7472222222222222 0.018055555555555554 0.03888888888888889
0 0.4777777777777778 0.8354166666666667 0.04027777777777778 0.05138888888888889
0 0.2763888888888889 0.6604166666666667 0.07916666666666666 0.07916666666666666
0 0.10972222222222222 0.94375 0.034027777777777775 0.029166666666666667
0 0.010416666666666666 0.8284722222222223 0.020833333333333332 0.04027777777777778
0 0.10833333333333334 0.7041666666666667 0.04375 0.03263888888888889
0 0.25763888888888886 0.7854166666666667 0.02847222222222222 0.03263888888888889
0 0.0625 0.8236111111111111 0.04652777777777778 0.03611111111111111
0 0.2423611111111111 0.7097222222222223 0.07152777777777777 0.12916666666666668
0 0.02013888888888889 0.7194444444444444 0.04027777777777778 0.058333333333333334
0 0.2520833333333333 0.6138888888888889 0.04375 0.03888888888888889
0 0.007638888888888889 0.6430555555555556 0.015277777777777777 0.03333333333333333
0 0.12777777777777777 0.7951388888888888 0.03680555555555556 0.05138888888888889
0 0.06111111111111111 0.5381944444444444 0.04375 0.034722222222222224
0 0.09236111111111112 0.5298611111111111 0.043055555555555555 0.020833333333333332
0 0.18472222222222223 0.5423611111111111 0.058333333333333334 0.04583333333333333
0 0.02013888888888889 0.9861111111111112 0.04027777777777778 0.025
0 0.09930555555555555 0.5743055555555555 0.04861111111111111 0.03958333333333333
0 0.09791666666666667 0.8777777777777778 0.075 0.05694444444444444
0 0.32013888888888886 0.8069444444444445 0.044444444444444446 0.034722222222222224
0 0.35 0.8534722222222222 0.06458333333333334 0.06527777777777778
0 0.13333333333333333 0.7291666666666666 0.03958333333333333 0.04791666666666667
0 0.1388888888888889 0.5854166666666667 0.050694444444444445 0.07083333333333333
0 0.19791666666666666 0.81875 0.04722222222222222 0.04722222222222222
0 0.04027777777777778 0.6319444444444444 0.08055555555555556 0.07777777777777778
0 0.11388888888888889 0.6125 0.050694444444444445 0.03611111111111111
0 0.5583333333333333 0.8645833333333334 0.11666666666666667 0.11805555555555555
0 0.5097222222222222 0.9840277777777777 0.019444444444444445 0.02638888888888889
0 0.6736111111111112 0.9604166666666667 0.12777777777777777 0.0763888888888889
0 0.6715277777777777 0.9131944444444444 0.02847222222222222 0.030555555555555555
0 0.6194444444444445 0.8541666666666666 0.06388888888888888 0.08055555555555556
0 0.5930555555555556 0.93125 0.14097222222222222 0.08888888888888889
0 0.5958333333333333 0.8034722222222223 0.030555555555555555 0.022222222222222223
0 0.8770833333333333 0.9909722222222223 0.09583333333333334 0.015277777777777777
0 0.9125 0.8145833333333333 0.06180555555555556 0.1111111111111111
0 0.9895833333333334 0.7986111111111112 0.018055555555555554 0.09166666666666666
0 0.8013888888888889 0.6423611111111112 0.049305555555555554 0.02638888888888889
0 0.7604166666666666 0.9708333333333333 0.07361111111111111 0.05555555555555555
0 0.6618055555555555 0.8770833333333333 0.05138888888888889 0.05763888888888889
0 0.575 0.7840277777777778 0.024305555555555556 0.04236111111111111
0 0.8131944444444444 0.8576388888888888 0.030555555555555555 0.050694444444444445
0 0.9027777777777778 0.8548611111111111 0.06527777777777778 0.06527777777777778
0 0.96875 0.85625 0.059722222222222225 0.0763888888888889
0 0.9118055555555555 0.7375 0.04375 0.06666666666666667
0 0.8645833333333334 0.7472222222222222 0.06388888888888888 0.06875
0 0.7805555555555556 0.6965277777777777 0.05277777777777778 0.10416666666666667
0 0.8854166666666666 0.575 0.14305555555555555 0.10902777777777778
0 0.8541666666666666 0.5513888888888889 0.15555555555555556 0.06388888888888888
0 0.94375 0.5458333333333333 0.041666666666666664 0.04791666666666667
0 0.7381944444444445 0.5868055555555556 0.050694444444444445 0.06458333333333334
0 0.7277777777777777 0.5444444444444444 0.1388888888888889 0.05
0 0.8652777777777778 0.9423611111111111 0.059027777777777776 0.04791666666666667
0 0.8777777777777778 0.9055555555555556 0.07777777777777778 0.07430555555555556
0 0.9486111111111111 0.7833333333333333 0.059722222222222225 0.07152777777777777
0 0.9798611111111111 0.9138888888888889 0.0375 0.044444444444444446
0 0.5270833333333333 0.6104166666666667 0.05416666666666667 0.10138888888888889
0 0.5361111111111111 0.5770833333333333 0.07222222222222222 0.09027777777777778
0 0.65625 0.7736111111111111 0.15694444444444444 0.18958333333333333
0 0.7506944444444444 0.8493055555555555 0.11597222222222223 0.11388888888888889
0 0.9173611111111111 0.9708333333333333 0.059722222222222225 0.05555555555555555
0 0.5131944444444444 0.9395833333333333 0.02638888888888889 0.06805555555555555
0 0.7805555555555556 0.7777777777777778 0.07291666666666667 0.06666666666666667
0 0.9541666666666667 0.7027777777777777 0.05763888888888889 0.09652777777777778
0 0.5465277777777777 0.7715277777777778 0.09305555555555556 0.12916666666666668
0 0.5208333333333334 0.8944444444444445 0.041666666666666664 0.09722222222222222
0 0.7284722222222222 0.9236111111111112 0.09513888888888888 0.09027777777777778
0 0.6013888888888889 0.9826388888888888 0.11388888888888889 0.03194444444444444
0 0.9534722222222223 0.9402777777777778 0.09027777777777778 0.058333333333333334
0 0.8548611111111111 0.8027777777777778 0.06458333333333334 0.05277777777777778
0 0.5993055555555555 0.6756944444444445 0.06319444444444444 0.0375