0 0.3215277777777778 0.3548611111111111 0.29305555555555557 0.4652777777777778
0 0.21388888888888888 0.29375 0.42777777777777776 0.5875
0 0.89375 0.29375 0.06944444444444445 0.043055555555555555
0 0.7354166666666667 0.22847222222222222 0.050694444444444445 0.04375
0 0.9361111111111111 0.10486111111111111 0.04236111111111111 0.050694444444444445
0 0.7895833333333333 0.2777777777777778 0.04236111111111111 0.05
0 0.9548611111111112 0.22777777777777777 0.06944444444444445 0.07361111111111111
0 0.9027777777777778 0.19027777777777777 0.03680555555555556 0.03611111111111111
0 0.7763888888888889 0.24444444444444444 0.035416666666666666 0.04236111111111111
0 0.7333333333333333 0.2569444444444444 0.025694444444444443 0.03125
0 0.8347222222222223 0.049305555555555554 0.03680555555555556 0.0375
0 0.5840277777777778 0.09027777777777778 0.10138888888888889 0.11666666666666667
0 0.99375 0.19930555555555557 0.009722222222222222 0.03194444444444444
0 0.48819444444444443 0.10416666666666667 0.0375 0.05
0 0.6541666666666667 0.5715277777777777 0.075 0.03194444444444444
0 0.4951388888888889 0.18888888888888888 0.05138888888888889 0.1361111111111111
0 0.7875 0.4861111111111111 0.0875 0.10069444444444445
0 0.6493055555555556 0.45416666666666666 0.10555555555555556 0.07152777777777777
0 0.8194444444444444 0.1076388888888889 0.05486111111111111 0.041666666666666664
0 0.7111111111111111 0.4875 0.06666666666666667 0.05555555555555555
0 0.9048611111111111 0.37569444444444444 0.10486111111111111 0.08472222222222223
0 0.6451388888888889 0.5409722222222222 0.0875 0.06805555555555555
0 0.6444444444444445 0.12430555555555556 0.07291666666666667 0.08194444444444444
0 0.7326388888888888 0.3076388888888889 0.04236111111111111 0.050694444444444445
0 0.7076388888888889 0.34444444444444444 0.04027777777777778 0.05763888888888889
0 0.9611111111111111 0.1361111111111111 0.050694444444444445 0.05763888888888889
0 0.5944444444444444 0.23541666666666666 0.043055555555555555 0.03263888888888889
0 0.8743055555555556 0.15625 0.06736111111111111 0.04652777777777778
0 0.8576388888888888 0.43125 0.11805555555555555 0.10069444444444445
0 0.7458333333333333 0.42291666666666666 0.06180555555555556 0.09444444444444444
0 0.8194444444444444 0.3173611111111111 0.07083333333333333 0.07083333333333333
0 0.6722222222222223 0.37569444444444444 0.0763888888888889 0.05694444444444444
0 0.7645833333333333 0.2791666666666667 0.029166666666666667 0.030555555555555555
0 0.9673611111111111 0.41180555555555554 0.0625 0.09861111111111111
0 0.7680555555555556 0.32222222222222224 0.049305555555555554 0.05694444444444444
0 0.8541666666666666 0.2659722222222222 0.07083333333333333 0.059722222222222225
0 0.8743055555555556 0.2388888888888889 0.0798611111111111 0.06319444444444444
0 0.9881944444444445 0.10555555555555556 0.020833333333333332 0.06666666666666667
0 0.9708333333333333 0.05625 0.05555555555555555 0.06527777777777778
0 0.9055555555555556 0.3277777777777778 0.11180555555555556 0.05416666666666667
0 0.6125 0.5243055555555556 0.13333333333333333 0.11388888888888889
0 0.9840277777777777 0.33055555555555555 0.029166666666666667 0.07222222222222222
0 0.9673611111111111 0.27708333333333335 0.04791666666666667 0.07152777777777777
0 0.6451388888888889 0.31666666666666665 0.07430555555555556 0.09236111111111112
0 0.7847222222222222 0.1625 0.05 0.059722222222222225
0 0.8909722222222223 0.09583333333333334 0.04652777777777778 0.041666666666666664
0 0.5743055555555555 0.44375 0.04027777777777778 0.030555555555555555
0 0.9263888888888889 0.45625 0.04375 0.05416666666666667
0 0.84375 0.5694444444444444 0.05138888888888889 0.03819444444444445
0 0.8416666666666667 0.4965277777777778 0.035416666666666666 0.06180555555555556
0 0.06805555555555555 0.7729166666666667 0.0763888888888889 0.05763888888888889
0 0.15902777777777777 0.8125 0.08472222222222223 0.08402777777777778
0 0.43819444444444444 0.9520833333333333 0.059722222222222225 0.08194444444444444
0 0.3638888888888889 0.9138888888888889 0.07916666666666666 0.06805555555555555
0 0.45555555555555555 0.6715277777777777 0.025 0.14027777777777778
0 0.22847222222222222 0.9388888888888889 0.14027777777777778 0.11944444444444445
0 0.12986111111111112 0.9201388888888888 0.12638888888888888 0.12638888888888888
0 0.20902777777777778 0.7590277777777777 0.08125 0.12152777777777778
0 0.2986111111111111 0.8534722222222222 0.06111111111111111 0.07361111111111111
0 0.27708333333333335 0.7881944444444444 0.09375 0.09444444444444444
0 0.2520833333333333 0.6583333333333333 0.04375 0.04583333333333333
0 0.28055555555555556 0.6895833333333333 0.03680555555555556 0.03611111111111111
0 0.2951388888888889 0.6631944444444444 0.041666666666666664 0.06180555555555556
0 0.33541666666666664 0.64375 0.043055555555555555 0.05347222222222222
0 0.40347222222222223 0.6375 0.12916666666666668 0.09722222222222222
0 0.45625 0.7826388888888889 0.02361111111111111 0.12916666666666668
0 0.29305555555555557 0.7368055555555556 0.03888888888888889 0.0763888888888889
0 0.22916666666666666 0.6958333333333333 0.09722222222222222 0.09791666666666667
0 0.08888888888888889 0.8375 0.05694444444444444 0.043055555555555555
0 0.2298611111111111 0.8513888888888889 0.08541666666666667 0.06388888888888888
0 0.15069444444444444 0.6840277777777778 0.06666666666666667 0.09791666666666667
0 0.3138888888888889 0.6006944444444444 0.06111111111111111 0.02361111111111111
0 0.37777777777777777 0.7444444444444445 0.1388888888888889 0.22361111111111112
0 0.044444444444444446 0.95 0.08888888888888889 0.09444444444444444
0 0.01875 0.6131944444444445 0.0375 0.04861111111111111
0 0.22708333333333333 0.6159722222222223 0.05416666666666667 0.05416666666666667
0 0.6972222222222222 0.6222222222222222 0.30277777777777776 0.06666666666666667
0 0.5638888888888889 0.8166666666666667 0.18888888888888888 0.3638888888888889
0 0.8097222222222222 0.79375 0.37777777777777777 0.4097222222222222