0 0.29444444444444445 0.21180555555555555 0.19583333333333333 0.2298611111111111
0 0.3423611111111111 0.31527777777777777 0.16805555555555557 0.1909722222222222
0 0.39444444444444443 0.43125 0.14722222222222223 0.15416666666666667
0 0.4173611111111111 0.09166666666666666 0.10138888888888889 0.18333333333333332
0 0.08125 0.3263888888888889 0.1625 0.14444444444444443
0 0.17569444444444443 0.04652777777777778 0.20972222222222223 0.09305555555555556
0 0.31319444444444444 0.022916666666666665 0.08472222222222223 0.04583333333333333
0 0.42569444444444443 0.23055555555555557 0.08472222222222223 0.2361111111111111
0 0.7340277777777777 0.40208333333333335 0.5291666666666667 0.2125
0 0.7340277777777777 0.25416666666666665 0.5291666666666667 0.5083333333333333
0 0.3451388888888889 0.9361111111111111 0.24583333333333332 0.125
0 0.07152777777777777 0.5951388888888889 0.14305555555555555 0.17083333333333334
0 0.26666666666666666 0.7111111111111111 0.4027777777777778 0.4027777777777778
0 0.11180555555555556 0.8180555555555555 0.22361111111111112 0.3611111111111111
0 0.5479166666666667 0.5194444444444445 0.0375 0.019444444444444445
0 0.9861111111111112 0.56875 0.025 0.059722222222222225
0 0.8256944444444444 0.6090277777777777 0.06875 0.05347222222222222
0 0.9715277777777778 0.7791666666666667 0.05416666666666667 0.044444444444444446
0 0.5034722222222222 0.7361111111111112 0.05763888888888889 0.049305555555555554
0 0.6256944444444444 0.6659722222222222 0.04583333333333333 0.04722222222222222
0 0.7284722222222222 0.7076388888888889 0.06041666666666667 0.04097222222222222
0 0.4875 0.6756944444444445 0.035416666666666666 0.041666666666666664
0 0.7861111111111111 0.6152777777777778 0.09861111111111111 0.0625
0 0.9673611111111111 0.5430555555555555 0.0625 0.06111111111111111
0 0.9666666666666667 0.5208333333333334 0.058333333333333334 0.022222222222222223
0 0.9298611111111111 0.6361111111111111 0.06666666666666667 0.06527777777777778
0 0.5236111111111111 0.9680555555555556 0.10277777777777777 0.06111111111111111
0 0.5125 0.5756944444444444 0.044444444444444446 0.044444444444444446
0 0.8854166666666666 0.7493055555555556 0.09305555555555556 0.09861111111111111
0 0.7486111111111111 0.5319444444444444 0.06388888888888888 0.044444444444444446
0 0.5805555555555556 0.7201388888888889 0.10069444444444445 0.09791666666666667
0 0.56875 0.6666666666666666 0.06388888888888888 0.03263888888888889
0 0.56875 0.6402777777777777 0.04722222222222222 0.041666666666666664
0 0.6486111111111111 0.6333333333333333 0.04652777777777778 0.06736111111111111
0 0.7347222222222223 0.5666666666666667 0.03680555555555556 0.04791666666666667
0 0.49930555555555556 0.6347222222222222 0.059722222222222225 0.11944444444444445
0 0.5631944444444444 0.5388888888888889 0.04236111111111111 0.0375
0 0.5125 0.5173611111111112 0.044444444444444446 0.015277777777777777
0 0.4791666666666667 0.5618055555555556 0.019444444444444445 0.043055555555555555
0 0.6513888888888889 0.5208333333333334 0.03888888888888889 0.022222222222222223