0 0.33402777777777776 0.29444444444444445 0.6680555555555555 0.5888888888888889
0 0.27152777777777776 0.44513888888888886 0.5430555555555555 0.4652777777777778
0 0.7923611111111111 0.6118055555555556 0.24583333333333332 0.13194444444444445
0 0.8340277777777778 0.20208333333333334 0.32916666666666666 0.4041666666666667
0 0.9354166666666667 0.3388888888888889 0.12638888888888888 0.6777777777777778
0 0.6993055555555555 0.24097222222222223 0.059722222222222225 0.3402777777777778
0 0.6305555555555555 0.9527777777777777 0.075 0.09166666666666666
0 0.5083333333333333 0.9631944444444445 0.21944444444444444 0.07083333333333333
0 0.45625 0.8388888888888889 0.4041666666666667 0.3194444444444444
0 0.19027777777777777 0.8388888888888889 0.38055555555555554 0.3194444444444444
0 0.7340277777777777 0.7888888888888889 0.05763888888888889 0.09513888888888888
0 0.7965277777777777 0.9 0.07916666666666666 0.14652777777777778
0 0.6868055555555556 0.7319444444444444 0.034722222222222224 0.10555555555555556
0 0.7340277777777777 0.9 0.07430555555555556 0.1388888888888889
0 0.8138888888888889 0.74375 0.14166666666666666 0.12916666666666668
0 0.6743055555555556 0.8972222222222223 0.009722222222222222 0.15555555555555556
0 0.8513888888888889 0.8986111111111111 0.29444444444444445 0.2
0 0.7944444444444444 0.7097222222222223 0.18611111111111112 0.06111111111111111