0 0.36319444444444443 0.3104166666666667 0.24861111111111112 0.3763888888888889
0 0.24375 0.24930555555555556 0.4875 0.4986111111111111
0 0.6055555555555555 0.26180555555555557 0.09583333333333334 0.07777777777777778
0 0.8340277777777778 0.3972222222222222 0.10972222222222222 0.09652777777777778
0 0.8673611111111111 0.013888888888888888 0.05416666666666667 0.027777777777777776
0 0.7881944444444444 0.20694444444444443 0.044444444444444446 0.06180555555555556
0 0.8847222222222222 0.2222222222222222 0.05555555555555555 0.06388888888888888
0 0.7180555555555556 0.2569444444444444 0.04791666666666667 0.04375
0 0.5236111111111111 0.32083333333333336 0.05694444444444444 0.059027777777777776
0 0.5569444444444445 0.3770833333333333 0.025694444444444443 0.029166666666666667
0 0.93125 0.3729166666666667 0.1 0.10347222222222222
0 0.7909722222222222 0.2673611111111111 0.03958333333333333 0.07777777777777778
0 0.6854166666666667 0.12708333333333333 0.05416666666666667 0.06875
0 0.7611111111111111 0.45555555555555555 0.1361111111111111 0.08611111111111111
0 0.7729166666666667 0.48333333333333334 0.09583333333333334 0.030555555555555555
0 0.9125 0.3951388888888889 0.07083333333333333 0.059722222222222225
0 0.9375 0.3194444444444444 0.03611111111111111 0.03680555555555556
0 0.6513888888888889 0.2881944444444444 0.10694444444444444 0.08611111111111111
0 0.5833333333333334 0.2125 0.06666666666666667 0.03958333333333333
0 0.4986111111111111 0.11180555555555556 0.019444444444444445 0.034722222222222224
0 0.7055555555555556 0.37777777777777777 0.03819444444444445 0.03888888888888889
0 0.6861111111111111 0.30416666666666664 0.04375 0.03125
0 0.6791666666666667 0.4861111111111111 0.05 0.025
0 0.6180555555555556 0.4861111111111111 0.04722222222222222 0.025
0 0.8902777777777777 0.1763888888888889 0.03333333333333333 0.03611111111111111
0 0.8861111111111111 0.1423611111111111 0.03263888888888889 0.034027777777777775
0 0.8263888888888888 0.1527777777777778 0.05347222222222222 0.04652777777777778
0 0.6048611111111111 0.15902777777777777 0.075 0.06875
0 0.10694444444444444 0.9777777777777777 0.05555555555555555 0.041666666666666664
0 0.47708333333333336 0.8208333333333333 0.020833333333333332 0.06666666666666667
0 0.4326388888888889 0.8895833333333333 0.030555555555555555 0.044444444444444446
0 0.32569444444444445 0.8465277777777778 0.04583333333333333 0.05486111111111111
0 0.34652777777777777 0.9694444444444444 0.0763888888888889 0.058333333333333334
0 0.28958333333333336 0.9402777777777778 0.04027777777777778 0.03958333333333333
0 0.15208333333333332 0.9875 0.04027777777777778 0.022222222222222223
0 0.21597222222222223 0.7868055555555555 0.04027777777777778 0.04097222222222222
0 0.40694444444444444 0.95 0.04722222222222222 0.034027777777777775
0 0.1986111111111111 0.85 0.06041666666666667 0.04583333333333333
0 0.46944444444444444 0.9861111111111112 0.03611111111111111 0.025
0 0.024305555555555556 0.86875 0.04861111111111111 0.09027777777777778
0 0.35347222222222224 0.88125 0.05555555555555555 0.06319444444444444
0 0.25833333333333336 0.9034722222222222 0.07361111111111111 0.05138888888888889
0 0.25833333333333336 0.9784722222222222 0.08888888888888889 0.04027777777777778
0 0.40069444444444446 0.8479166666666667 0.05555555555555555 0.07222222222222222
0 0.38333333333333336 0.7930555555555555 0.09583333333333334 0.06944444444444445
0 0.4166666666666667 0.9798611111111111 0.06111111111111111 0.0375
0 0.16111111111111112 0.9097222222222222 0.05486111111111111 0.06527777777777778
0 0.4625 0.9645833333333333 0.05 0.06805555555555555
0 0.27708333333333335 0.8368055555555556 0.050694444444444445 0.04583333333333333
0 0.7548611111111111 0.7791666666666667 0.4875 0.4388888888888889
0 0.5423611111111111 0.6590277777777778 0.10694444444444444 0.31805555555555554