0 0.3159722222222222 0.1736111111111111 0.6319444444444444 0.3472222222222222
0 0.18194444444444444 0.17916666666666667 0.3638888888888889 0.35833333333333334
0 0.7138888888888889 0.06875 0.15 0.1375
0 0.8409722222222222 0.18472222222222223 0.31527777777777777 0.3472222222222222
0 0.5069444444444444 0.7722222222222223 0.16041666666666668 0.24444444444444444
0 0.31319444444444444 0.7722222222222223 0.23472222222222222 0.4527777777777778
0 0.12569444444444444 0.7902777777777777 0.17847222222222223 0.24305555555555555
0 0.025 0.7916666666666666 0.05 0.41388888888888886
0 0.14583333333333334 0.91875 0.2916666666666667 0.1597222222222222
0 0.41944444444444445 0.9243055555555556 0.2111111111111111 0.1486111111111111
0 0.4625 0.5097222222222222 0.3472222222222222 0.3
0 0.14097222222222222 0.5208333333333334 0.28194444444444444 0.32222222222222224
0 0.7645833333333333 0.7402777777777778 0.09791666666666667 0.15
0 0.8520833333333333 0.8472222222222222 0.2569444444444444 0.275
0 0.6597222222222222 0.9680555555555556 0.041666666666666664 0.06111111111111111
0 0.9215277777777777 0.5125 0.15416666666666667 0.3055555555555556
0 0.7604166666666666 0.5340277777777778 0.24305555555555555 0.3486111111111111