0 0.2791666666666667 0.26875 0.5583333333333333 0.5375
0 0.2791666666666667 0.3368055555555556 0.5583333333333333 0.4013888888888889
0 0.9513888888888888 0.3576388888888889 0.03680555555555556 0.025
0 0.6222222222222222 0.18680555555555556 0.05486111111111111 0.04375
0 0.8444444444444444 0.10069444444444445 0.03680555555555556 0.04097222222222222
0 0.9833333333333333 0.35208333333333336 0.030555555555555555 0.05138888888888889
0 0.5840277777777778 0.2152777777777778 0.04652777777777778 0.05416666666666667
0 0.61875 0.34930555555555554 0.043055555555555555 0.03333333333333333
0 0.8347222222222223 0.16111111111111112 0.06388888888888888 0.08055555555555556
0 0.6048611111111111 0.39375 0.06111111111111111 0.06388888888888888
0 0.8479166666666667 0.3527777777777778 0.05694444444444444 0.04722222222222222
0 0.9652777777777778 0.32013888888888886 0.049305555555555554 0.025694444444444443
0 0.9319444444444445 0.47291666666666665 0.04722222222222222 0.03125
0 0.7847222222222222 0.36527777777777776 0.09652777777777778 0.10069444444444445
0 0.5888888888888889 0.44166666666666665 0.058333333333333334 0.09166666666666666
0 0.9888888888888889 0.44722222222222224 0.019444444444444445 0.05
0 0.8034722222222223 0.4673611111111111 0.05763888888888889 0.06597222222222222
0 0.6333333333333333 0.14722222222222223 0.03958333333333333 0.03263888888888889
0 0.65625 0.08333333333333333 0.035416666666666666 0.02847222222222222
0 0.9597222222222223 0.5340277777777778 0.022222222222222223 0.006944444444444444
0 0.17916666666666667 0.8888888888888888 0.23055555555555557 0.21944444444444444
0 0.35208333333333336 0.9 0.17083333333333334 0.19722222222222222
0 0.3729166666666667 0.6319444444444444 0.3402777777777778 0.18611111111111112
0 0.15208333333333332 0.7118055555555556 0.19583333333333333 0.3458333333333333
0 0.30833333333333335 0.7104166666666667 0.15069444444444444 0.19305555555555556
0 0.48125 0.7673611111111112 0.15416666666666667 0.45694444444444443
0 0.8826388888888889 0.8881944444444444 0.04236111111111111 0.05277777777777778
0 0.8409722222222222 0.8881944444444444 0.0375 0.052083333333333336
0 0.7430555555555556 0.8625 0.08680555555555555 0.06805555555555555
0 0.6854166666666667 0.8131944444444444 0.10069444444444445 0.09305555555555556
0 0.6243055555555556 0.9090277777777778 0.08888888888888889 0.049305555555555554
0 0.6777777777777778 0.9840277777777777 0.1111111111111111 0.029166666666666667
0 0.5819444444444445 0.9722222222222222 0.044444444444444446 0.05277777777777778
0 0.6256944444444444 0.7513888888888889 0.10138888888888889 0.10972222222222222
0 0.6909722222222222 0.7409722222222223 0.043055555555555555 0.06805555555555555
0 0.8618055555555556 0.9590277777777778 0.05277777777777778 0.05
0 0.9576388888888889 0.6256944444444444 0.058333333333333334 0.07361111111111111
0 0.73125 0.9527777777777777 0.11666666666666667 0.059027777777777776
0 0.8465277777777778 0.5798611111111112 0.04583333333333333 0.05763888888888889
0 0.9847222222222223 0.5840277777777778 0.027777777777777776 0.07916666666666666
0 0.5805555555555556 0.8493055555555555 0.041666666666666664 0.05694444444444444
0 0.6708333333333333 0.6534722222222222 0.13680555555555557 0.13194444444444445
0 0.6472222222222223 0.5784722222222223 0.06527777777777778 0.05
0 0.8798611111111111 0.6958333333333333 0.15625 0.14305555555555555
0 0.9451388888888889 0.55625 0.10694444444444444 0.034722222222222224
0 0.7618055555555555 0.5923611111111111 0.15694444444444444 0.10694444444444444
0 0.9854166666666667 0.7159722222222222 0.02638888888888889 0.06805555555555555
0 0.9826388888888888 0.8027777777777778 0.03194444444444444 0.11666666666666667
0 0.9902777777777778 0.6395833333333333 0.016666666666666666 0.05694444444444444
0 0.8125 0.7604166666666666 0.04861111111111111 0.06388888888888888
0 0.76875 0.7763888888888889 0.08263888888888889 0.10833333333333334
0 0.5854166666666667 0.9166666666666666 0.05138888888888889 0.08333333333333333
0 0.5763888888888888 0.5743055555555555 0.03333333333333333 0.07083333333333333
0 0.6875 0.9215277777777777 0.08472222222222223 0.07013888888888889
0 0.975 0.8951388888888889 0.04722222222222222 0.07361111111111111
0 0.9951388888888889 0.9326388888888889 0.006944444444444444 0.05138888888888889