0 0.09930555555555555 0.20694444444444443 0.1986111111111111 0.41388888888888886
0 0.4326388888888889 0.16597222222222222 0.23194444444444445 0.33194444444444443
0 0.2701388888888889 0.08541666666666667 0.18194444444444444 0.17083333333333334
0 0.11736111111111111 0.3993055555555556 0.22430555555555556 0.27291666666666664
0 0.2875 0.35138888888888886 0.5 0.43333333333333335
0 0.6923611111111111 0.1986111111111111 0.1284722222222222 0.23541666666666666
0 0.8833333333333333 0.2520833333333333 0.23055555555555557 0.4041666666666667
0 0.8930555555555556 0.4534722222222222 0.2111111111111111 0.22916666666666666
0 0.9104166666666667 0.035416666666666666 0.10694444444444444 0.07083333333333333
0 0.7881944444444444 0.08541666666666667 0.1763888888888889 0.17083333333333334
0 0.24375 0.7145833333333333 0.30694444444444446 0.2902777777777778
0 0.03958333333333333 0.7479166666666667 0.07916666666666666 0.33194444444444443
0 0.4375 0.8611111111111112 0.2222222222222222 0.275
0 0.16041666666666668 0.9298611111111111 0.32083333333333336 0.1375
0 0.40555555555555556 0.6486111111111111 0.18055555555555555 0.15833333333333333
0 0.8194444444444444 0.8104166666666667 0.08125 0.11944444444444445
0 0.9729166666666667 0.7861111111111111 0.05138888888888889 0.12777777777777777
0 0.6951388888888889 0.6083333333333333 0.12638888888888888 0.07777777777777778
0 0.8513888888888889 0.6666666666666666 0.15833333333333333 0.19444444444444445
0 0.9472222222222222 0.8541666666666666 0.10277777777777777 0.1388888888888889
0 0.7069444444444445 0.7090277777777778 0.14027777777777778 0.11597222222222223
0 0.9618055555555556 0.6722222222222223 0.07361111111111111 0.12777777777777777
0 0.5958333333333333 0.7090277777777778 0.08194444444444444 0.09930555555555555
0 0.6645833333333333 0.8256944444444444 0.225 0.15625
0 0.9798611111111111 0.9569444444444445 0.0375 0.08333333333333333
0 0.6784722222222223 0.9277777777777778 0.2569444444444444 0.14166666666666666
0 0.8798611111111111 0.7833333333333333 0.08263888888888889 0.06388888888888888
0 0.5715277777777777 0.6347222222222222 0.043055555555555555 0.13055555555555556