0 0.36666666666666664 0.42430555555555555 0.22777777777777777 0.20694444444444443
0 0.13958333333333334 0.41597222222222224 0.2791666666666667 0.22361111111111112
0 0.4083333333333333 0.2902777777777778 0.2388888888888889 0.45555555555555555
0 0.16458333333333333 0.2638888888888889 0.32916666666666666 0.5277777777777778
0 0.7979166666666667 0.2520833333333333 0.4013888888888889 0.5041666666666667
0 0.7486111111111111 0.27847222222222223 0.4388888888888889 0.4986111111111111
0 0.41805555555555557 0.7125 0.21944444444444444 0.36666666666666664
0 0.23680555555555555 0.7638888888888888 0.4736111111111111 0.46944444444444444
0 0.73125 0.9486111111111111 0.20972222222222223 0.1
0 0.9166666666666666 0.9631944444444445 0.1638888888888889 0.07083333333333333
0 0.8847222222222222 0.7444444444444445 0.14027777777777778 0.20416666666666666
0 0.9645833333333333 0.7555555555555555 0.06805555555555555 0.30277777777777776
0 0.6902777777777778 0.7993055555555556 0.32222222222222224 0.39861111111111114