0 0.059722222222222225 0.4201388888888889 0.11944444444444445 0.09583333333333334
0 0.45416666666666666 0.11597222222222223 0.16666666666666666 0.23194444444444445
0 0.4076388888888889 0.26875 0.25972222222222224 0.39861111111111114
0 0.12986111111111112 0.28055555555555556 0.25972222222222224 0.25555555555555554
0 0.15763888888888888 0.4486111111111111 0.12638888888888888 0.03888888888888889
0 0.22916666666666666 0.11597222222222223 0.09027777777777778 0.12986111111111112
0 0.26666666666666666 0.05694444444444444 0.33055555555555555 0.11388888888888889
0 0.7486111111111111 0.4395833333333333 0.21666666666666667 0.05694444444444444
0 0.9326388888888889 0.2361111111111111 0.06111111111111111 0.06319444444444444
0 0.9055555555555556 0.13958333333333334 0.10416666666666667 0.14444444444444443
0 0.9798611111111111 0.23680555555555555 0.0375 0.07083333333333333
0 0.9680555555555556 0.16458333333333333 0.06111111111111111 0.1986111111111111
0 0.9534722222222223 0.28680555555555554 0.09027777777777778 0.05694444444444444
0 0.9541666666666667 0.4395833333333333 0.08888888888888889 0.05694444444444444
0 0.6541666666666667 0.2965277777777778 0.23055555555555557 0.14305555555555555
0 0.5694444444444444 0.36180555555555555 0.06111111111111111 0.0875
0 0.6361111111111111 0.3541666666666667 0.08541666666666667 0.09930555555555555
0 0.8388888888888889 0.25833333333333336 0.13472222222222222 0.11458333333333333
0 0.9618055555555556 0.35138888888888886 0.06527777777777778 0.06319444444444444
0 0.9416666666666667 0.4166666666666667 0.09652777777777778 0.08194444444444444
0 0.8854166666666666 0.40625 0.07847222222222222 0.08263888888888889
0 0.8493055555555555 0.33125 0.15902777777777777 0.10069444444444445
0 0.15208333333333332 0.8652777777777778 0.30416666666666664 0.26666666666666666
0 0.4638888888888889 0.8444444444444444 0.14722222222222223 0.30833333333333335
0 0.3423611111111111 0.9423611111111111 0.1486111111111111 0.1125
0 0.3215277777777778 0.4840277777777778 0.1486111111111111 0.029166666666666667
0 0.4486111111111111 0.4861111111111111 0.11388888888888889 0.03333333333333333
0 0.08333333333333333 0.5534722222222223 0.16666666666666666 0.16805555555555557
0 0.40694444444444444 0.5770833333333333 0.2222222222222222 0.18680555555555556
0 0.5152777777777777 0.625 0.044444444444444446 0.3111111111111111
0 0.3923611111111111 0.68125 0.10208333333333333 0.09305555555555556
0 0.25 0.7104166666666667 0.2951388888888889 0.2861111111111111
0 0.050694444444444445 0.7763888888888889 0.10138888888888889 0.39166666666666666
0 0.3333333333333333 0.8409722222222222 0.1701388888888889 0.13333333333333333
0 0.8541666666666666 0.94375 0.28888888888888886 0.10972222222222222
0 0.6805555555555556 0.7590277777777777 0.11180555555555556 0.08958333333333333
0 0.5979166666666667 0.7340277777777777 0.11805555555555555 0.5291666666666667
0 0.8270833333333333 0.6826388888888889 0.10416666666666667 0.075
0 0.875 0.5118055555555555 0.14166666666666666 0.08472222222222223
0 0.7659722222222223 0.5194444444444445 0.22916666666666666 0.1
0 0.9354166666666667 0.6847222222222222 0.11944444444444445 0.1701388888888889
0 0.7368055555555556 0.8472222222222222 0.16180555555555556 0.15069444444444444