0 0.45555555555555555 0.16319444444444445 0.044444444444444446 0.3263888888888889
0 0.2388888888888889 0.28958333333333336 0.4777777777777778 0.5791666666666667
0 0.6020833333333333 0.29583333333333334 0.05625 0.06458333333333334
0 0.8472222222222222 0.5340277777777778 0.0763888888888889 0.05763888888888889
0 0.6666666666666666 0.2520833333333333 0.10902777777777778 0.11319444444444444
0 0.6729166666666667 0.5506944444444445 0.1736111111111111 0.11527777777777778
0 0.9388888888888889 0.5694444444444444 0.08611111111111111 0.07777777777777778
0 0.5347222222222222 0.5243055555555556 0.1111111111111111 0.16805555555555557
0 0.9729166666666667 0.5201388888888889 0.05138888888888889 0.12361111111111112
0 0.9402777777777778 0.3368055555555556 0.03680555555555556 0.03194444444444444
0 0.6569444444444444 0.46875 0.1284722222222222 0.18125
0 0.9791666666666666 0.45694444444444443 0.03888888888888889 0.1
0 0.8680555555555556 0.5923611111111111 0.058333333333333334 0.03194444444444444
0 0.6090277777777777 0.1527777777777778 0.10972222222222222 0.10555555555555556
0 0.6631944444444444 0.31875 0.06944444444444445 0.06736111111111111
0 0.9298611111111111 0.44513888888888886 0.06666666666666667 0.09791666666666667
0 0.5444444444444444 0.25972222222222224 0.059722222222222225 0.08263888888888889
0 0.7354166666666667 0.23958333333333334 0.059027777777777776 0.08819444444444445
0 0.7958333333333333 0.36875 0.04027777777777778 0.05694444444444444
0 0.9888888888888889 0.37430555555555556 0.019444444444444445 0.059722222222222225
0 0.10902777777777778 0.8423611111111111 0.21805555555555556 0.24861111111111112
0 0.27152777777777776 0.86875 0.30972222222222223 0.25972222222222224
0 0.44722222222222224 0.8944444444444445 0.06111111111111111 0.20833333333333334
0 0.12430555555555556 0.9673611111111111 0.24861111111111112 0.0625
0 0.3763888888888889 0.6833333333333333 0.20277777777777778 0.14722222222222223
0 0.14375 0.6840277777777778 0.2875 0.1486111111111111
0 0.8736111111111111 0.7208333333333333 0.14097222222222222 0.09375
0 0.8270833333333333 0.8069444444444445 0.0875 0.1111111111111111
0 0.7263888888888889 0.6618055555555555 0.1 0.10416666666666667
0 0.9319444444444445 0.63125 0.11388888888888889 0.043055555555555555
0 0.5826388888888889 0.8854166666666666 0.20694444444444443 0.1375
0 0.8 0.7486111111111111 0.09236111111111112 0.1076388888888889
0 0.7013888888888888 0.6173611111111111 0.05 0.015277777777777777
0 0.5243055555555556 0.6673611111111111 0.09027777777777778 0.11527777777777778
0 0.6513888888888889 0.6472222222222223 0.06666666666666667 0.075
0 0.9347222222222222 0.6548611111111111 0.12777777777777777 0.06527777777777778
0 0.8166666666666667 0.6590277777777778 0.11944444444444445 0.09861111111111111
0 0.5069444444444444 0.8083333333333333 0.05555555555555555 0.075
0 0.5479166666666667 0.9527777777777777 0.1375 0.09166666666666666
0 0.6208333333333333 0.7020833333333333 0.06944444444444445 0.09305555555555556
0 0.7569444444444444 0.6229166666666667 0.06944444444444445 0.02638888888888889
0 0.6777777777777778 0.9381944444444444 0.11180555555555556 0.1
0 0.69375 0.9819444444444444 0.0763888888888889 0.03333333333333333
0 0.5625 0.7472222222222222 0.13819444444444445 0.08819444444444445
0 0.5451388888888888 0.69375 0.07847222222222222 0.08263888888888889
0 0.9208333333333333 0.83125 0.15555555555555556 0.1875
0 0.5986111111111111 0.7972222222222223 0.16944444444444445 0.08333333333333333
0 0.7291666666666666 0.8277777777777777 0.12638888888888888 0.1840277777777778
0 0.8548611111111111 0.9236111111111112 0.13194444444444445 0.15
0 0.9638888888888889 0.7430555555555556 0.06944444444444445 0.1638888888888889
0 0.6986111111111111 0.7388888888888889 0.09722222222222222 0.08194444444444444
0 0.9597222222222223 0.9423611111111111 0.07777777777777778 0.1125
0 0.5965277777777778 0.6423611111111112 0.05138888888888889 0.05347222222222222