0 0.23819444444444443 0.10486111111111111 0.25972222222222224 0.20972222222222223
0 0.45555555555555555 0.2791666666666667 0.2638888888888889 0.5583333333333333
0 0.20347222222222222 0.3506944444444444 0.40694444444444444 0.4152777777777778
0 0.79375 0.21666666666666667 0.4097222222222222 0.43333333333333335
0 0.7097222222222223 0.28055555555555556 0.24166666666666667 0.5555555555555556
0 0.3347222222222222 0.7791666666666667 0.5055555555555555 0.4388888888888889
0 0.6833333333333333 0.6229166666666667 0.18888888888888888 0.12638888888888888
0 0.7590277777777777 0.7027777777777777 0.08402777777777778 0.12152777777777778
0 0.8923611111111112 0.7111111111111111 0.2125 0.28055555555555556
0 0.7166666666666667 0.8513888888888889 0.21875 0.2423611111111111
0 0.9145833333333333 0.90625 0.16805555555555557 0.18472222222222223
0 0.7659722222222223 0.9826388888888888 0.21805555555555556 0.03194444444444444