0 0.27569444444444446 0.09375 0.14305555555555555 0.1875
0 0.18125 0.6305555555555555 0.33194444444444443 0.19444444444444445
0 0.18611111111111112 0.34791666666666665 0.32222222222222224 0.4625
0 0.9597222222222223 0.5034722222222222 0.07777777777777778 0.07083333333333333
0 0.9590277777777778 0.5354166666666667 0.07916666666666666 0.08194444444444444
0 0.9777777777777777 0.7027777777777777 0.041666666666666664 0.05
0 0.7791666666666667 0.5715277777777777 0.03958333333333333 0.06111111111111111
0 0.6222222222222222 0.5895833333333333 0.050694444444444445 0.07569444444444444
0 0.5930555555555556 0.6048611111111111 0.021527777777777778 0.02847222222222222
0 0.5958333333333333 0.44375 0.11388888888888889 0.09722222222222222
0 0.6520833333333333 0.6993055555555555 0.035416666666666666 0.035416666666666666
0 0.6611111111111111 0.6708333333333333 0.03125 0.024305555555555556
0 0.6736111111111112 0.6395833333333333 0.0375 0.04097222222222222
0 0.6326388888888889 0.7201388888888889 0.05694444444444444 0.015277777777777777
0 0.5479166666666667 0.7229166666666667 0.0763888888888889 0.009722222222222222
0 0.5583333333333333 0.6819444444444445 0.08055555555555556 0.07916666666666666
0 0.6652777777777777 0.38263888888888886 0.04652777777777778 0.04375
0 0.6243055555555556 0.42291666666666666 0.11666666666666667 0.09513888888888888
0 0.4173611111111111 0.6256944444444444 0.08472222222222223 0.07013888888888889
0 0.5194444444444445 0.5104166666666666 0.07083333333333333 0.08055555555555556
0 0.7715277777777778 0.18125 0.05277777777777778 0.04375
0 0.8333333333333334 0.23819444444444443 0.08958333333333333 0.07847222222222222
0 0.7541666666666667 0.21180555555555555 0.06111111111111111 0.08402777777777778
0 0.7569444444444444 0.1125 0.07152777777777777 0.07916666666666666
0 0.8236111111111111 0.13333333333333333 0.05555555555555555 0.05277777777777778
0 0.8222222222222222 0.7013888888888888 0.09722222222222222 0.05277777777777778
0 0.49722222222222223 0.6694444444444444 0.09444444444444444 0.08194444444444444
0 0.9270833333333334 0.6270833333333333 0.05694444444444444 0.06319444444444444
0 0.9513888888888888 0.2722222222222222 0.04583333333333333 0.05694444444444444
0 0.8847222222222222 0.6215277777777778 0.02847222222222222 0.035416666666666666
0 0.6368055555555555 0.36875 0.04513888888888889 0.04513888888888889
0 0.6854166666666667 0.7152777777777778 0.08472222222222223 0.025
0 0.7326388888888888 0.6590277777777778 0.08333333333333333 0.07222222222222222
0 0.71875 0.6375 0.06666666666666667 0.06805555555555555
0 0.5979166666666667 0.36736111111111114 0.059722222222222225 0.05347222222222222
0 0.7590277777777777 0.7222222222222222 0.034722222222222224 0.011111111111111112
0 0.7715277777777778 0.7027777777777777 0.05763888888888889 0.04236111111111111
0 0.8076388888888889 0.6347222222222222 0.04097222222222222 0.04583333333333333
0 0.7527777777777778 0.6090277777777777 0.075 0.05416666666666667
0 0.3854166666666667 0.7180555555555556 0.0375 0.019444444444444445
0 0.5319444444444444 0.5763888888888888 0.05763888888888889 0.07847222222222222
0 0.4 0.6770833333333334 0.10277777777777777 0.10138888888888889
0 0.6083333333333333 0.5201388888888889 0.04722222222222222 0.06041666666666667
0 0.5590277777777778 0.6243055555555556 0.06319444444444444 0.06736111111111111
0 0.80625 0.5423611111111111 0.03611111111111111 0.052083333333333336
0 0.8555555555555555 0.6263888888888889 0.029861111111111113 0.025
0 0.8805555555555555 0.5673611111111111 0.044444444444444446 0.029861111111111113
0 0.8368055555555556 0.6541666666666667 0.02361111111111111 0.04236111111111111
0 0.3659722222222222 0.5611111111111111 0.03194444444444444 0.05416666666666667
0 0.9604166666666667 0.6013888888888889 0.030555555555555555 0.049305555555555554
0 0.85625 0.5965277777777778 0.02847222222222222 0.03611111111111111
0 0.1736111111111111 0.8694444444444445 0.3472222222222222 0.25833333333333336
0 0.23541666666666666 0.8048611111111111 0.22361111111111112 0.15138888888888888
0 0.8006944444444445 0.8638888888888889 0.3958333333333333 0.26944444444444443
0 0.44722222222222224 0.9243055555555556 0.19722222222222222 0.1486111111111111
0 0.5131944444444444 0.9652777777777778 0.2013888888888889 0.06666666666666667
0 0.7847222222222222 0.81875 0.38333333333333336 0.17916666666666667
0 0.4777777777777778 0.8152777777777778 0.25833333333333336 0.17222222222222222