0 0.05763888888888889 0.14027777777777778 0.11527777777777778 0.2
0 0.5006944444444444 0.4201388888888889 0.07361111111111111 0.2152777777777778
0 0.4354166666666667 0.24791666666666667 0.20416666666666666 0.2708333333333333
0 0.475 0.04236111111111111 0.125 0.08472222222222223
0 0.2923611111111111 0.30625 0.06944444444444445 0.08958333333333333
0 0.1798611111111111 0.4875 0.11805555555555555 0.08055555555555556
0 0.35694444444444445 0.4861111111111111 0.24722222222222223 0.08333333333333333
0 0.22361111111111112 0.28888888888888886 0.07361111111111111 0.09722222222222222
0 0.09236111111111112 0.34652777777777777 0.18472222222222223 0.23472222222222222
0 0.6659722222222222 0.46597222222222223 0.20972222222222223 0.12361111111111112
0 0.8673611111111111 0.4840277777777778 0.20416666666666666 0.0875
0 0.8145833333333333 0.03680555555555556 0.3541666666666667 0.07361111111111111
0 0.7215277777777778 0.10972222222222222 0.1 0.11388888888888889
0 0.7826388888888889 0.24930555555555556 0.19027777777777777 0.39375
0 0.625 0.2638888888888889 0.17222222222222222 0.3472222222222222
0 0.9277777777777778 0.30694444444444446 0.14166666666666666 0.44166666666666665
0 0.2701388888888889 0.7381944444444445 0.08472222222222223 0.13402777777777777
0 0.36944444444444446 0.8930555555555556 0.06111111111111111 0.058333333333333334
0 0.2222222222222222 0.8576388888888888 0.13819444444444445 0.13055555555555556
0 0.29444444444444445 0.9305555555555556 0.06111111111111111 0.06597222222222222
0 0.027083333333333334 0.7784722222222222 0.05416666666666667 0.0625
0 0.03263888888888889 0.7298611111111111 0.06527777777777778 0.06527777777777778
0 0.4930555555555556 0.7486111111111111 0.08888888888888889 0.29444444444444445
0 0.39791666666666664 0.7097222222222223 0.03194444444444444 0.0375
0 0.4236111111111111 0.6472222222222223 0.059027777777777776 0.12916666666666668
0 0.4048611111111111 0.5875 0.0763888888888889 0.07083333333333333
0 0.19444444444444445 0.7277777777777777 0.06805555555555555 0.10972222222222222
0 0.15902777777777777 0.6402777777777777 0.10833333333333334 0.09513888888888888
0 0.10972222222222222 0.6055555555555555 0.07430555555555556 0.09027777777777778
0 0.08194444444444444 0.6701388888888888 0.0763888888888889 0.10833333333333334
0 0.2798611111111111 0.5826388888888889 0.09375 0.06111111111111111
0 0.3715277777777778 0.6402777777777777 0.04652777777777778 0.043055555555555555
0 0.33819444444444446 0.6402777777777777 0.034027777777777775 0.041666666666666664
0 0.2965277777777778 0.6423611111111112 0.05138888888888889 0.06180555555555556
0 0.35138888888888886 0.7270833333333333 0.05416666666666667 0.034027777777777775
0 0.42569444444444443 0.7347222222222223 0.0625 0.059722222222222225
0 0.35694444444444445 0.7736111111111111 0.08263888888888889 0.075
0 0.03125 0.9326388888888889 0.0625 0.13194444444444445
0 0.44513888888888886 0.9215277777777777 0.10069444444444445 0.125
0 0.7361111111111112 0.9451388888888889 0.39444444444444443 0.10694444444444444
0 0.8972222222222223 0.6208333333333333 0.1638888888888889 0.18333333333333332
0 0.7361111111111112 0.6784722222222223 0.24444444444444444 0.2986111111111111
0 0.66875 0.7638888888888888 0.25972222222222224 0.46944444444444444
0 0.9006944444444445 0.7875 0.19583333333333333 0.2972222222222222