0 0.08888888888888889 0.2298611111111111 0.17777777777777778 0.4597222222222222
0 0.24375 0.3541666666666667 0.4875 0.7083333333333334
0 0.5111111111111111 0.22361111111111112 0.044444444444444446 0.11388888888888889
0 0.5784722222222223 0.3611111111111111 0.034722222222222224 0.04097222222222222
0 0.8631944444444445 0.27291666666666664 0.025694444444444443 0.04097222222222222
0 0.8354166666666667 0.24444444444444444 0.06805555555555555 0.03263888888888889
0 0.5041666666666667 0.37222222222222223 0.030555555555555555 0.1
0 0.8069444444444445 0.29097222222222224 0.044444444444444446 0.05
0 0.49930555555555556 0.39375 0.020833333333333332 0.09027777777777778
0 0.5763888888888888 0.16527777777777777 0.07430555555555556 0.05416666666666667
0 0.6145833333333334 0.21944444444444444 0.10486111111111111 0.06666666666666667
0 0.89375 0.6805555555555556 0.07361111111111111 0.05555555555555555
0 0.94375 0.6534722222222222 0.05416666666666667 0.10972222222222222
0 0.5826388888888889 0.42777777777777776 0.08819444444444445 0.11388888888888889
0 0.61875 0.6166666666666667 0.11805555555555555 0.08819444444444445
0 0.5743055555555555 0.5590277777777778 0.16597222222222222 0.17222222222222222
0 0.5194444444444445 0.43472222222222223 0.06111111111111111 0.11944444444444445
0 0.8097222222222222 0.6194444444444445 0.15555555555555556 0.17152777777777778
0 0.5826388888888889 0.68125 0.14027777777777778 0.05416666666666667
0 0.9104166666666667 0.5020833333333333 0.06597222222222222 0.11666666666666667
0 0.8118055555555556 0.6833333333333333 0.10416666666666667 0.05
0 0.7138888888888889 0.6638888888888889 0.07222222222222222 0.08888888888888889
0 0.7555555555555555 0.5076388888888889 0.11388888888888889 0.08125
0 0.7645833333333333 0.33958333333333335 0.041666666666666664 0.034027777777777775
0 0.6791666666666667 0.20833333333333334 0.03888888888888889 0.04513888888888889
0 0.6291666666666667 0.17916666666666667 0.043055555555555555 0.052083333333333336
0 0.9020833333333333 0.6222222222222222 0.0375 0.075
0 0.8833333333333333 0.4652777777777778 0.029861111111111113 0.043055555555555555
0 0.9638888888888889 0.34930555555555554 0.04791666666666667 0.035416666666666666
0 0.9506944444444444 0.475 0.05486111111111111 0.03680555555555556
0 0.8895833333333333 0.30069444444444443 0.04375 0.04027777777777778
0 0.9048611111111111 0.3402777777777778 0.06319444444444444 0.04375
0 0.8479166666666667 0.33125 0.04513888888888889 0.05486111111111111
0 0.8840277777777777 0.35138888888888886 0.04513888888888889 0.03888888888888889
0 0.93125 0.3798611111111111 0.06736111111111111 0.05694444444444444
0 0.8006944444444445 0.45208333333333334 0.08680555555555555 0.075
0 0.44583333333333336 0.8541666666666666 0.07152777777777777 0.06319444444444444
0 0.4465277777777778 0.7381944444444445 0.04583333333333333 0.05694444444444444
0 0.42083333333333334 0.7305555555555555 0.027777777777777776 0.035416666666666666
0 0.3194444444444444 0.8631944444444445 0.07291666666666667 0.050694444444444445
0 0.31180555555555556 0.9215277777777777 0.03125 0.07013888888888889
0 0.26875 0.8694444444444445 0.03819444444444445 0.03611111111111111
0 0.12291666666666666 0.9090277777777778 0.06319444444444444 0.05625
0 0.12013888888888889 0.83125 0.06597222222222222 0.07847222222222222
0 0.12986111111111112 0.7645833333333333 0.059027777777777776 0.04583333333333333
0 0.30972222222222223 0.9729166666666667 0.08333333333333333 0.05138888888888889
0 0.46875 0.8888888888888888 0.0375 0.06111111111111111
0 0.4125 0.9277777777777778 0.14444444444444443 0.14166666666666666
0 0.40625 0.7819444444444444 0.04583333333333333 0.07847222222222222
0 0.16180555555555556 0.71875 0.05694444444444444 0.018055555555555554
0 0.08958333333333333 0.7729166666666667 0.04097222222222222 0.04722222222222222
0 0.05138888888888889 0.7770833333333333 0.02847222222222222 0.04722222222222222
0 0.043055555555555555 0.9034722222222222 0.034027777777777775 0.03194444444444444
0 0.01597222222222222 0.9604166666666667 0.03194444444444444 0.05138888888888889
0 0.13402777777777777 0.9618055555555556 0.05138888888888889 0.06388888888888888
0 0.825 0.9270833333333334 0.3472222222222222 0.14305555555555555
0 0.5631944444444444 0.94375 0.1486111111111111 0.10972222222222222