0 0.14097222222222222 0.05486111111111111 0.28194444444444444 0.10972222222222222
0 0.4201388888888889 0.06458333333333334 0.3875 0.12916666666666668
0 0.3284722222222222 0.24027777777777778 0.5986111111111111 0.375
0 0.8875 0.40208333333333335 0.2222222222222222 0.05138888888888889
0 0.7104166666666667 0.30069444444444443 0.1625 0.25416666666666665
0 0.7159722222222222 0.10416666666666667 0.1736111111111111 0.20833333333333334
0 0.8798611111111111 0.18888888888888888 0.2375 0.37777777777777777
0 0.60625 0.7861111111111111 0.043055555555555555 0.05555555555555555
0 0.2423611111111111 0.8347222222222223 0.049305555555555554 0.10138888888888889
0 0.49375 0.8 0.08402777777777778 0.07361111111111111
0 0.022222222222222223 0.9569444444444445 0.044444444444444446 0.08333333333333333
0 0.22152777777777777 0.5979166666666667 0.07361111111111111 0.08680555555555555
0 0.07361111111111111 0.9826388888888888 0.10277777777777777 0.03194444444444444
0 0.5611111111111111 0.8965277777777778 0.034027777777777775 0.034027777777777775
0 0.5895833333333333 0.7388888888888889 0.04375 0.05555555555555555
0 0.4048611111111111 0.7527777777777778 0.029166666666666667 0.03888888888888889
0 0.43680555555555556 0.7743055555555556 0.027777777777777776 0.04027777777777778
0 0.26875 0.8743055555555556 0.04097222222222222 0.04652777777777778
0 0.3659722222222222 0.8402777777777778 0.025 0.030555555555555555
0 0.38958333333333334 0.8368055555555556 0.03819444444444445 0.035416666666666666
0 0.0625 0.9229166666666667 0.03125 0.07777777777777778
0 0.31805555555555554 0.9888888888888889 0.06388888888888888 0.019444444444444445
0 0.5055555555555555 0.8694444444444445 0.03125 0.03263888888888889
0 0.03611111111111111 0.85625 0.07222222222222222 0.10694444444444444
0 0.02013888888888889 0.7979166666666667 0.04027777777777778 0.05694444444444444
0 0.29305555555555557 0.70625 0.1763888888888889 0.11944444444444445
0 0.15833333333333333 0.9152777777777777 0.14166666666666666 0.16666666666666666
0 0.3458333333333333 0.9173611111111111 0.1284722222222222 0.13472222222222222
0 0.025694444444444443 0.8986111111111111 0.05138888888888889 0.11666666666666667
0 0.5854166666666667 0.9854166666666667 0.05416666666666667 0.02638888888888889
0 0.6194444444444445 0.9895833333333334 0.016666666666666666 0.018055555555555554
0 0.5673611111111111 0.825 0.06111111111111111 0.05277777777777778
0 0.5291666666666667 0.7368055555555556 0.05347222222222222 0.059722222222222225
0 0.475 0.9430555555555555 0.08194444444444444 0.05555555555555555
0 0.24305555555555555 0.9763888888888889 0.08888888888888889 0.044444444444444446
0 0.8138888888888889 0.7138888888888889 0.36944444444444446 0.5694444444444444