0 0.3013888888888889 0.12986111111111112 0.11388888888888889 0.25972222222222224
0 0.17916666666666667 0.2111111111111111 0.35833333333333334 0.4222222222222222
0 0.18888888888888888 0.43680555555555556 0.3388888888888889 0.10138888888888889
0 0.7590277777777777 0.2902777777777778 0.4791666666666667 0.39444444444444443
0 0.4201388888888889 0.36666666666666664 0.12083333333333333 0.24166666666666667
0 0.5194444444444445 0.029861111111111113 0.28888888888888886 0.059722222222222225
0 0.8284722222222223 0.12361111111111112 0.3402777777777778 0.24722222222222223
0 0.7423611111111111 0.10138888888888889 0.22916666666666666 0.20277777777777778
0 0.5715277777777777 0.10416666666666667 0.1597222222222222 0.20833333333333334
0 0.4263888888888889 0.13541666666666666 0.13333333333333333 0.2708333333333333
0 0.9069444444444444 0.5604166666666667 0.11666666666666667 0.14305555555555555
0 0.6875 0.8694444444444445 0.041666666666666664 0.07569444444444444
0 0.7319444444444444 0.7777777777777778 0.06666666666666667 0.10138888888888889
0 0.9388888888888889 0.8590277777777777 0.06458333333333334 0.10208333333333333
0 0.6243055555555556 0.8673611111111111 0.06666666666666667 0.08888888888888889
0 0.5979166666666667 0.5416666666666666 0.03958333333333333 0.05
0 0.5472222222222223 0.5333333333333333 0.05416666666666667 0.04513888888888889
0 0.6326388888888889 0.5034722222222222 0.07083333333333333 0.029166666666666667
0 0.7881944444444444 0.5090277777777777 0.034027777777777775 0.035416666666666666
0 0.7361111111111112 0.53125 0.04375 0.041666666666666664
0 0.7486111111111111 0.9145833333333333 0.1527777777777778 0.16805555555555557
0 0.41944444444444445 0.6097222222222223 0.05 0.04583333333333333
0 0.4527777777777778 0.5784722222222223 0.05416666666666667 0.05
0 0.40208333333333335 0.56875 0.04027777777777778 0.05486111111111111
0 0.9791666666666666 0.5305555555555556 0.03194444444444444 0.06875
0 0.44583333333333336 0.8875 0.06666666666666667 0.06736111111111111
0 0.48333333333333334 0.6208333333333333 0.08125 0.04375
0 0.9722222222222222 0.9708333333333333 0.05277777777777778 0.05555555555555555
0 0.7930555555555555 0.96875 0.11666666666666667 0.059722222222222225
0 0.7333333333333333 0.50625 0.09166666666666666 0.034722222222222224
0 0.6729166666666667 0.5756944444444444 0.1111111111111111 0.10347222222222222
0 0.8847222222222222 0.9618055555555556 0.08611111111111111 0.07361111111111111
0 0.6256944444444444 0.7277777777777777 0.08541666666666667 0.13680555555555557
0 0.5513888888888889 0.80625 0.07430555555555556 0.06944444444444445
0 0.43333333333333335 0.7298611111111111 0.06736111111111111 0.10694444444444444
0 0.6576388888888889 0.61875 0.05555555555555555 0.05416666666666667
0 0.4875 0.9576388888888889 0.1388888888888889 0.08194444444444444
0 0.49166666666666664 0.5263888888888889 0.06319444444444444 0.0625
0 0.7638888888888888 0.5736111111111111 0.06736111111111111 0.059722222222222225