0 0.4597222222222222 0.10694444444444444 0.1361111111111111 0.16666666666666666
0 0.31805555555555554 0.050694444444444445 0.275 0.10138888888888889
0 0.4652777777777778 0.30625 0.125 0.26805555555555555
0 0.30694444444444446 0.5048611111111111 0.3416666666666667 0.16527777777777777
0 0.2076388888888889 0.21805555555555556 0.4152777777777778 0.4361111111111111
0 0.0763888888888889 0.5555555555555556 0.1527777777777778 0.06388888888888888
0 0.5951388888888889 0.45625 0.13194444444444445 0.2625
0 0.7770833333333333 0.5298611111111111 0.1625 0.11527777777777778
0 0.8604166666666667 0.10138888888888889 0.2569444444444444 0.20277777777777778
0 0.6402777777777777 0.10694444444444444 0.2222222222222222 0.20277777777777778
0 0.6430555555555556 0.27152777777777776 0.225 0.1986111111111111
0 0.8770833333333333 0.36944444444444446 0.24305555555555555 0.37222222222222223
0 0.4486111111111111 0.7694444444444445 0.15833333333333333 0.3611111111111111
0 0.22152777777777777 0.7076388888888889 0.44305555555555554 0.2375
0 0.7638888888888888 0.8027777777777778 0.46944444444444444 0.39166666666666666