0 0.19375 0.28055555555555556 0.3875 0.5472222222222223
0 0.19375 0.56875 0.3875 0.21805555555555556
0 0.28125 0.20972222222222223 0.2125 0.41944444444444445
0 0.6715277777777777 0.4638888888888889 0.5652777777777778 0.42777777777777776
0 0.69375 0.31805555555555554 0.6097222222222223 0.6361111111111111
0 0.12152777777777778 0.7506944444444444 0.24305555555555555 0.14305555555555555
0 0.19375 0.85 0.3875 0.2972222222222222
0 0.8 0.9590277777777778 0.26666666666666666 0.07916666666666666
0 0.9333333333333333 0.9243055555555556 0.13055555555555556 0.1486111111111111
0 0.6666666666666666 0.8388888888888889 0.5555555555555556 0.3194444444444444
0 0.9465277777777777 0.7680555555555556 0.10416666666666667 0.17777777777777778