0 0.175 0.06180555555555556 0.1638888888888889 0.12361111111111112
0 0.7138888888888889 0.059722222222222225 0.25 0.11944444444444445
0 0.8840277777777777 0.15694444444444444 0.22083333333333333 0.3138888888888889
0 0.7055555555555556 0.1951388888888889 0.23333333333333334 0.2847222222222222
0 0.0375 0.9041666666666667 0.075 0.18888888888888888
0 0.4708333333333333 0.4965277777777778 0.23333333333333334 0.31527777777777777
0 0.41944444444444445 0.7361111111111112 0.33611111111111114 0.525
0 0.11666666666666667 0.7076388888888889 0.23333333333333334 0.2847222222222222
0 0.11944444444444445 0.9354166666666667 0.1388888888888889 0.12638888888888888
0 0.19791666666666666 0.5256944444444445 0.1 0.14444444444444443
0 0.24097222222222223 0.43125 0.36527777777777776 0.18472222222222223
0 0.7138888888888889 0.7236111111111111 0.25 0.4027777777777778
0 0.9659722222222222 0.7340277777777777 0.06527777777777778 0.5180555555555556
0 0.88125 0.8430555555555556 0.16180555555555556 0.3013888888888889
0 0.75625 0.9180555555555555 0.3347222222222222 0.16111111111111112
0 0.9138888888888889 0.3958333333333333 0.16944444444444445 0.11388888888888889
0 0.9361111111111111 0.4652777777777778 0.1125 0.10347222222222222
0 0.7791666666666667 0.49722222222222223 0.3277777777777778 0.31666666666666665
0 0.8708333333333333 0.6416666666666667 0.18819444444444444 0.14722222222222223