0 0.016666666666666666 0.15694444444444444 0.03333333333333333 0.2777777777777778
0 0.5479166666666667 0.13680555555555557 0.10138888888888889 0.10694444444444444
0 0.47638888888888886 0.35833333333333334 0.16111111111111112 0.1
0 0.5347222222222222 0.6868055555555556 0.09375 0.11736111111111111
0 0.08611111111111111 0.8729166666666667 0.16111111111111112 0.2513888888888889
0 0.36736111111111114 0.8631944444444445 0.4152777777777778 0.2708333333333333
0 0.16875 0.44375 0.2569444444444444 0.06805555555555555
0 0.4527777777777778 0.5201388888888889 0.2777777777777778 0.22083333333333333
0 0.03263888888888889 0.5472222222222223 0.06527777777777778 0.2
0 0.24722222222222223 0.6444444444444445 0.36527777777777776 0.3715277777777778
0 0.6986111111111111 0.6854166666666667 0.19722222222222222 0.5069444444444444
0 0.8673611111111111 0.7680555555555556 0.2625 0.46111111111111114
0 0.6763888888888889 0.9125 0.1527777777777778 0.17222222222222222
0 0.8993055555555556 0.5166666666666667 0.1986111111111111 0.21388888888888888