0 0.2590277777777778 0.19166666666666668 0.5180555555555556 0.38333333333333336
0 0.7590277777777777 0.19930555555555557 0.4791666666666667 0.39861111111111114
0 0.050694444444444445 0.7833333333333333 0.10138888888888889 0.12777777777777777
0 0.15138888888888888 0.9388888888888889 0.03888888888888889 0.04652777777777778
0 0.4722222222222222 0.8388888888888889 0.02847222222222222 0.04583333333333333
0 0.4409722222222222 0.8076388888888889 0.0763888888888889 0.03680555555555556
0 0.043055555555555555 0.9465277777777777 0.08611111111111111 0.10416666666666667
0 0.40902777777777777 0.8604166666666667 0.05 0.05625
0 0.03680555555555556 0.9618055555555556 0.07361111111111111 0.07361111111111111
0 0.14930555555555555 0.71875 0.08333333333333333 0.06111111111111111
0 0.19236111111111112 0.7791666666666667 0.11805555555555555 0.075
0 0.15694444444444444 0.9736111111111111 0.1 0.05
0 0.08194444444444444 0.9763888888888889 0.075 0.044444444444444446
0 0.3611111111111111 0.9145833333333333 0.04652777777777778 0.03888888888888889
0 0.26458333333333334 0.7666666666666667 0.04375 0.050694444444444445
0 0.029166666666666667 0.5784722222222223 0.058333333333333334 0.05416666666666667
0 0.20902777777777778 0.7340277777777777 0.04791666666666667 0.059027777777777776
0 0.49722222222222223 0.8708333333333333 0.041666666666666664 0.04722222222222222
0 0.5006944444444444 0.9152777777777777 0.034722222222222224 0.05
0 0.4548611111111111 0.9048611111111111 0.05138888888888889 0.06180555555555556
0 0.49375 0.9277777777777778 0.04861111111111111 0.044444444444444446
0 0.8548611111111111 0.8854166666666666 0.2875 0.2263888888888889
0 0.6784722222222223 0.8569444444444444 0.31805555555555554 0.2833333333333333
0 0.7590277777777777 0.6798611111111111 0.4791666666666667 0.5597222222222222