0 0.21041666666666667 0.013888888888888888 0.1736111111111111 0.027777777777777776
0 0.027777777777777776 0.1361111111111111 0.05555555555555555 0.2722222222222222
0 0.3368055555555556 0.32013888888888886 0.3013888888888889 0.49583333333333335
0 0.04027777777777778 0.3451388888888889 0.08055555555555556 0.2763888888888889
0 0.1486111111111111 0.28125 0.25972222222222224 0.4847222222222222
0 0.3375 0.0763888888888889 0.3 0.1527777777777778
0 0.8527777777777777 0.11805555555555555 0.09305555555555556 0.12152777777777778
0 0.5909722222222222 0.14583333333333334 0.20416666666666666 0.23055555555555557
0 0.40555555555555556 0.7534722222222222 0.15486111111111112 0.15486111111111112
0 0.35555555555555557 0.6625 0.11597222222222223 0.09305555555555556
0 0.024305555555555556 0.7083333333333334 0.04861111111111111 0.24722222222222223
0 0.16597222222222222 0.7840277777777778 0.33194444444444443 0.42916666666666664
0 0.6923611111111111 0.9333333333333333 0.2013888888888889 0.13055555555555556
0 0.8041666666666667 0.7298611111111111 0.3888888888888889 0.32083333333333336
0 0.6020833333333333 0.7458333333333333 0.2263888888888889 0.3527777777777778