0 0.3013888888888889 0.025694444444444443 0.07222222222222222 0.05138888888888889
0 0.34444444444444444 0.0375 0.027777777777777776 0.075
0 0.15486111111111112 0.24513888888888888 0.07777777777777778 0.08125
0 0.027083333333333334 0.03194444444444444 0.05416666666666667 0.06388888888888888
0 0.08958333333333333 0.11527777777777778 0.17083333333333334 0.08958333333333333
0 0.17083333333333334 0.013888888888888888 0.1 0.027777777777777776
0 0.24444444444444444 0.020833333333333332 0.075 0.041666666666666664
0 0.7527777777777778 0.14375 0.43333333333333335 0.2875
0 0.5715277777777777 0.15416666666666667 0.4236111111111111 0.26666666666666666
0 0.30486111111111114 0.9194444444444444 0.10902777777777778 0.10694444444444444
0 0.21458333333333332 0.4701388888888889 0.2875 0.3625
0 0.32083333333333336 0.9743055555555555 0.06944444444444445 0.04861111111111111
0 0.26805555555555555 0.6986111111111111 0.18055555555555555 0.23333333333333334
0 0.05486111111111111 0.4409722222222222 0.10972222222222222 0.2375
0 0.7340277777777777 0.6916666666666667 0.22916666666666666 0.3263888888888889
0 0.5027777777777778 0.7208333333333333 0.2861111111111111 0.41944444444444445
0 0.9027777777777778 0.5868055555555556 0.19166666666666668 0.5958333333333333
0 0.8986111111111111 0.8736111111111111 0.2 0.25
0 0.8180555555555555 0.5083333333333333 0.325 0.4388888888888889
0 0.5291666666666667 0.6034722222222222 0.3388888888888889 0.6291666666666667