0 0.1736111111111111 0.3013888888888889 0.3472222222222222 0.37222222222222223
0 0.10277777777777777 0.14375 0.20555555555555555 0.2875
0 0.5451388888888888 0.24375 0.39305555555555555 0.4875
0 0.8923611111111112 0.09513888888888888 0.2125 0.19027777777777777
0 0.9868055555555556 0.24166666666666667 0.02361111111111111 0.28888888888888886
0 0.8784722222222222 0.2798611111111111 0.24027777777777778 0.24861111111111112
0 0.1284722222222222 0.7881944444444444 0.2569444444444444 0.2263888888888889
0 0.22569444444444445 0.8465277777777778 0.19444444444444445 0.18263888888888888
0 0.22847222222222222 0.96875 0.2375 0.059722222222222225
0 0.15902777777777777 0.6069444444444444 0.31805555555555554 0.2361111111111111
0 0.6125 0.8027777777777778 0.4638888888888889 0.39166666666666666
0 0.8104166666666667 0.5708333333333333 0.1986111111111111 0.1638888888888889
0 0.5208333333333334 0.74375 0.34444444444444444 0.5097222222222222
0 0.675 0.5548611111111111 0.16666666666666666 0.13194444444444445
0 0.9375 0.6326388888888889 0.12222222222222222 0.25416666666666665