0 0.2048611111111111 0.24583333333333332 0.4097222222222222 0.3638888888888889
0 0.29444444444444445 0.21458333333333332 0.3277777777777778 0.4263888888888889
0 0.8041666666666667 0.4166666666666667 0.08888888888888889 0.022222222222222223
0 0.9736111111111111 0.19166666666666668 0.05 0.06666666666666667
0 0.6708333333333333 0.24375 0.04236111111111111 0.03958333333333333
0 0.6020833333333333 0.2701388888888889 0.09722222222222222 0.09861111111111111
0 0.7576388888888889 0.37430555555555556 0.06736111111111111 0.05555555555555555
0 0.6965277777777777 0.0875 0.06111111111111111 0.0625
0 0.9069444444444444 0.07847222222222222 0.03611111111111111 0.05486111111111111
0 0.7201388888888889 0.41458333333333336 0.10416666666666667 0.02638888888888889
0 0.7034722222222223 0.006944444444444444 0.029166666666666667 0.013888888888888888
0 0.5145833333333333 0.40694444444444444 0.10972222222222222 0.041666666666666664
0 0.6548611111111111 0.07777777777777778 0.029861111111111113 0.03888888888888889
0 0.6861111111111111 0.36666666666666664 0.03680555555555556 0.05486111111111111
0 0.8618055555555556 0.20069444444444445 0.03333333333333333 0.05625
0 0.6423611111111112 0.19930555555555557 0.07569444444444444 0.08333333333333333
0 0.5756944444444444 0.19791666666666666 0.04513888888888889 0.06111111111111111
0 0.49166666666666664 0.37222222222222223 0.04027777777777778 0.06111111111111111
0 0.8972222222222223 0.34097222222222223 0.20277777777777778 0.1736111111111111
0 0.9701388888888889 0.2708333333333333 0.05694444444444444 0.10555555555555556
0 0.9444444444444444 0.15 0.06111111111111111 0.07013888888888889
0 0.6868055555555556 0.40694444444444444 0.034027777777777775 0.043055555555555555
0 0.6305555555555555 0.09375 0.03958333333333333 0.05625
0 0.11875 0.4840277777777778 0.03194444444444444 0.02638888888888889
0 0.16111111111111112 0.5083333333333333 0.03333333333333333 0.025
0 0.37916666666666665 0.9340277777777778 0.04583333333333333 0.08541666666666667
0 0.2965277777777778 0.7479166666666667 0.07083333333333333 0.06458333333333334
0 0.38263888888888886 0.7680555555555556 0.09791666666666667 0.12083333333333333
0 0.1763888888888889 0.8770833333333333 0.08333333333333333 0.06597222222222222
0 0.1486111111111111 0.9416666666666667 0.1388888888888889 0.11388888888888889
0 0.26666666666666666 0.8736111111111111 0.09444444444444444 0.08194444444444444
0 0.3055555555555556 0.9423611111111111 0.14444444444444443 0.1125
0 0.21875 0.7597222222222222 0.10625 0.14375
0 0.44583333333333336 0.95625 0.025 0.07361111111111111
0 0.2423611111111111 0.6354166666666666 0.02847222222222222 0.03888888888888889
0 0.14305555555555555 0.5826388888888889 0.035416666666666666 0.03958333333333333
0 0.10416666666666667 0.6416666666666667 0.022916666666666665 0.034722222222222224
0 0.1 0.7423611111111111 0.05555555555555555 0.04791666666666667
0 0.04583333333333333 0.7673611111111112 0.03263888888888889 0.03194444444444444
0 0.025 0.7756944444444445 0.05 0.059722222222222225
0 0.0125 0.8041666666666667 0.025 0.05555555555555555
0 0.1423611111111111 0.7083333333333334 0.05 0.07152777777777777
0 0.15625 0.5423611111111111 0.04861111111111111 0.04583333333333333
0 0.30625 0.5152777777777777 0.1875 0.17222222222222222
0 0.38055555555555554 0.48125 0.09444444444444444 0.10416666666666667
0 0.3770833333333333 0.5951388888888889 0.059722222222222225 0.044444444444444446
0 0.4444444444444444 0.7291666666666666 0.027777777777777776 0.08888888888888889
0 0.42569444444444443 0.7527777777777778 0.03819444444444445 0.03263888888888889
0 0.0798611111111111 0.5923611111111111 0.06597222222222222 0.08472222222222223
0 0.20208333333333334 0.4548611111111111 0.06527777777777778 0.05138888888888889
0 0.10208333333333333 0.44513888888888886 0.043055555555555555 0.03194444444444444
0 0.06319444444444444 0.9145833333333333 0.06527777777777778 0.08819444444444445
0 0.1451388888888889 0.8159722222222222 0.13402777777777777 0.13472222222222222
0 0.17847222222222223 0.65 0.125 0.13055555555555556
0 0.41041666666666665 0.9840277777777777 0.09583333333333334 0.029166666666666667
0 0.33819444444444446 0.6430555555555556 0.08611111111111111 0.09652777777777778
0 0.37222222222222223 0.8680555555555556 0.12916666666666668 0.12083333333333333
0 0.8819444444444444 0.73125 0.23333333333333334 0.3819444444444444
0 0.5701388888888889 0.8125 0.22083333333333333 0.37222222222222223
0 0.9451388888888889 0.8076388888888889 0.10694444444444444 0.3819444444444444
0 0.7625 0.9069444444444444 0.20833333333333334 0.18333333333333332
0 0.7659722222222223 0.4909722222222222 0.2152777777777778 0.12361111111111112
0 0.9333333333333333 0.5395833333333333 0.13055555555555556 0.22083333333333333
0 0.6104166666666667 0.5777777777777777 0.3013888888888889 0.2972222222222222
0 0.6944444444444444 0.7020833333333333 0.18472222222222223 0.375