0 0.5048611111111111 0.1798611111111111 0.10694444444444444 0.09583333333333334
0 0.325 0.4930555555555556 0.22777777777777777 0.16944444444444445
0 0.3902777777777778 0.21875 0.08194444444444444 0.15208333333333332
0 0.4722222222222222 0.3527777777777778 0.17222222222222222 0.17222222222222222
0 0.03333333333333333 0.40555555555555556 0.06666666666666667 0.15833333333333333
0 0.5069444444444444 0.54375 0.07777777777777778 0.06805555555555555
0 0.5465277777777777 0.5298611111111111 0.02361111111111111 0.09583333333333334
0 0.22083333333333333 0.39305555555555555 0.06458333333333334 0.05347222222222222
0 0.5486111111111112 0.0625 0.019444444444444445 0.041666666666666664
0 0.5361111111111111 0.04097222222222222 0.04652777777777778 0.05347222222222222
0 0.2652777777777778 0.09861111111111111 0.07708333333333334 0.07916666666666666
0 0.1986111111111111 0.18194444444444444 0.07222222222222222 0.06944444444444445
0 0.3263888888888889 0.3076388888888889 0.1326388888888889 0.14444444444444443
0 0.5430555555555555 0.13402777777777777 0.030555555555555555 0.05694444444444444
0 0.5229166666666667 0.5666666666666667 0.07083333333333333 0.022222222222222223
0 0.4125 0.13819444444444445 0.09236111111111112 0.11458333333333333
0 0.3263888888888889 0.22847222222222222 0.11736111111111111 0.20833333333333334
0 0.33402777777777776 0.2708333333333333 0.07222222222222222 0.12430555555555556
0 0.10694444444444444 0.4875 0.15555555555555556 0.18055555555555555
0 0.19444444444444445 0.5048611111111111 0.04097222222222222 0.05138888888888889
0 0.19583333333333333 0.5548611111111111 0.08611111111111111 0.04583333333333333
0 0.049305555555555554 0.5486111111111112 0.06527777777777778 0.058333333333333334
0 0.06111111111111111 0.29375 0.10694444444444444 0.11666666666666667
0 0.14097222222222222 0.3215277777777778 0.06736111111111111 0.07152777777777777
0 0.21180555555555555 0.3347222222222222 0.08611111111111111 0.07013888888888889
0 0.9416666666666667 0.5097222222222222 0.11388888888888889 0.1361111111111111
0 0.7381944444444445 0.06805555555555555 0.21597222222222223 0.10277777777777777
0 0.6111111111111112 0.041666666666666664 0.10277777777777777 0.08333333333333333
0 0.9722222222222222 0.10694444444444444 0.05277777777777778 0.14722222222222223
0 0.6423611111111112 0.12986111111111112 0.16527777777777777 0.1375
0 0.8868055555555555 0.4354166666666667 0.08611111111111111 0.14583333333333334
0 0.73125 0.32569444444444445 0.34305555555555556 0.2763888888888889
0 0.9180555555555555 0.19166666666666668 0.05347222222222222 0.0763888888888889
0 0.7944444444444444 0.16319444444444445 0.2 0.12986111111111112
0 0.9451388888888889 0.36041666666666666 0.10694444444444444 0.20972222222222223
0 0.7618055555555555 0.49375 0.08819444444444445 0.11944444444444445
0 0.8444444444444444 0.5138888888888888 0.09722222222222222 0.12777777777777777
0 0.6493055555555556 0.4951388888888889 0.17916666666666667 0.16527777777777777
0 0.5763888888888888 0.25763888888888886 0.03333333333333333 0.1625
0 0.875 0.05416666666666667 0.16944444444444445 0.10833333333333334
0 0.79375 0.014583333333333334 0.07361111111111111 0.029166666666666667
0 0.43472222222222223 0.6527777777777778 0.07152777777777777 0.0798611111111111
0 0.05555555555555555 0.95625 0.1111111111111111 0.08472222222222223
0 0.10416666666666667 0.8409722222222222 0.20833333333333334 0.20416666666666666
0 0.4479166666666667 0.6048611111111111 0.05694444444444444 0.05138888888888889
0 0.5083333333333333 0.6361111111111111 0.06944444444444445 0.11388888888888889
0 0.10416666666666667 0.6104166666666667 0.18333333333333332 0.0625
0 0.17916666666666667 0.7201388888888889 0.08680555555555555 0.07222222222222222
0 0.36666666666666664 0.6270833333333333 0.10833333333333334 0.09583333333333334
0 0.2465277777777778 0.7763888888888889 0.1 0.125
0 0.3375 0.7479166666666667 0.06736111111111111 0.06944444444444445
0 0.41388888888888886 0.8055555555555556 0.06041666666666667 0.07430555555555556
0 0.10833333333333334 0.6819444444444445 0.11736111111111111 0.12013888888888889
0 0.029166666666666667 0.6451388888888889 0.058333333333333334 0.13194444444444445
0 0.26319444444444445 0.6013888888888889 0.10138888888888889 0.044444444444444446
0 0.2513888888888889 0.6326388888888889 0.04027777777777778 0.09652777777777778
0 0.525 0.6763888888888889 0.06666666666666667 0.09722222222222222
0 0.4930555555555556 0.8 0.13055555555555556 0.1638888888888889
0 0.31805555555555554 0.6798611111111111 0.1423611111111111 0.13472222222222222
0 0.12152777777777778 0.6104166666666667 0.14027777777777778 0.0625
0 0.6854166666666667 0.8861111111111111 0.19166666666666668 0.1763888888888889
0 0.9402777777777778 0.7590277777777777 0.11666666666666667 0.10416666666666667
0 0.9486111111111111 0.6020833333333333 0.09444444444444444 0.04583333333333333
0 0.8354166666666667 0.7256944444444444 0.15902777777777777 0.09305555555555556
0 0.875 0.8194444444444444 0.20347222222222222 0.1361111111111111
0 0.8868055555555555 0.9381944444444444 0.22361111111111112 0.12083333333333333
0 0.9729166666666667 0.8534722222222222 0.05138888888888889 0.13194444444444445
0 0.8020833333333334 0.6326388888888889 0.1125 0.10694444444444444
0 0.6638888888888889 0.60625 0.08333333333333333 0.05416666666666667
0 0.7701388888888889 0.9326388888888889 0.15138888888888888 0.13194444444444445