0 0.22916666666666666 0.15625 0.4583333333333333 0.3125
0 0.3680555555555556 0.3333333333333333 0.18055555555555555 0.20833333333333334
0 0.08541666666666667 0.26180555555555557 0.17083333333333334 0.35138888888888886
0 0.9284722222222223 0.015277777777777777 0.06805555555555555 0.030555555555555555
0 0.4756944444444444 0.3854166666666667 0.03194444444444444 0.06805555555555555
0 0.59375 0.3034722222222222 0.08402777777777778 0.08819444444444445
0 0.9027777777777778 0.16111111111111112 0.07361111111111111 0.13125
0 0.9652777777777778 0.37569444444444444 0.06666666666666667 0.12361111111111112
0 0.7041666666666667 0.23125 0.059027777777777776 0.05625
0 0.6715277777777777 0.16527777777777777 0.11041666666666666 0.16875
0 0.8576388888888888 0.4111111111111111 0.07083333333333333 0.05277777777777778
0 0.81875 0.36319444444444443 0.07013888888888889 0.07708333333333334
0 0.5256944444444445 0.2534722222222222 0.13194444444444445 0.10972222222222222
0 0.8604166666666667 0.28680555555555554 0.12291666666666666 0.10902777777777778
0 0.6645833333333333 0.019444444444444445 0.07916666666666666 0.03888888888888889
0 0.9611111111111111 0.1638888888888889 0.075 0.23055555555555557
0 0.6840277777777778 0.4027777777777778 0.12083333333333333 0.06944444444444445
0 0.8722222222222222 0.03680555555555556 0.06111111111111111 0.07361111111111111
0 0.7659722222222223 0.020833333333333332 0.13472222222222222 0.041666666666666664
0 0.2722222222222222 0.48541666666666666 0.36666666666666664 0.09305555555555556
0 0.28888888888888886 0.5840277777777778 0.2013888888888889 0.21805555555555556
0 0.04791666666666667 0.6875 0.09583333333333334 0.49722222222222223
0 0.12430555555555556 0.71875 0.24861111111111112 0.5597222222222222
0 0.33611111111111114 0.7576388888888889 0.24444444444444444 0.48194444444444445
0 0.8222222222222222 0.5368055555555555 0.3388888888888889 0.19583333333333333
0 0.6201388888888889 0.8048611111111111 0.32083333333333336 0.3875
0 0.8680555555555556 0.7652777777777777 0.2611111111111111 0.4666666666666667