0 0.4708333333333333 0.28958333333333336 0.11388888888888889 0.14027777777777778
0 0.3972222222222222 0.13333333333333333 0.2611111111111111 0.26666666666666666
0 0.8020833333333334 0.19930555555555557 0.3236111111111111 0.39861111111111114
0 0.5951388888888889 0.19930555555555557 0.13194444444444445 0.39861111111111114
0 0.8881944444444444 0.34791666666666665 0.22083333333333333 0.10138888888888889
0 0.33402777777777776 0.6097222222222223 0.29583333333333334 0.41944444444444445
0 0.46319444444444446 0.74375 0.12916666666666668 0.24027777777777778
0 0.28055555555555556 0.8944444444444445 0.25833333333333336 0.20833333333333334
0 0.11458333333333333 0.5569444444444445 0.22916666666666666 0.3138888888888889
0 0.6430555555555556 0.5083333333333333 0.13333333333333333 0.12222222222222222
0 0.9270833333333334 0.9888888888888889 0.14305555555555555 0.019444444444444445
0 0.8027777777777778 0.9493055555555555 0.18611111111111112 0.09861111111111111
0 0.5666666666666667 0.8326388888888889 0.075 0.2569444444444444
0 0.7805555555555556 0.5729166666666666 0.0763888888888889 0.11180555555555556
0 0.7152777777777778 0.7840277777777778 0.21597222222222223 0.2604166666666667
0 0.8944444444444445 0.7340277777777777 0.20833333333333334 0.4930555555555556
0 0.8805555555555555 0.5131944444444444 0.12430555555555556 0.13194444444444445
0 0.8763888888888889 0.4618055555555556 0.08680555555555555 0.07569444444444444
0 0.8263888888888888 0.4173611111111111 0.06111111111111111 0.034722222222222224
0 0.7652777777777777 0.43194444444444446 0.07222222222222222 0.06388888888888888
0 0.5583333333333333 0.5972222222222222 0.058333333333333334 0.16666666666666666