0 0.29444444444444445 0.21875 0.03125 0.05694444444444444
0 0.07291666666666667 0.27291666666666664 0.13472222222222222 0.09236111111111112
0 0.3284722222222222 0.46458333333333335 0.12569444444444444 0.12430555555555556
0 0.03958333333333333 0.5840277777777778 0.05138888888888889 0.04861111111111111
0 0.19236111111111112 0.4513888888888889 0.04861111111111111 0.06875
0 0.2604166666666667 0.4513888888888889 0.08402777777777778 0.0625
0 0.4097222222222222 0.40208333333333335 0.052083333333333336 0.05694444444444444
0 0.2833333333333333 0.18055555555555555 0.08472222222222223 0.05416666666666667
0 0.20208333333333334 0.23055555555555557 0.14305555555555555 0.08819444444444445
0 0.3625 0.5520833333333334 0.2 0.1125
0 0.45208333333333334 0.41875 0.07083333333333333 0.16527777777777777
0 0.3875 0.2861111111111111 0.08472222222222223 0.07222222222222222
0 0.3909722222222222 0.2125 0.06180555555555556 0.07777777777777778
0 0.3472222222222222 0.25972222222222224 0.05694444444444444 0.07083333333333333
0 0.46111111111111114 0.2590277777777778 0.05277777777777778 0.0875
0 0.2923611111111111 0.33541666666666664 0.07152777777777777 0.11180555555555556
0 0.029166666666666667 0.1451388888888889 0.058333333333333334 0.19583333333333333
0 0.13541666666666666 0.3770833333333333 0.18819444444444444 0.1486111111111111
0 0.2125 0.53125 0.0875 0.06458333333333334
0 0.46597222222222223 0.4986111111111111 0.043055555555555555 0.05
0 0.5354166666666667 0.05277777777777778 0.050694444444444445 0.03263888888888889
0 0.71875 0.04791666666666667 0.0763888888888889 0.07083333333333333
0 0.5486111111111112 0.3173611111111111 0.06319444444444444 0.05694444444444444
0 0.5284722222222222 0.3784722222222222 0.07916666666666666 0.08472222222222223
0 0.8958333333333334 0.18888888888888888 0.027777777777777776 0.04027777777777778
0 0.9305555555555556 0.19375 0.03333333333333333 0.04722222222222222
0 0.8229166666666666 0.017361111111111112 0.04027777777777778 0.034722222222222224
0 0.9520833333333333 0.13472222222222222 0.06736111111111111 0.03888888888888889
0 0.6743055555555556 0.3388888888888889 0.05347222222222222 0.05277777777777778
0 0.5152777777777777 0.3215277777777778 0.05277777777777778 0.09583333333333334
0 0.8430555555555556 0.10277777777777777 0.04097222222222222 0.07222222222222222
0 0.7666666666666667 0.2951388888888889 0.11666666666666667 0.09097222222222222
0 0.85 0.21805555555555556 0.07013888888888889 0.04861111111111111
0 0.9881944444444445 0.1375 0.020833333333333332 0.05555555555555555
0 0.7993055555555556 0.2423611111111111 0.050694444444444445 0.04722222222222222
0 0.5715277777777777 0.05 0.027083333333333334 0.027777777777777776
0 0.5958333333333333 0.04722222222222222 0.02638888888888889 0.03611111111111111
0 0.5444444444444444 0.030555555555555555 0.10555555555555556 0.06111111111111111
0 0.88125 0.1763888888888889 0.04375 0.04097222222222222
0 0.6201388888888889 0.03194444444444444 0.03263888888888889 0.027777777777777776
0 0.15555555555555556 0.7895833333333333 0.23125 0.3333333333333333
0 0.37777777777777777 0.85625 0.21944444444444444 0.2847222222222222
0 0.28680555555555554 0.6638888888888889 0.4013888888888889 0.10833333333333334
0 0.024305555555555556 0.71875 0.04861111111111111 0.2152777777777778
0 0.59375 0.7416666666666667 0.20972222222222223 0.2638888888888889
0 0.8277777777777777 0.8013888888888889 0.3194444444444444 0.38333333333333336
0 0.9618055555555556 0.8076388888888889 0.07361111111111111 0.3819444444444444
0 0.6868055555555556 0.9333333333333333 0.24583333333333332 0.13055555555555556