0 0.1326388888888889 0.043055555555555555 0.12638888888888888 0.08611111111111111
0 0.18194444444444444 0.10972222222222222 0.10277777777777777 0.14791666666666667
0 0.17847222222222223 0.23819444444444443 0.06944444444444445 0.13819444444444445
0 0.3486111111111111 0.36944444444444446 0.5583333333333333 0.5777777777777777
0 0.8326388888888889 0.3472222222222222 0.33194444444444443 0.6222222222222222
0 0.7048611111111112 0.4270833333333333 0.15138888888888888 0.4625
0 0.8138888888888889 0.25555555555555554 0.36944444444444446 0.5111111111111111
0 0.5465277777777777 0.7055555555555556 0.14027777777777778 0.09166666666666666
0 0.0625 0.7923611111111111 0.07291666666666667 0.09236111111111112
0 0.45555555555555555 0.8291666666666667 0.20833333333333334 0.3388888888888889
0 0.2520833333333333 0.8291666666666667 0.2847222222222222 0.3388888888888889
0 0.8590277777777777 0.7145833333333333 0.14027777777777778 0.10972222222222222
0 0.8708333333333333 0.74375 0.09652777777777778 0.09166666666666666
0 0.9729166666666667 0.9277777777777778 0.05138888888888889 0.10277777777777777
0 0.7145833333333333 0.80625 0.058333333333333334 0.05694444444444444
0 0.7736111111111111 0.7305555555555555 0.05 0.050694444444444445
0 0.7111111111111111 0.7347222222222223 0.04722222222222222 0.059027777777777776