0 0.5125 0.55625 0.17222222222222222 0.08472222222222223
0 0.2534722222222222 0.13472222222222222 0.22083333333333333 0.26944444444444443
0 0.43194444444444446 0.2833333333333333 0.3333333333333333 0.5666666666666667
0 0.7993055555555556 0.13055555555555556 0.39861111111111114 0.2611111111111111
0 0.7993055555555556 0.36527777777777776 0.39861111111111114 0.4666666666666667
0 0.44930555555555557 0.8215277777777777 0.2986111111111111 0.3541666666666667
0 0.20277777777777778 0.8777777777777778 0.40555555555555556 0.24166666666666667
0 0.2625 0.7152777777777778 0.3055555555555556 0.23055555555555557
0 0.052083333333333336 0.6986111111111111 0.10416666666666667 0.19722222222222222
0 0.4861111111111111 0.7083333333333334 0.225 0.21666666666666667
0 0.6875 0.7576388888888889 0.05416666666666667 0.05694444444444444
0 0.9194444444444444 0.6673611111111111 0.15833333333333333 0.13472222222222222
0 0.6965277777777777 0.9340277777777778 0.19305555555555556 0.12916666666666668
0 0.8451388888888889 0.8479166666666667 0.10625 0.1076388888888889
0 0.80625 0.9791666666666666 0.09861111111111111 0.03888888888888889
0 0.9618055555555556 0.9604166666666667 0.07083333333333333 0.0763888888888889
0 0.8972222222222223 0.7944444444444444 0.07013888888888889 0.10069444444444445
0 0.6159722222222223 0.6354166666666666 0.03194444444444444 0.0625