0 0.2361111111111111 0.28958333333333336 0.4722222222222222 0.5791666666666667
0 0.5159722222222223 0.11458333333333333 0.11597222222222223 0.14791666666666667
0 0.29305555555555557 0.5465277777777777 0.09166666666666666 0.10416666666666667
0 0.5041666666666667 0.034027777777777775 0.12777777777777777 0.06805555555555555
0 0.8340277777777778 0.23541666666666666 0.32916666666666666 0.3597222222222222
0 0.8583333333333333 0.45902777777777776 0.21180555555555555 0.21180555555555555
0 0.2048611111111111 0.7069444444444445 0.2125 0.21388888888888888
0 0.5229166666666667 0.8381944444444445 0.2902777777777778 0.32083333333333336
0 0.29097222222222224 0.8770833333333333 0.2763888888888889 0.24305555555555555
0 0.4583333333333333 0.6868055555555556 0.3111111111111111 0.1736111111111111
0 0.74375 0.9513888888888888 0.1486111111111111 0.09444444444444444
0 0.8631944444444445 0.9645833333333333 0.2263888888888889 0.06805555555555555
0 0.8340277777777778 0.6652777777777777 0.32916666666666666 0.13055555555555556
0 0.8104166666666667 0.8152777777777778 0.26319444444444445 0.3