0 0.24375 0.2375 0.4875 0.4
0 0.7333333333333333 0.25763888888888886 0.4888888888888889 0.3597222222222222
0 0.5284722222222222 0.12430555555555556 0.07916666666666666 0.1375
0 0.6840277777777778 0.041666666666666664 0.1125 0.08333333333333333
0 0.4083333333333333 0.9722222222222222 0.15833333333333333 0.05277777777777778
0 0.07847222222222222 0.9826388888888888 0.15694444444444444 0.03194444444444444
0 0.4465277777777778 0.8798611111111111 0.04791666666666667 0.07083333333333333
0 0.3819444444444444 0.8479166666666667 0.09236111111111112 0.09444444444444444
0 0.3104166666666667 0.9840277777777777 0.06805555555555555 0.029166666666666667
0 0.22569444444444445 0.9576388888888889 0.07152777777777777 0.05694444444444444
0 0.16458333333333333 0.9590277777777778 0.06597222222222222 0.03611111111111111
0 0.1840277777777778 0.6798611111111111 0.05694444444444444 0.05416666666666667
0 0.17291666666666666 0.63125 0.058333333333333334 0.06597222222222222
0 0.0798611111111111 0.5729166666666666 0.09097222222222222 0.07847222222222222
0 0.2298611111111111 0.7381944444444445 0.034722222222222224 0.07291666666666667
0 0.4361111111111111 0.9527777777777777 0.10277777777777777 0.09166666666666666
0 0.15694444444444444 0.7090277777777778 0.050694444444444445 0.05625
0 0.11805555555555555 0.6722222222222223 0.04652777777777778 0.050694444444444445
0 0.17847222222222223 0.875 0.044444444444444446 0.05277777777777778
0 0.2590277777777778 0.7576388888888889 0.03611111111111111 0.11597222222222223
0 0.050694444444444445 0.78125 0.04583333333333333 0.04097222222222222
0 0.11527777777777778 0.8618055555555556 0.05763888888888889 0.07222222222222222
0 0.06666666666666667 0.8430555555555556 0.03888888888888889 0.05416666666666667
0 0.03888888888888889 0.8722222222222222 0.07777777777777778 0.09166666666666666
0 0.30972222222222223 0.7729166666666667 0.06736111111111111 0.04513888888888889
0 0.3076388888888889 0.8173611111111111 0.058333333333333334 0.06388888888888888
0 0.013888888888888888 0.9402777777777778 0.027777777777777776 0.075
0 0.058333333333333334 0.9576388888888889 0.06458333333333334 0.06319444444444444
0 0.15138888888888888 0.9798611111111111 0.10833333333333334 0.0375
0 0.3840277777777778 0.9104166666666667 0.10138888888888889 0.08680555555555555
0 0.40555555555555556 0.7354166666666667 0.1638888888888889 0.2902777777777778
0 0.28125 0.6743055555555556 0.11736111111111111 0.15555555555555556
0 0.14930555555555555 0.5506944444444445 0.15625 0.125
0 0.9076388888888889 0.7861111111111111 0.18194444444444444 0.425
0 0.6361111111111111 0.8881944444444444 0.19166666666666668 0.22083333333333333
0 0.7979166666666667 0.8777777777777778 0.22083333333333333 0.24166666666666667
0 0.9458333333333333 0.5194444444444445 0.10555555555555556 0.16111111111111112
0 0.7395833333333334 0.5340277777777778 0.32083333333333336 0.19027777777777777
0 0.8430555555555556 0.5784722222222223 0.11180555555555556 0.10625
0 0.6229166666666667 0.6097222222222223 0.11736111111111111 0.2375
0 0.725 0.6930555555555555 0.1597222222222222 0.16875