0 0.5020833333333333 0.42777777777777776 0.05138888888888889 0.075
0 0.5152777777777777 0.35347222222222224 0.025 0.07916666666666666
0 0.04652777777777778 0.10416666666666667 0.05416666666666667 0.07361111111111111
0 0.16597222222222222 0.22847222222222222 0.06527777777777778 0.04513888888888889
0 0.4263888888888889 0.05277777777777778 0.04583333333333333 0.05486111111111111
0 0.3194444444444444 0.12152777777777778 0.050694444444444445 0.05138888888888889
0 0.3527777777777778 0.14930555555555555 0.07361111111111111 0.06319444444444444
0 0.007638888888888889 0.2152777777777778 0.015277777777777777 0.1527777777777778
0 0.2465277777777778 0.37777777777777777 0.09861111111111111 0.09375
0 0.3888888888888889 0.5069444444444444 0.16666666666666666 0.12222222222222222
0 0.1798611111111111 0.2875 0.06597222222222222 0.08055555555555556
0 0.1527777777777778 0.4201388888888889 0.06388888888888888 0.050694444444444445
0 0.10416666666666667 0.35 0.09375 0.07430555555555556
0 0.0875 0.4041666666666667 0.06319444444444444 0.06388888888888888
0 0.4652777777777778 0.2638888888888889 0.09375 0.08263888888888889
0 0.48819444444444443 0.31527777777777777 0.07916666666666666 0.09722222222222222
0 0.42916666666666664 0.40555555555555556 0.07916666666666666 0.06458333333333334
0 0.6194444444444445 0.47430555555555554 0.18055555555555555 0.1597222222222222
0 0.9548611111111112 0.4895833333333333 0.0875 0.15694444444444444
0 0.8993055555555556 0.48819444444444443 0.058333333333333334 0.05347222222222222
0 0.8861111111111111 0.5451388888888888 0.04722222222222222 0.04583333333333333
0 0.8347222222222223 0.4756944444444444 0.03194444444444444 0.04791666666666667
0 0.9888888888888889 0.3020833333333333 0.019444444444444445 0.05138888888888889
0 0.8743055555555556 0.21458333333333332 0.05694444444444444 0.08263888888888889
0 0.7604166666666666 0.25625 0.09166666666666666 0.05347222222222222
0 0.7083333333333334 0.5041666666666667 0.06388888888888888 0.05486111111111111
0 0.9548611111111112 0.34305555555555556 0.08263888888888889 0.09791666666666667
0 0.8284722222222223 0.3423611111111111 0.059722222222222225 0.07708333333333334
0 0.8736111111111111 0.3680555555555556 0.08333333333333333 0.07430555555555556
0 0.5694444444444444 0.3715277777777778 0.08055555555555556 0.07361111111111111
0 0.6638888888888889 0.31805555555555554 0.15347222222222223 0.10486111111111111
0 0.6645833333333333 0.5409722222222222 0.059722222222222225 0.05416666666666667
0 0.80625 0.5340277777777778 0.10625 0.06944444444444445
0 0.7340277777777777 0.5402777777777777 0.09027777777777778 0.05555555555555555
0 0.7895833333333333 0.4965277777777778 0.058333333333333334 0.03958333333333333
0 0.7659722222222223 0.4236111111111111 0.0798611111111111 0.1076388888888889
0 0.8125 0.5486111111111112 0.13333333333333333 0.03888888888888889
0 0.9555555555555556 0.2652777777777778 0.052083333333333336 0.04583333333333333
0 0.8763888888888889 0.29375 0.07708333333333334 0.0763888888888889
0 0.7715277777777778 0.2951388888888889 0.03680555555555556 0.05277777777777778
0 0.8277777777777777 0.26319444444444445 0.050694444444444445 0.05277777777777778
0 0.43472222222222223 0.9208333333333333 0.18611111111111112 0.15555555555555556
0 0.35555555555555557 0.7840277777777778 0.34444444444444444 0.42916666666666664
0 0.17777777777777778 0.8736111111111111 0.35555555555555557 0.25
0 0.10972222222222222 0.675 0.21944444444444444 0.2111111111111111
0 0.5645833333333333 0.8576388888888888 0.07083333333333333 0.24027777777777778
0 0.8625 0.9625 0.10833333333333334 0.07222222222222222
0 0.8229166666666666 0.7555555555555555 0.07361111111111111 0.07013888888888889
0 0.9618055555555556 0.7986111111111112 0.07361111111111111 0.05555555555555555
0 0.9854166666666667 0.9215277777777777 0.02638888888888889 0.1125
0 0.9236111111111112 0.8680555555555556 0.05555555555555555 0.059722222222222225
0 0.88125 0.8875 0.06388888888888888 0.08402777777777778
0 0.9166666666666666 0.9451388888888889 0.06666666666666667 0.10694444444444444
0 0.8430555555555556 0.6722222222222223 0.07083333333333333 0.07222222222222222
0 0.8645833333333334 0.5861111111111111 0.0763888888888889 0.03333333333333333
0 0.9590277777777778 0.6284722222222222 0.07916666666666666 0.11805555555555555
0 0.9118055555555555 0.7333333333333333 0.07083333333333333 0.06111111111111111
0 0.8027777777777778 0.65 0.0625 0.06527777777777778
0 0.7694444444444445 0.5986111111111111 0.05 0.058333333333333334
0 0.5958333333333333 0.7791666666666667 0.10555555555555556 0.06805555555555555
0 0.7465277777777778 0.8048611111111111 0.10138888888888889 0.2111111111111111
0 0.7729166666666667 0.9368055555555556 0.12083333333333333 0.05625
0 0.6680555555555555 0.9861111111111112 0.14444444444444443 0.025
0 0.7652777777777777 0.9694444444444444 0.07222222222222222 0.058333333333333334
0 0.8368055555555556 0.71875 0.050694444444444445 0.04027777777777778
0 0.9118055555555555 0.8069444444444445 0.09236111111111112 0.08888888888888889
0 0.8243055555555555 0.8291666666666667 0.07847222222222222 0.10625