0 0.12430555555555556 0.3715277777777778 0.24861111111111112 0.2125
0 0.08611111111111111 0.13125 0.17222222222222222 0.2625
0 0.5527777777777778 0.18541666666666667 0.6055555555555555 0.37083333333333335
0 0.8888888888888888 0.07708333333333334 0.21944444444444444 0.15416666666666667
0 0.9006944444444445 0.41597222222222224 0.19583333333333333 0.12361111111111112
0 0.41805555555555557 0.2388888888888889 0.33611111111111114 0.4777777777777778
0 0.06736111111111111 0.5645833333333333 0.13472222222222222 0.17083333333333334
0 0.18680555555555556 0.6097222222222223 0.12361111111111112 0.2611111111111111
0 0.050694444444444445 0.7180555555555556 0.10138888888888889 0.24722222222222223
0 0.12430555555555556 0.7958333333333333 0.24861111111111112 0.40555555555555556
0 0.4173611111111111 0.7090277777777778 0.3347222222222222 0.3013888888888889
0 0.4166666666666667 0.8763888888888889 0.3333333333333333 0.24444444444444444
0 0.6888888888888889 0.5923611111111111 0.49444444444444446 0.2263888888888889
0 0.7645833333333333 0.7722222222222223 0.46805555555555556 0.4527777777777778