0 0.5784722222222223 0.09375 0.14027777777777778 0.1875
0 0.3145833333333333 0.28888888888888886 0.5263888888888889 0.5777777777777777
0 0.5305555555555556 0.425 0.2361111111111111 0.3055555555555556
0 0.07361111111111111 0.22291666666666668 0.14722222222222223 0.44583333333333336
0 0.3486111111111111 0.02847222222222222 0.5944444444444444 0.05694444444444444
0 0.7 0.2590277777777778 0.1 0.3680555555555556
0 0.7 0.5055555555555555 0.1 0.14444444444444443
0 0.8576388888888888 0.4701388888888889 0.28194444444444444 0.2152777777777778
0 0.7763888888888889 0.19027777777777777 0.225 0.38055555555555554
0 0.9375 0.23194444444444445 0.12222222222222222 0.4638888888888889
0 0.22777777777777777 0.9381944444444444 0.2861111111111111 0.12083333333333333
0 0.5027777777777778 0.9333333333333333 0.07013888888888889 0.06875
0 0.41180555555555554 0.9895833333333334 0.07916666666666666 0.018055555555555554
0 0.3993055555555556 0.9319444444444445 0.1284722222222222 0.11527777777777778
0 0.5402777777777777 0.8965277777777778 0.10069444444444445 0.10277777777777777
0 0.4875 0.9756944444444444 0.12222222222222222 0.04583333333333333
0 0.5097222222222222 0.8465277777777778 0.0875 0.10416666666666667
0 0.06041666666666667 0.9402777777777778 0.11527777777777778 0.11666666666666667
0 0.34791666666666665 0.8166666666666667 0.19652777777777777 0.12013888888888889
0 0.3263888888888889 0.7486111111111111 0.1284722222222222 0.10416666666666667
0 0.20208333333333334 0.7986111111111112 0.08680555555555555 0.06597222222222222
0 0.18125 0.7152777777777778 0.05694444444444444 0.07361111111111111
0 0.12291666666666666 0.6506944444444445 0.20972222222222223 0.14305555555555555
0 0.24861111111111112 0.7173611111111111 0.08263888888888889 0.07083333333333333
0 0.2861111111111111 0.6138888888888889 0.08055555555555556 0.06944444444444445
0 0.41458333333333336 0.6590277777777778 0.05416666666666667 0.06041666666666667
0 0.6 0.7840277777777778 0.09722222222222222 0.12083333333333333
0 0.6395833333333333 0.6902777777777778 0.018055555555555554 0.14166666666666666
0 0.5333333333333333 0.6743055555555556 0.21597222222222223 0.16944444444444445
0 0.40694444444444444 0.7243055555555555 0.04652777777777778 0.06458333333333334
0 0.5423611111111111 0.76875 0.05555555555555555 0.03611111111111111
0 0.49166666666666664 0.7736111111111111 0.08888888888888889 0.06458333333333334
0 0.7951388888888888 0.7229166666666667 0.2902777777777778 0.2875
0 0.8618055555555556 0.7888888888888889 0.27361111111111114 0.41944444444444445