0 0.30972222222222223 0.07430555555555556 0.2361111111111111 0.1486111111111111
0 0.20347222222222222 0.20902777777777778 0.40694444444444444 0.41805555555555557
0 0.21388888888888888 0.36875 0.42777777777777776 0.09861111111111111
0 0.6951388888888889 0.15555555555555556 0.5319444444444444 0.3111111111111111
0 0.48541666666666666 0.3277777777777778 0.1125 0.18055555555555555
0 0.38333333333333336 0.6645833333333333 0.08888888888888889 0.14583333333333334
0 0.16319444444444445 0.4409722222222222 0.11527777777777778 0.043055555555555555
0 0.27291666666666664 0.4486111111111111 0.06527777777777778 0.058333333333333334
0 0.3625 0.53125 0.13055555555555556 0.22361111111111112
0 0.22083333333333333 0.5881944444444445 0.07013888888888889 0.07777777777777778
0 0.2326388888888889 0.5284722222222222 0.05416666666666667 0.07430555555555556
0 0.2916666666666667 0.5631944444444444 0.06666666666666667 0.12777777777777777
0 0.31180555555555556 0.4930555555555556 0.03125 0.05
0 0.013888888888888888 0.4736111111111111 0.027777777777777776 0.06944444444444445
0 0.15416666666666667 0.5173611111111112 0.10416666666666667 0.18333333333333332
0 0.043055555555555555 0.7090277777777778 0.08611111111111111 0.12361111111111112
0 0.12569444444444444 0.68125 0.06597222222222222 0.06805555555555555
0 0.2 0.7375 0.059027777777777776 0.07291666666666667
0 0.05347222222222222 0.5145833333333333 0.09791666666666667 0.08819444444444445
0 0.041666666666666664 0.5680555555555555 0.03888888888888889 0.09444444444444444
0 0.3159722222222222 0.6111111111111112 0.07916666666666666 0.09305555555555556
0 0.2861111111111111 0.7319444444444444 0.14444444444444443 0.15902777777777777
0 0.10694444444444444 0.6145833333333334 0.13958333333333334 0.13194444444444445
0 0.5527777777777778 0.8847222222222222 0.24722222222222223 0.22777777777777777
0 0.5416666666666666 0.5909722222222222 0.225 0.34305555555555556
0 0.9319444444444445 0.5111111111111111 0.13333333333333333 0.18333333333333332
0 0.8166666666666667 0.7701388888888889 0.3638888888888889 0.45694444444444443
0 0.7722222222222223 0.9631944444444445 0.21944444444444444 0.07083333333333333