0 0.37083333333333335 0.3715277777777778 0.3138888888888889 0.29305555555555557
0 0.2569444444444444 0.12013888888888889 0.5138888888888888 0.24027777777777778
0 0.12638888888888888 0.4263888888888889 0.2111111111111111 0.18333333333333332
0 0.5715277777777777 0.11180555555555556 0.08472222222222223 0.19305555555555556
0 0.6076388888888888 0.02013888888888889 0.15694444444444444 0.04027777777777778
0 0.6284722222222222 0.45694444444444443 0.1986111111111111 0.09722222222222222
0 0.8138888888888889 0.4666666666666667 0.125 0.10277777777777777
0 0.6097222222222223 0.3111111111111111 0.16111111111111112 0.12777777777777777
0 0.6131944444444445 0.2298611111111111 0.16805555555555557 0.2013888888888889
0 0.9229166666666667 0.02013888888888889 0.15138888888888888 0.04027777777777778
0 0.8 0.04652777777777778 0.1486111111111111 0.07291666666666667
0 0.6798611111111111 0.06944444444444445 0.08888888888888889 0.10694444444444444
0 0.8722222222222222 0.15763888888888888 0.24097222222222223 0.175
0 0.9194444444444444 0.4625 0.15833333333333333 0.1111111111111111
0 0.09583333333333334 0.7590277777777777 0.19166666666666668 0.4791666666666667
0 0.3013888888888889 0.8368055555555556 0.3111111111111111 0.3236111111111111
0 0.3326388888888889 0.5916666666666667 0.22083333333333333 0.14444444444444443
0 0.7645833333333333 0.8097222222222222 0.46805555555555556 0.37777777777777777
0 0.9659722222222222 0.8819444444444444 0.06527777777777778 0.23333333333333334
0 0.6854166666666667 0.58125 0.11527777777777778 0.12361111111111112
0 0.5888888888888889 0.6361111111111111 0.11944444444444445 0.23333333333333334
0 0.8715277777777778 0.6493055555555556 0.25416666666666665 0.25972222222222224