0 0.32916666666666666 0.34375 0.5166666666666667 0.12916666666666668
0 0.37777777777777777 0.20416666666666666 0.41944444444444445 0.4083333333333333
0 0.7513888888888889 0.26458333333333334 0.325 0.2875
0 0.22291666666666668 0.5701388888888889 0.14027777777777778 0.16666666666666666
0 0.04097222222222222 0.5444444444444444 0.04513888888888889 0.04652777777777778
0 0.12708333333333333 0.88125 0.06875 0.0763888888888889
0 0.022916666666666665 0.8777777777777778 0.04583333333333333 0.06666666666666667
0 0.07013888888888889 0.8895833333333333 0.05763888888888889 0.08402777777777778
0 0.1388888888888889 0.9736111111111111 0.08055555555555556 0.05
0 0.375 0.45208333333333334 0.12222222222222222 0.08472222222222223
0 0.20208333333333334 0.4395833333333333 0.12083333333333333 0.059722222222222225
0 0.26875 0.4583333333333333 0.17916666666666667 0.09722222222222222
0 0.030555555555555555 0.6472222222222223 0.06111111111111111 0.06388888888888888
0 0.3013888888888889 0.8694444444444445 0.18194444444444444 0.08333333333333333
0 0.46875 0.9041666666666667 0.1076388888888889 0.1388888888888889
0 0.2861111111111111 0.74375 0.14791666666666667 0.11041666666666666
0 0.28194444444444444 0.6729166666666667 0.1701388888888889 0.17430555555555555
0 0.25763888888888886 0.9597222222222223 0.1875 0.07777777777777778
0 0.02847222222222222 0.4583333333333333 0.05694444444444444 0.04861111111111111
0 0.08055555555555556 0.5083333333333333 0.05763888888888889 0.059027777777777776
0 0.5423611111111111 0.45902777777777776 0.09027777777777778 0.09861111111111111
0 0.45694444444444443 0.5131944444444444 0.12986111111111112 0.06319444444444444
0 0.35208333333333336 0.5326388888888889 0.07708333333333334 0.09305555555555556
0 0.5006944444444444 0.6104166666666667 0.1736111111111111 0.15416666666666667
0 0.11180555555555556 0.6659722222222222 0.11458333333333333 0.18611111111111112
0 0.13958333333333334 0.7993055555555556 0.11458333333333333 0.09097222222222222
0 0.044444444444444446 0.7604166666666666 0.08888888888888889 0.16805555555555557
0 0.5395833333333333 0.9125 0.09583333333333334 0.17222222222222222
0 0.4444444444444444 0.9451388888888889 0.21666666666666667 0.10694444444444444
0 0.9215277777777777 0.8645833333333334 0.15416666666666667 0.26805555555555555
0 0.7944444444444444 0.8944444444444445 0.40555555555555556 0.20833333333333334
0 0.6506944444444445 0.4597222222222222 0.12361111111111112 0.1
0 0.8479166666666667 0.6125 0.3013888888888889 0.40555555555555556
0 0.7145833333333333 0.6479166666666667 0.2513888888888889 0.29305555555555557