0 0.23402777777777778 0.2861111111111111 0.46805555555555556 0.5722222222222222
0 0.40625 0.5486111111111112 0.08611111111111111 0.11458333333333333
0 0.5819444444444445 0.5166666666666667 0.225 0.20277777777777778
0 0.9277777777777778 0.5958333333333333 0.1 0.044444444444444446
0 0.7340277777777777 0.5680555555555555 0.22083333333333333 0.1
0 0.5402777777777777 0.08194444444444444 0.14166666666666666 0.1638888888888889
0 0.9368055555555556 0.09861111111111111 0.12361111111111112 0.19722222222222222
0 0.7583333333333333 0.1701388888888889 0.3416666666666667 0.3402777777777778
0 0.9423611111111111 0.18472222222222223 0.029166666666666667 0.0798611111111111
0 0.9798611111111111 0.21319444444444444 0.0375 0.0763888888888889
0 0.5472222222222223 0.28125 0.15555555555555556 0.2791666666666667
0 0.7486111111111111 0.3638888888888889 0.06527777777777778 0.08263888888888889
0 0.625 0.3819444444444444 0.1909722222222222 0.28194444444444444
0 0.8944444444444445 0.41944444444444445 0.20833333333333334 0.3972222222222222
0 0.23402777777777778 0.8090277777777778 0.46805555555555556 0.37916666666666665
0 0.6444444444444445 0.8090277777777778 0.35 0.37916666666666665
0 0.8673611111111111 0.9270833333333334 0.2625 0.14305555555555555
0 0.8895833333333333 0.7465277777777778 0.21805555555555556 0.25416666666666665