0 0.16527777777777777 0.38472222222222224 0.33055555555555555 0.4666666666666667
0 0.23819444444444443 0.3090277777777778 0.2791666666666667 0.6180555555555556
0 0.81875 0.5006944444444444 0.06041666666666667 0.044444444444444446
0 0.7548611111111111 0.5263888888888889 0.1 0.11458333333333333
0 0.83125 0.55 0.07013888888888889 0.06944444444444445
0 0.9034722222222222 0.5645833333333333 0.08958333333333333 0.06666666666666667
0 0.9770833333333333 0.4083333333333333 0.043055555555555555 0.13055555555555556
0 0.6659722222222222 0.5895833333333333 0.18194444444444444 0.05694444444444444
0 0.9777777777777777 0.5430555555555555 0.041666666666666664 0.1388888888888889
0 0.9493055555555555 0.31805555555555554 0.075 0.07569444444444444
0 0.8930555555555556 0.4076388888888889 0.06388888888888888 0.06666666666666667
0 0.5152777777777777 0.5423611111111111 0.06527777777777778 0.06736111111111111
0 0.4861111111111111 0.44027777777777777 0.11041666666666666 0.1527777777777778
0 0.5895833333333333 0.5430555555555555 0.08819444444444445 0.07430555555555556
0 0.6048611111111111 0.4666666666666667 0.16944444444444445 0.20833333333333334
0 0.5465277777777777 0.5923611111111111 0.11527777777777778 0.05138888888888889
0 0.43333333333333335 0.5611111111111111 0.10833333333333334 0.11388888888888889
0 0.44513888888888886 0.6041666666666666 0.13194444444444445 0.027777777777777776
0 0.16875 0.6284722222222222 0.04861111111111111 0.018055555555555554
0 0.029166666666666667 0.6326388888888889 0.058333333333333334 0.02638888888888889
0 0.05555555555555555 0.6659722222222222 0.08263888888888889 0.0763888888888889
0 0.041666666666666664 0.7472222222222222 0.08333333333333333 0.09722222222222222
0 0.3701388888888889 0.6631944444444444 0.015277777777777777 0.06527777777777778
0 0.3159722222222222 0.6881944444444444 0.05694444444444444 0.08611111111111111
0 0.25277777777777777 0.6652777777777777 0.06666666666666667 0.09166666666666666
0 0.6291666666666667 0.6847222222222222 0.2361111111111111 0.13055555555555556
0 0.8131944444444444 0.7680555555555556 0.18472222222222223 0.2972222222222222
0 0.6895833333333333 0.8416666666666667 0.125 0.17847222222222223
0 0.45555555555555555 0.8520833333333333 0.1527777777777778 0.29305555555555557
0 0.5520833333333334 0.8784722222222222 0.17916666666666667 0.225
0 0.6506944444444445 0.9256944444444445 0.13194444444444445 0.14583333333333334
0 0.4826388888888889 0.95625 0.09861111111111111 0.08472222222222223