0 0.1125 0.03958333333333333 0.225 0.07916666666666666
0 0.2951388888888889 0.19444444444444445 0.041666666666666664 0.041666666666666664
0 0.25555555555555554 0.04513888888888889 0.08888888888888889 0.09027777777777778
0 0.33541666666666664 0.0625 0.18472222222222223 0.125
0 0.11180555555555556 0.19652777777777777 0.12361111111111112 0.043055555555555555
0 0.4041666666666667 0.12361111111111112 0.04722222222222222 0.1361111111111111
0 0.3729166666666667 0.18888888888888888 0.10972222222222222 0.058333333333333334
0 0.1125 0.08541666666666667 0.05694444444444444 0.03888888888888889
0 0.05555555555555555 0.08819444444444445 0.09166666666666666 0.04722222222222222
0 0.19305555555555556 0.10347222222222222 0.12916666666666668 0.1111111111111111
0 0.4527777777777778 0.125 0.04722222222222222 0.14444444444444443
0 0.4666666666666667 0.05138888888888889 0.075 0.10277777777777777
0 0.5486111111111112 0.05555555555555555 0.12777777777777777 0.1111111111111111
0 0.66875 0.19305555555555556 0.24583333333333332 0.05
0 0.45416666666666666 0.18819444444444444 0.05 0.059722222222222225
0 0.61875 0.12986111111111112 0.10625 0.12986111111111112
0 0.8847222222222222 0.10555555555555556 0.22777777777777777 0.2111111111111111
0 0.04097222222222222 0.60625 0.08194444444444444 0.12083333333333333
0 0.3597222222222222 0.6319444444444444 0.1361111111111111 0.34444444444444444
0 0.24444444444444444 0.6888888888888889 0.16041666666666668 0.28125
0 0.08402777777777778 0.8194444444444444 0.16805555555555557 0.35833333333333334
0 0.23194444444444445 0.9020833333333333 0.3138888888888889 0.19305555555555556
0 0.10277777777777777 0.2881944444444444 0.20555555555555555 0.1375
0 0.3770833333333333 0.35 0.10138888888888889 0.2611111111111111
0 0.2534722222222222 0.3993055555555556 0.1736111111111111 0.3597222222222222
0 0.09375 0.46944444444444444 0.13125 0.24583333333333332
0 0.022916666666666665 0.48125 0.04583333333333333 0.2847222222222222
0 0.8090277777777778 0.6847222222222222 0.37916666666666665 0.34444444444444444
0 0.5722222222222222 0.7416666666666667 0.16041666666666668 0.28125
0 0.4625 0.8458333333333333 0.06666666666666667 0.3055555555555556
0 0.5729166666666666 0.9284722222222223 0.2875 0.14027777777777778
0 0.5902777777777778 0.25277777777777777 0.2722222222222222 0.06666666666666667
0 0.9430555555555555 0.2833333333333333 0.1111111111111111 0.12777777777777777
0 0.48125 0.3145833333333333 0.10416666666666667 0.19027777777777777
0 0.8194444444444444 0.3763888888888889 0.33055555555555555 0.3138888888888889
0 0.58125 0.4465277777777778 0.17152777777777778 0.3701388888888889
0 0.4583333333333333 0.5222222222222223 0.058333333333333334 0.24722222222222223