0 0.06111111111111111 0.1986111111111111 0.03333333333333333 0.09583333333333334
0 0.4652777777777778 0.3145833333333333 0.04097222222222222 0.04861111111111111
0 0.3368055555555556 0.3736111111111111 0.06041666666666667 0.09930555555555555
0 0.35138888888888886 0.29097222222222224 0.06944444444444445 0.05486111111111111
0 0.38125 0.25763888888888886 0.043055555555555555 0.03333333333333333
0 0.4236111111111111 0.2520833333333333 0.04097222222222222 0.044444444444444446
0 0.18680555555555556 0.024305555555555556 0.20972222222222223 0.04861111111111111
0 0.125 0.08194444444444444 0.15 0.1638888888888889
0 0.4986111111111111 0.2881944444444444 0.03888888888888889 0.07083333333333333
0 0.20069444444444445 0.39861111111111114 0.19305555555555556 0.07916666666666666
0 0.37916666666666665 0.42569444444444443 0.1111111111111111 0.10416666666666667
0 0.46319444444444446 0.42430555555555555 0.10972222222222222 0.10694444444444444
0 0.04513888888888889 0.3277777777777778 0.09027777777777778 0.10277777777777777
0 0.25416666666666665 0.05416666666666667 0.09930555555555555 0.10208333333333333
0 0.3736111111111111 0.043055555555555555 0.1388888888888889 0.08611111111111111
0 0.42916666666666664 0.12916666666666668 0.17777777777777778 0.14444444444444443
0 0.029166666666666667 0.17708333333333334 0.058333333333333334 0.20694444444444443
0 0.34305555555555556 0.45625 0.2111111111111111 0.043055555555555555
0 0.14027777777777778 0.4708333333333333 0.20833333333333334 0.013888888888888888
0 0.18472222222222223 0.21180555555555555 0.18263888888888888 0.2298611111111111
0 0.2875 0.14375 0.035416666666666666 0.06875
0 0.027777777777777776 0.4152777777777778 0.05555555555555555 0.07777777777777778
0 0.8138888888888889 0.4131944444444444 0.3388888888888889 0.12916666666666668
0 0.6145833333333334 0.019444444444444445 0.043055555555555555 0.03888888888888889
0 0.7708333333333334 0.07847222222222222 0.25 0.15694444444444444
0 0.6069444444444444 0.19930555555555557 0.175 0.25972222222222224
0 0.8430555555555556 0.2520833333333333 0.3111111111111111 0.32013888888888886
0 0.6722222222222223 0.3638888888888889 0.16666666666666666 0.22777777777777777
0 0.56875 0.3993055555555556 0.09861111111111111 0.15694444444444444
0 0.06111111111111111 0.6305555555555555 0.12222222222222222 0.30277777777777776
0 0.32013888888888886 0.7388888888888889 0.3958333333333333 0.5194444444444445
0 0.08958333333333333 0.7402777777777778 0.08333333333333333 0.22291666666666668
0 0.1 0.9166666666666666 0.2 0.1638888888888889
0 0.010416666666666666 0.9347222222222222 0.020833333333333332 0.12777777777777777
0 0.18611111111111112 0.9472222222222222 0.11388888888888889 0.10277777777777777
0 0.3729166666666667 0.9604166666666667 0.2902777777777778 0.0763888888888889
0 0.15069444444444444 0.5638888888888889 0.1597222222222222 0.16944444444444445
0 0.8298611111111112 0.6694444444444444 0.25277777777777777 0.34791666666666665
0 0.6194444444444445 0.74375 0.2 0.32083333333333336
0 0.9430555555555555 0.8333333333333334 0.1111111111111111 0.33055555555555555
0 0.5902777777777778 0.8756944444444444 0.14166666666666666 0.24583333333333332
0 0.7715277777777778 0.9180555555555555 0.34305555555555556 0.16111111111111112
0 0.5986111111111111 0.5743055555555555 0.15833333333333333 0.19027777777777777