0 0.6125 0.47291666666666665 0.030555555555555555 0.10972222222222222
0 0.4097222222222222 0.49166666666666664 0.06458333333333334 0.06666666666666667
0 0.38125 0.38958333333333334 0.10972222222222222 0.15208333333333332
0 0.48333333333333334 0.49166666666666664 0.08888888888888889 0.07222222222222222
0 0.4986111111111111 0.41597222222222224 0.16805555555555557 0.20694444444444443
0 0.44027777777777777 0.5215277777777778 0.11388888888888889 0.0125
0 0.11875 0.5034722222222222 0.2375 0.04861111111111111
0 0.3104166666666667 0.4909722222222222 0.14305555555555555 0.07361111111111111
0 0.8083333333333333 0.029166666666666667 0.33055555555555555 0.058333333333333334
0 0.7368055555555556 0.2076388888888889 0.2152777777777778 0.3597222222222222
0 0.8972222222222223 0.28958333333333336 0.20277777777777778 0.4486111111111111
0 0.7180555555555556 0.3402777777777778 0.17777777777777778 0.35
0 0.2520833333333333 0.8645833333333334 0.5041666666666667 0.26805555555555555
0 0.19652777777777777 0.7472222222222222 0.39305555555555555 0.33611111111111114
0 0.5055555555555555 0.7638888888888888 0.24444444444444444 0.46944444444444444
0 0.7784722222222222 0.9138888888888889 0.21388888888888888 0.10138888888888889
0 0.6909722222222222 0.6895833333333333 0.06597222222222222 0.04097222222222222
0 0.7138888888888889 0.7152777777777778 0.06388888888888888 0.05416666666666667
0 0.7368055555555556 0.7576388888888889 0.09236111111111112 0.04722222222222222
0 0.6666666666666666 0.8826388888888889 0.075 0.09305555555555556
0 0.6972222222222222 0.9527777777777777 0.1361111111111111 0.09166666666666666
0 0.8458333333333333 0.7361111111111112 0.059722222222222225 0.06527777777777778
0 0.8840277777777777 0.6263888888888889 0.1951388888888889 0.16527777777777777
0 0.9166666666666666 0.6673611111111111 0.059027777777777776 0.07083333333333333
0 0.8340277777777778 0.9715277777777778 0.1986111111111111 0.05416666666666667
0 0.9840277777777777 0.7430555555555556 0.029166666666666667 0.12777777777777777
0 0.9145833333333333 0.8798611111111111 0.16527777777777777 0.14652777777777778
0 0.8333333333333334 0.8284722222222223 0.07083333333333333 0.09305555555555556
0 0.7604166666666666 0.6618055555555555 0.06319444444444444 0.08402777777777778
0 0.6868055555555556 0.6423611111111112 0.07083333333333333 0.05138888888888889
0 0.6993055555555555 0.60625 0.05694444444444444 0.034722222222222224
0 0.8604166666666667 0.6923611111111111 0.0763888888888889 0.05486111111111111
0 0.9583333333333334 0.6930555555555555 0.05416666666666667 0.08472222222222223