0 0.48680555555555555 0.38333333333333336 0.08194444444444444 0.06944444444444445
0 0.4013888888888889 0.07222222222222222 0.25277777777777777 0.14444444444444443
0 0.45208333333333334 0.18958333333333333 0.15138888888888888 0.22361111111111112
0 0.22916666666666666 0.027777777777777776 0.1638888888888889 0.05555555555555555
0 0.6625 0.1840277777777778 0.26666666666666666 0.20694444444444443
0 0.9701388888888889 0.35555555555555557 0.05694444444444444 0.09444444444444444
0 0.90625 0.3375 0.0763888888888889 0.10069444444444445
0 0.75 0.34652777777777777 0.23333333333333334 0.14305555555555555
0 0.6395833333333333 0.3125 0.22083333333333333 0.2111111111111111
0 0.37222222222222223 0.8256944444444444 0.3111111111111111 0.3458333333333333
0 0.0625 0.9381944444444444 0.125 0.12083333333333333
0 0.19583333333333333 0.9263888888888889 0.24166666666666667 0.14444444444444443
0 0.5097222222222222 0.4888888888888889 0.03611111111111111 0.1388888888888889
0 0.41458333333333336 0.5506944444444445 0.2263888888888889 0.2625
0 0.15486111111111112 0.5673611111111111 0.30972222222222223 0.29583333333333334
0 0.24583333333333332 0.6583333333333333 0.12222222222222222 0.11597222222222223
0 0.034722222222222224 0.6930555555555555 0.06944444444444445 0.2611111111111111
0 0.11666666666666667 0.7840277777777778 0.175 0.18472222222222223
0 0.7083333333333334 0.6263888888888889 0.08125 0.09513888888888888
0 0.65 0.4909722222222222 0.15833333333333333 0.14305555555555555
0 0.8923611111111112 0.5555555555555556 0.2125 0.2722222222222222
0 0.9472222222222222 0.8847222222222222 0.10277777777777777 0.125
0 0.7548611111111111 0.9083333333333333 0.23194444444444445 0.18055555555555555
0 0.8409722222222222 0.7333333333333333 0.03611111111111111 0.04791666666666667
0 0.6951388888888889 0.7534722222222222 0.06736111111111111 0.052083333333333336
0 0.7125 0.6986111111111111 0.043055555555555555 0.07291666666666667
0 0.5590277777777778 0.6298611111111111 0.04861111111111111 0.07777777777777778
0 0.5625 0.7854166666666667 0.06666666666666667 0.05694444444444444
0 0.6305555555555555 0.7263888888888889 0.04861111111111111 0.05138888888888889
0 0.5625 0.4888888888888889 0.06666666666666667 0.1388888888888889
0 0.9659722222222222 0.9694444444444444 0.06527777777777778 0.058333333333333334
0 0.9208333333333333 0.7888888888888889 0.05625 0.06458333333333334
0 0.65 0.6090277777777777 0.12569444444444444 0.09166666666666666
0 0.7340277777777777 0.5069444444444444 0.06736111111111111 0.13680555555555557
0 0.6645833333333333 0.9222222222222223 0.23194444444444445 0.1527777777777778
0 0.7868055555555555 0.68125 0.07916666666666666 0.09513888888888888
0 0.8291666666666667 0.5930555555555556 0.2388888888888889 0.3472222222222222