0 0.05555555555555555 0.1361111111111111 0.1111111111111111 0.2111111111111111
0 0.08611111111111111 0.014583333333333334 0.1 0.029166666666666667
0 0.2048611111111111 0.17916666666666667 0.3263888888888889 0.35833333333333334
0 0.5381944444444444 0.058333333333333334 0.25972222222222224 0.11666666666666667
0 0.8576388888888888 0.10902777777777778 0.21805555555555556 0.21805555555555556
0 0.41458333333333336 0.16111111111111112 0.09027777777777778 0.26944444444444443
0 0.6131944444444445 0.20416666666666666 0.3236111111111111 0.30833333333333335
0 0.44583333333333336 0.2861111111111111 0.1527777777777778 0.14444444444444443
0 0.8763888888888889 0.2875 0.24444444444444444 0.14166666666666666
0 0.175 0.7798611111111111 0.09097222222222222 0.13541666666666666
0 0.041666666666666664 0.38125 0.07222222222222222 0.043055555555555555
0 0.25972222222222224 0.425 0.025 0.03333333333333333
0 0.27291666666666664 0.38263888888888886 0.04861111111111111 0.04583333333333333
0 0.3590277777777778 0.5180555555555556 0.018055555555555554 0.06388888888888888
0 0.027777777777777776 0.41458333333333336 0.04236111111111111 0.043055555555555555
0 0.35347222222222224 0.38055555555555554 0.029166666666666667 0.041666666666666664
0 0.3347222222222222 0.7395833333333334 0.06666666666666667 0.08472222222222223
0 0.30277777777777776 0.7520833333333333 0.06041666666666667 0.07083333333333333
0 0.20833333333333334 0.4625 0.0625 0.08402777777777778
0 0.07361111111111111 0.55 0.07152777777777777 0.07569444444444444
0 0.06388888888888888 0.5861111111111111 0.05555555555555555 0.04652777777777778
0 0.06805555555555555 0.8368055555555556 0.0763888888888889 0.06666666666666667
0 0.20902777777777778 0.4013888888888889 0.15138888888888888 0.08333333333333333
0 0.2590277777777778 0.6347222222222222 0.12569444444444444 0.15486111111111112
0 0.33194444444444443 0.68125 0.07222222222222222 0.0875
0 0.0875 0.49930555555555556 0.052083333333333336 0.06736111111111111
0 0.20972222222222223 0.8659722222222223 0.10208333333333333 0.1111111111111111
0 0.3145833333333333 0.4888888888888889 0.07291666666666667 0.12291666666666666
0 0.2388888888888889 0.4444444444444444 0.024305555555555556 0.04097222222222222
0 0.2861111111111111 0.5069444444444444 0.11527777777777778 0.1423611111111111
0 0.33194444444444443 0.43194444444444446 0.07222222222222222 0.14444444444444443
0 0.21041666666666667 0.8666666666666667 0.10486111111111111 0.11180555555555556
0 0.33055555555555555 0.5958333333333333 0.075 0.09444444444444444
0 0.10833333333333334 0.46875 0.07916666666666666 0.07013888888888889
0 0.35138888888888886 0.9291666666666667 0.03333333333333333 0.1388888888888889
0 0.1597222222222222 0.575 0.07291666666666667 0.14583333333333334
0 0.9006944444444445 0.8145833333333333 0.19583333333333333 0.3680555555555556
0 0.46041666666666664 0.9465277777777777 0.18194444444444444 0.10416666666666667
0 0.6611111111111111 0.9368055555555556 0.24722222222222223 0.12361111111111112
0 0.6125 0.4152777777777778 0.34444444444444444 0.1111111111111111
0 0.8902777777777777 0.5104166666666666 0.21666666666666667 0.3013888888888889
0 0.41180555555555554 0.5194444444444445 0.08472222222222223 0.3194444444444444
0 0.5319444444444444 0.6270833333333333 0.23680555555555555 0.3736111111111111
0 0.74375 0.7131944444444445 0.28680555555555554 0.46597222222222223
0 0.49027777777777776 0.7659722222222223 0.24166666666666667 0.36527777777777776