0 0.5493055555555556 0.013888888888888888 0.23194444444444445 0.027777777777777776
0 0.10347222222222222 0.17152777777777778 0.13194444444444445 0.1111111111111111
0 0.08055555555555556 0.0625 0.1361111111111111 0.125
0 0.28194444444444444 0.11527777777777778 0.17777777777777778 0.12777777777777777
0 0.25416666666666665 0.17222222222222222 0.05625 0.03333333333333333
0 0.26875 0.06458333333333334 0.1763888888888889 0.12916666666666668
0 0.6194444444444445 0.32222222222222224 0.2361111111111111 0.2111111111111111
0 0.7145833333333333 0.059722222222222225 0.04583333333333333 0.11944444444444445
0 0.6847222222222222 0.035416666666666666 0.09236111111111112 0.07013888888888889
0 0.6194444444444445 0.1326388888888889 0.12013888888888889 0.08055555555555556
0 0.09166666666666666 0.26666666666666666 0.07291666666666667 0.0763888888888889
0 0.029861111111111113 0.2791666666666667 0.059722222222222225 0.1
0 0.45555555555555555 0.3541666666666667 0.225 0.14722222222222223
0 0.2423611111111111 0.37222222222222223 0.1986111111111111 0.1111111111111111
0 0.029166666666666667 0.12638888888888888 0.058333333333333334 0.20277777777777778
0 0.2965277777777778 0.25833333333333336 0.20694444444444443 0.08680555555555555
0 0.48125 0.28680555555555554 0.12222222222222222 0.12916666666666668
0 0.7159722222222222 0.15 0.043055555555555555 0.1638888888888889
0 0.9375 0.21388888888888888 0.12222222222222222 0.42777777777777776
0 0.8076388888888889 0.31527777777777777 0.1375 0.225
0 0.86875 0.06597222222222222 0.25972222222222224 0.13194444444444445
0 0.36875 0.7138888888888889 0.7375 0.5694444444444444
0 0.8305555555555556 0.8236111111111111 0.18333333333333332 0.35
0 0.86875 0.8263888888888888 0.25972222222222224 0.34444444444444444
0 0.8631944444444445 0.6326388888888889 0.24861111111111112 0.40694444444444444