0 0.3590277777777778 0.3423611111111111 0.39861111111111114 0.5125
0 0.3263888888888889 0.12222222222222222 0.45555555555555555 0.24444444444444444
0 0.10902777777777778 0.45 0.21805555555555556 0.2972222222222222
0 0.11180555555555556 0.2534722222222222 0.22361111111111112 0.31527777777777777
0 0.7465277777777778 0.17291666666666666 0.075 0.06875
0 0.7798611111111111 0.5756944444444444 0.1375 0.04583333333333333
0 0.69375 0.31875 0.26805555555555555 0.2763888888888889
0 0.7520833333333333 0.2722222222222222 0.15 0.18125
0 0.8479166666666667 0.030555555555555555 0.14305555555555555 0.06111111111111111
0 0.6666666666666666 0.1527777777777778 0.14583333333333334 0.09791666666666667
0 0.5909722222222222 0.12222222222222222 0.0625 0.06666666666666667
0 0.8375 0.5319444444444444 0.14722222222222223 0.13333333333333333
0 0.6208333333333333 0.4979166666666667 0.12222222222222222 0.1875
0 0.6361111111111111 0.4263888888888889 0.13472222222222222 0.09305555555555556
0 0.6930555555555555 0.5645833333333333 0.09166666666666666 0.06805555555555555
0 0.95 0.4951388888888889 0.07152777777777777 0.07847222222222222
0 0.78125 0.42083333333333334 0.10277777777777777 0.09791666666666667
0 0.9534722222222223 0.26944444444444443 0.03819444444444445 0.025
0 0.9645833333333333 0.43333333333333335 0.05555555555555555 0.07361111111111111
0 0.8805555555555555 0.4263888888888889 0.10625 0.18888888888888888
0 0.73125 0.06875 0.09027777777777778 0.1375
0 0.5951388888888889 0.08472222222222223 0.07083333333333333 0.06388888888888888
0 0.8881944444444444 0.31180555555555556 0.12222222222222222 0.11388888888888889
0 0.17777777777777778 0.6305555555555555 0.09444444444444444 0.06111111111111111
0 0.30625 0.9270833333333334 0.1875 0.14305555555555555
0 0.5006944444444444 0.83125 0.11527777777777778 0.20694444444444443
0 0.06388888888888888 0.7368055555555556 0.12777777777777777 0.13194444444444445
0 0.24861111111111112 0.8201388888888889 0.07013888888888889 0.06180555555555556
0 0.5423611111111111 0.6909722222222222 0.03194444444444444 0.1597222222222222
0 0.3236111111111111 0.6527777777777778 0.10277777777777777 0.10555555555555556
0 0.10486111111111111 0.8173611111111111 0.08611111111111111 0.07152777777777777
0 0.0798611111111111 0.9013888888888889 0.1597222222222222 0.19444444444444445
0 0.3645833333333333 0.7944444444444444 0.16319444444444445 0.2076388888888889
0 0.06180555555555556 0.6479166666666667 0.11805555555555555 0.09583333333333334
0 0.4965277777777778 0.6694444444444444 0.08055555555555556 0.07708333333333334
0 0.40694444444444444 0.65625 0.12638888888888888 0.07847222222222222
0 0.2388888888888889 0.8923611111111112 0.09583333333333334 0.06458333333333334
0 0.4152777777777778 0.6152777777777778 0.12777777777777777 0.030555555555555555
0 0.4840277777777778 0.6243055555555556 0.14305555555555555 0.04861111111111111
0 0.8180555555555555 0.7993055555555556 0.3611111111111111 0.39861111111111114
0 0.6180555555555556 0.8770833333333333 0.11666666666666667 0.13472222222222222
0 0.6104166666666667 0.6791666666666667 0.10138888888888889 0.13055555555555556