0 0.34930555555555554 0.2465277777777778 0.15694444444444444 0.4930555555555556
0 0.21388888888888888 0.28055555555555556 0.42777777777777776 0.5138888888888888
0 0.9409722222222222 0.2881944444444444 0.11527777777777778 0.14027777777777778
0 0.9881944444444445 0.38819444444444445 0.020833333333333332 0.0763888888888889
0 0.46319444444444446 0.49722222222222223 0.06805555555555555 0.08055555555555556
0 0.6340277777777777 0.46041666666666664 0.22361111111111112 0.15416666666666667
0 0.825 0.20069444444444445 0.06319444444444444 0.06597222222222222
0 0.7965277777777777 0.1 0.1076388888888889 0.15
0 0.8972222222222223 0.20069444444444445 0.08611111111111111 0.07291666666666667
0 0.9125 0.12569444444444444 0.16527777777777777 0.20347222222222222
0 0.8548611111111111 0.2534722222222222 0.1111111111111111 0.05694444444444444
0 0.8965277777777778 0.4513888888888889 0.19027777777777777 0.1375
0 0.7666666666666667 0.4625 0.06458333333333334 0.06111111111111111
0 0.7923611111111111 0.5138888888888888 0.0625 0.04722222222222222
0 0.8625 0.5319444444444444 0.08055555555555556 0.011111111111111112
0 0.5381944444444444 0.47638888888888886 0.07291666666666667 0.09305555555555556
0 0.5423611111111111 0.26180555555555557 0.2263888888888889 0.1486111111111111
0 0.45416666666666666 0.33125 0.05 0.09027777777777778
0 0.5173611111111112 0.3229166666666667 0.08888888888888889 0.10277777777777777
0 0.7270833333333333 0.22291666666666668 0.14027777777777778 0.11875
0 0.8548611111111111 0.32013888888888886 0.06805555555555555 0.06527777777777778
0 0.8340277777777778 0.3875 0.1 0.08472222222222223
0 0.7756944444444445 0.3770833333333333 0.08125 0.08541666666666667
0 0.7381944444444445 0.29930555555555555 0.16527777777777777 0.10486111111111111
0 0.12916666666666668 0.8597222222222223 0.25833333333333336 0.2777777777777778
0 0.26944444444444443 0.70625 0.31666666666666665 0.3347222222222222
0 0.3159722222222222 0.8527777777777777 0.22361111111111112 0.2916666666666667
0 0.6180555555555556 0.7354166666666667 0.37777777777777777 0.39305555555555555
0 0.6701388888888888 0.8819444444444444 0.48194444444444445 0.23333333333333334