0 0.20347222222222222 0.44583333333333336 0.2972222222222222 0.26805555555555555
0 0.39791666666666664 0.5763888888888888 0.10138888888888889 0.1361111111111111
0 0.3958333333333333 0.4583333333333333 0.08263888888888889 0.07777777777777778
0 0.3819444444444444 0.36736111111111114 0.13333333333333333 0.12083333333333333
0 0.42986111111111114 0.4340277777777778 0.0375 0.09027777777777778
0 0.05416666666666667 0.5131944444444444 0.10833333333333334 0.2708333333333333
0 0.044444444444444446 0.3993055555555556 0.08888888888888889 0.16805555555555557
0 0.25555555555555554 0.6020833333333333 0.17222222222222222 0.09305555555555556
0 0.32916666666666666 0.24722222222222223 0.20555555555555555 0.125
0 0.30694444444444446 0.17569444444444443 0.13402777777777777 0.10833333333333334
0 0.17708333333333334 0.22847222222222222 0.09097222222222222 0.06944444444444445
0 0.15555555555555556 0.14166666666666666 0.059722222222222225 0.07708333333333334
0 0.10208333333333333 0.07430555555555556 0.20416666666666666 0.1486111111111111
0 0.225 0.14305555555555555 0.08611111111111111 0.07361111111111111
0 0.26458333333333334 0.035416666666666666 0.08472222222222223 0.07083333333333333
0 0.39861111111111114 0.08263888888888889 0.05694444444444444 0.0625
0 0.3909722222222222 0.15069444444444444 0.04861111111111111 0.06805555555555555
0 0.8305555555555556 0.4722222222222222 0.26666666666666666 0.3527777777777778
0 0.6159722222222223 0.5423611111111111 0.20416666666666666 0.2125
0 0.4895833333333333 0.49375 0.07916666666666666 0.30972222222222223
0 0.58125 0.04236111111111111 0.2625 0.08472222222222223
0 0.8458333333333333 0.08194444444444444 0.3055555555555556 0.1638888888888889
0 0.9006944444444445 0.21319444444444444 0.19583333333333333 0.4263888888888889
0 0.6222222222222222 0.23333333333333334 0.34444444444444444 0.4361111111111111
0 0.21458333333333332 0.8243055555555555 0.42916666666666664 0.3486111111111111
0 0.8034722222222223 0.8006944444444445 0.3902777777777778 0.3013888888888889