0 0.6041666666666666 0.40208333333333335 0.10833333333333334 0.2708333333333333
0 0.6270833333333333 0.3215277777777778 0.0625 0.14027777777777778
0 0.30486111111111114 0.26875 0.6097222222222223 0.5375
0 0.6173611111111111 0.1909722222222222 0.08194444444444444 0.16527777777777777
0 0.7458333333333333 0.31805555555555554 0.10416666666666667 0.15902777777777777
0 0.8381944444444445 0.4111111111111111 0.27361111111111114 0.25277777777777777
0 0.9145833333333333 0.11944444444444445 0.16805555555555557 0.2388888888888889
0 0.7645833333333333 0.1423611111111111 0.20972222222222223 0.2847222222222222
0 0.21388888888888888 0.6743055555555556 0.1638888888888889 0.14097222222222222
0 0.3055555555555556 0.6409722222222223 0.04583333333333333 0.09305555555555556
0 0.4354166666666667 0.56875 0.04027777777777778 0.059722222222222225
0 0.6520833333333333 0.6618055555555555 0.0125 0.04861111111111111
0 0.63125 0.7729166666666667 0.05347222222222222 0.04583333333333333
0 0.04722222222222222 0.78125 0.0763888888888889 0.09097222222222222
0 0.08541666666666667 0.7263888888888889 0.05763888888888889 0.07430555555555556
0 0.5041666666666667 0.6819444444444445 0.03194444444444444 0.05555555555555555
0 0.5625 0.5506944444444445 0.027777777777777776 0.02361111111111111
0 0.6 0.7180555555555556 0.04791666666666667 0.05138888888888889
0 0.5541666666666667 0.7354166666666667 0.04583333333333333 0.041666666666666664
0 0.4965277777777778 0.5743055555555555 0.04583333333333333 0.04097222222222222
0 0.6270833333333333 0.6479166666666667 0.03958333333333333 0.03263888888888889
0 0.5305555555555556 0.6784722222222223 0.043055555555555555 0.05763888888888889
0 0.5416666666666666 0.6951388888888889 0.030555555555555555 0.043055555555555555
0 0.4965277777777778 0.6180555555555556 0.03125 0.04652777777777778
0 0.625 0.6763888888888889 0.05277777777777778 0.04861111111111111
0 0.14791666666666667 0.9263888888888889 0.05277777777777778 0.058333333333333334
0 0.20208333333333334 0.8888888888888888 0.06111111111111111 0.05555555555555555
0 0.03819444444444445 0.9104166666666667 0.0763888888888889 0.1625
0 0.2604166666666667 0.7840277777777778 0.04652777777777778 0.04652777777777778
0 0.4340277777777778 0.8229166666666666 0.0375 0.06180555555555556
0 0.3298611111111111 0.9027777777777778 0.05416666666666667 0.049305555555555554
0 0.3819444444444444 0.69375 0.09166666666666666 0.06875
0 0.4701388888888889 0.5590277777777778 0.03194444444444444 0.04027777777777778
0 0.5763888888888888 0.6652777777777777 0.04097222222222222 0.05
0 0.41944444444444445 0.9388888888888889 0.18472222222222223 0.1125
0 0.5569444444444445 0.9625 0.1111111111111111 0.07222222222222222
0 0.5298611111111111 0.80625 0.08611111111111111 0.06458333333333334
0 0.46041666666666664 0.8 0.052083333333333336 0.06944444444444445
0 0.45625 0.9243055555555556 0.05763888888888889 0.05138888888888889
0 0.5055555555555555 0.9055555555555556 0.14375 0.1361111111111111
0 0.24305555555555555 0.825 0.043055555555555555 0.04791666666666667
0 0.04722222222222222 0.7013888888888888 0.09444444444444444 0.18055555555555555
0 0.2388888888888889 0.9791666666666666 0.1 0.03888888888888889
0 0.24375 0.9375 0.12083333333333333 0.10625
0 0.5201388888888889 0.5493055555555556 0.0625 0.020833333333333332
0 0.45 0.7486111111111111 0.09375 0.08055555555555556
0 0.01597222222222222 0.5923611111111111 0.03194444444444444 0.05138888888888889
0 0.2708333333333333 0.5743055555555555 0.08611111111111111 0.07083333333333333
0 0.1 0.7909722222222222 0.08055555555555556 0.10694444444444444
0 0.11736111111111111 0.5972222222222222 0.20972222222222223 0.11666666666666667
0 0.37430555555555556 0.9666666666666667 0.13194444444444445 0.06388888888888888
0 0.6152777777777778 0.5527777777777778 0.08611111111111111 0.027777777777777776
0 0.6402777777777777 0.5986111111111111 0.03611111111111111 0.041666666666666664
0 0.6027777777777777 0.7986111111111112 0.06666666666666667 0.06805555555555555
0 0.9020833333333333 0.6909722222222222 0.03333333333333333 0.059722222222222225
0 0.7006944444444444 0.7479166666666667 0.08194444444444444 0.09861111111111111
0 0.9354166666666667 0.9409722222222222 0.12638888888888888 0.11527777777777778
0 0.7951388888888888 0.9354166666666667 0.05138888888888889 0.07222222222222222
0 0.8666666666666667 0.9354166666666667 0.08819444444444445 0.06527777777777778
0 0.8909722222222223 0.65 0.08888888888888889 0.05694444444444444
0 0.8055555555555556 0.7034722222222223 0.15069444444444444 0.09236111111111112
0 0.9770833333333333 0.7611111111111111 0.043055555555555555 0.07777777777777778
0 0.9847222222222223 0.6847222222222222 0.027777777777777776 0.08333333333333333
0 0.9576388888888889 0.7333333333333333 0.059722222222222225 0.07430555555555556
0 0.9 0.8131944444444444 0.07569444444444444 0.11736111111111111
0 0.7472222222222222 0.8576388888888888 0.175 0.15694444444444444
0 0.8159722222222222 0.9916666666666667 0.09305555555555556 0.013888888888888888