0 0.05277777777777778 0.3548611111111111 0.10555555555555556 0.17083333333333334
0 0.12361111111111112 0.06111111111111111 0.24722222222222223 0.12222222222222222
0 0.39652777777777776 0.25 0.5930555555555556 0.5
0 0.13402777777777777 0.48125 0.26805555555555555 0.1125
0 0.8909722222222223 0.4097222222222222 0.21597222222222223 0.21319444444444444
0 0.6798611111111111 0.7798611111111111 0.0763888888888889 0.4375
0 0.4666666666666667 0.8319444444444445 0.3472222222222222 0.3333333333333333
0 0.15 0.8847222222222222 0.3 0.22777777777777777
0 0.5986111111111111 0.5875 0.2388888888888889 0.09722222222222222
0 0.32222222222222224 0.63125 0.3333333333333333 0.18472222222222223
0 0.06458333333333334 0.6798611111111111 0.12916666666666668 0.28194444444444444
0 0.2465277777777778 0.7263888888888889 0.22361111111111112 0.2701388888888889
0 0.8652777777777778 0.6722222222222223 0.26666666666666666 0.26666666666666666
0 0.9388888888888889 0.8034722222222223 0.11944444444444445 0.18194444444444444
0 0.8583333333333333 0.8736111111111111 0.2777777777777778 0.25