0 0.13125 0.16805555555555557 0.2625 0.33611111111111114
0 0.25555555555555554 0.30416666666666664 0.3055555555555556 0.3277777777777778
0 0.7979166666666667 0.4388888888888889 0.4013888888888889 0.058333333333333334
0 0.8583333333333333 0.20972222222222223 0.28055555555555556 0.41944444444444445
0 0.6944444444444444 0.23402777777777778 0.5694444444444444 0.46805555555555556
0 0.19305555555555556 0.4909722222222222 0.05277777777777778 0.043055555555555555
0 0.3333333333333333 0.6375 0.06041666666666667 0.07013888888888889
0 0.016666666666666666 0.9201388888888888 0.03333333333333333 0.13472222222222222
0 0.33055555555555555 0.475 0.05277777777777778 0.011111111111111112
0 0.3138888888888889 0.7597222222222222 0.18888888888888888 0.12222222222222222
0 0.19166666666666668 0.4840277777777778 0.05277777777777778 0.029166666666666667
0 0.2375 0.48819444444444443 0.05 0.0375
0 0.025 0.7972222222222223 0.05 0.10277777777777777
0 0.04722222222222222 0.98125 0.06944444444444445 0.034722222222222224
0 0.08819444444444445 0.8423611111111111 0.044444444444444446 0.09583333333333334
0 0.11458333333333333 0.7916666666666666 0.03958333333333333 0.05
0 0.18958333333333333 0.7847222222222222 0.07569444444444444 0.07430555555555556
0 0.3298611111111111 0.49375 0.05416666666666667 0.04513888888888889
0 0.011805555555555555 0.6402777777777777 0.02361111111111111 0.07777777777777778
0 0.06527777777777778 0.625 0.10625 0.08055555555555556
0 0.18472222222222223 0.7055555555555556 0.0798611111111111 0.11875
0 0.07569444444444444 0.7333333333333333 0.10208333333333333 0.1486111111111111
0 0.059722222222222225 0.5847222222222223 0.08263888888888889 0.09583333333333334
0 0.11041666666666666 0.5229166666666667 0.06875 0.05763888888888889
0 0.14722222222222223 0.5055555555555555 0.05277777777777778 0.07222222222222222
0 0.3729166666666667 0.6055555555555555 0.07083333333333333 0.075
0 0.3763888888888889 0.6756944444444445 0.06388888888888888 0.07916666666666666
0 0.044444444444444446 0.8680555555555556 0.08888888888888889 0.1388888888888889
0 0.15 0.9041666666666667 0.18611111111111112 0.1763888888888889
0 0.34444444444444444 0.9229166666666667 0.12777777777777777 0.15138888888888888
0 0.4326388888888889 0.8 0.04583333333333333 0.24444444444444444
0 0.6034722222222222 0.7951388888888888 0.26875 0.17430555555555555
0 0.5569444444444445 0.6083333333333333 0.22777777777777777 0.2777777777777778
0 0.7972222222222223 0.8472222222222222 0.4027777777777778 0.30277777777777776