0 0.16597222222222222 0.09375 0.33194444444444443 0.1875
0 0.5590277777777778 0.11458333333333333 0.24027777777777778 0.22916666666666666
0 0.6777777777777778 0.23333333333333334 0.09166666666666666 0.05
0 0.5701388888888889 0.21805555555555556 0.14305555555555555 0.08055555555555556
0 0.6916666666666667 0.04375 0.10555555555555556 0.0875
0 0.8493055555555555 0.12916666666666668 0.2986111111111111 0.25833333333333336
0 0.10694444444444444 0.7326388888888888 0.21388888888888888 0.30416666666666664
0 0.32083333333333336 0.8097222222222222 0.23333333333333334 0.37777777777777777
0 0.058333333333333334 0.8944444444444445 0.11666666666666667 0.20833333333333334
0 0.1625 0.9319444444444445 0.13055555555555556 0.13333333333333333
0 0.3611111111111111 0.4388888888888889 0.1527777777777778 0.35833333333333334
0 0.1527777777777778 0.5222222222222223 0.3055555555555556 0.525
0 0.6055555555555555 0.33819444444444446 0.3333333333333333 0.15694444444444444
0 0.8944444444444445 0.3236111111111111 0.20833333333333334 0.12777777777777777
0 0.8902777777777777 0.5305555555555556 0.21666666666666667 0.39166666666666666
0 0.6041666666666666 0.6666666666666666 0.33055555555555555 0.6638888888888889
0 0.7673611111111112 0.86875 0.4625 0.25972222222222224