0 0.0763888888888889 0.011805555555555555 0.14444444444444443 0.02361111111111111
0 0.15555555555555556 0.13541666666666666 0.07708333333333334 0.06180555555555556
0 0.024305555555555556 0.08402777777777778 0.04861111111111111 0.059722222222222225
0 0.25763888888888886 0.024305555555555556 0.04722222222222222 0.04861111111111111
0 0.029861111111111113 0.13680555555555557 0.059722222222222225 0.07916666666666666
0 0.23055555555555557 0.37222222222222223 0.06388888888888888 0.06736111111111111
0 0.2833333333333333 0.38472222222222224 0.05 0.08888888888888889
0 0.23680555555555555 0.13194444444444445 0.08125 0.06597222222222222
0 0.058333333333333334 0.45625 0.11666666666666667 0.0625
0 0.16111111111111112 0.05138888888888889 0.052083333333333336 0.05138888888888889
0 0.08263888888888889 0.06458333333333334 0.08888888888888889 0.12013888888888889
0 0.03263888888888889 0.22152777777777777 0.06527777777777778 0.13472222222222222
0 0.03680555555555556 0.3090277777777778 0.07361111111111111 0.13194444444444445
0 0.11319444444444444 0.33958333333333335 0.08958333333333333 0.09166666666666666
0 0.17847222222222223 0.36875 0.06597222222222222 0.05763888888888889
0 0.2902777777777778 0.15208333333333332 0.03611111111111111 0.19583333333333333
0 0.21180555555555555 0.25 0.18958333333333333 0.1736111111111111
0 0.8375 0.32222222222222224 0.32222222222222224 0.33055555555555555
0 0.6645833333333333 0.275 0.19583333333333333 0.24930555555555556
0 0.42569444444444443 0.30972222222222223 0.23194444444444445 0.2611111111111111
0 0.5472222222222223 0.02847222222222222 0.08055555555555556 0.05694444444444444
0 0.4111111111111111 0.07361111111111111 0.0798611111111111 0.10277777777777777
0 0.34305555555555556 0.44583333333333336 0.06666666666666667 0.08333333333333333
0 0.5166666666666667 0.43472222222222223 0.15 0.10555555555555556
0 0.49166666666666664 0.043055555555555555 0.06180555555555556 0.08611111111111111
0 0.8826388888888889 0.13125 0.13194444444444445 0.1638888888888889
0 0.7013888888888888 0.07777777777777778 0.1388888888888889 0.14375
0 0.4444444444444444 0.18055555555555555 0.19027777777777777 0.10902777777777778
0 0.6131944444444445 0.01597222222222222 0.05694444444444444 0.03194444444444444
0 0.8347222222222223 0.02638888888888889 0.06180555555555556 0.043055555555555555
0 0.5673611111111111 0.10347222222222222 0.12430555555555556 0.11388888888888889
0 0.09722222222222222 0.5583333333333333 0.19444444444444445 0.1388888888888889
0 0.24930555555555556 0.8958333333333334 0.11805555555555555 0.20555555555555555
0 0.15555555555555556 0.7034722222222223 0.2125 0.19166666666666668
0 0.10555555555555556 0.88125 0.2111111111111111 0.23472222222222222
0 0.013888888888888888 0.8694444444444445 0.027777777777777776 0.23055555555555557
0 0.9104166666666667 0.9180555555555555 0.09236111111111112 0.07013888888888889
0 0.9180555555555555 0.8472222222222222 0.05763888888888889 0.07430555555555556
0 0.45555555555555555 0.6111111111111112 0.05138888888888889 0.07013888888888889
0 0.5694444444444444 0.7291666666666666 0.06180555555555556 0.043055555555555555
0 0.3215277777777778 0.6409722222222223 0.02361111111111111 0.08472222222222223
0 0.9666666666666667 0.7298611111111111 0.06388888888888888 0.10694444444444444
0 0.8159722222222222 0.5625 0.043055555555555555 0.052083333333333336
0 0.7145833333333333 0.6277777777777778 0.04791666666666667 0.049305555555555554
0 0.7465277777777778 0.6541666666666667 0.06944444444444445 0.06041666666666667
0 0.375 0.7166666666666667 0.09930555555555555 0.14305555555555555
0 0.33194444444444443 0.75 0.044444444444444446 0.04722222222222222
0 0.3284722222222222 0.7979166666666667 0.0375 0.10416666666666667
0 0.6458333333333334 0.8715277777777778 0.09375 0.08958333333333333
0 0.7805555555555556 0.9673611111111111 0.15833333333333333 0.0625
0 0.5826388888888889 0.7854166666666667 0.06319444444444444 0.0763888888888889
0 0.55625 0.9111111111111111 0.06041666666666667 0.04791666666666667
0 0.5104166666666666 0.8444444444444444 0.08888888888888889 0.07013888888888889
0 0.49444444444444446 0.8965277777777778 0.059722222222222225 0.06041666666666667
0 0.9902777777777778 0.6673611111111111 0.016666666666666666 0.059722222222222225
0 0.8527777777777777 0.7625 0.08888888888888889 0.07847222222222222
0 0.8805555555555555 0.8118055555555556 0.08611111111111111 0.09166666666666666
0 0.9916666666666667 0.8145833333333333 0.013888888888888888 0.06527777777777778
0 0.98125 0.8777777777777778 0.034722222222222224 0.07777777777777778
0 0.81875 0.8972222222222223 0.075 0.06111111111111111