0 0.41944444444444445 0.16805555555555557 0.2777777777777778 0.33611111111111114
0 0.35347222222222224 0.39375 0.18472222222222223 0.029166666666666667
0 0.27291666666666664 0.03194444444444444 0.20972222222222223 0.06388888888888888
0 0.19652777777777777 0.21041666666666667 0.27291666666666664 0.2659722222222222
0 0.4951388888888889 0.34930555555555554 0.12638888888888888 0.11805555555555555
0 0.8743055555555556 0.1986111111111111 0.03958333333333333 0.04583333333333333
0 0.8368055555555556 0.34652777777777777 0.08055555555555556 0.058333333333333334
0 0.8798611111111111 0.05486111111111111 0.05 0.07013888888888889
0 0.9256944444444445 0.01875 0.05694444444444444 0.0375
0 0.8972222222222223 0.008333333333333333 0.03333333333333333 0.016666666666666666
0 0.9722222222222222 0.18472222222222223 0.05277777777777778 0.12222222222222222
0 0.7381944444444445 0.027083333333333334 0.034722222222222224 0.03611111111111111
0 0.9868055555555556 0.33055555555555555 0.02361111111111111 0.044444444444444446
0 0.9701388888888889 0.2847222222222222 0.050694444444444445 0.058333333333333334
0 0.8680555555555556 0.26805555555555555 0.03958333333333333 0.05
0 0.7618055555555555 0.3451388888888889 0.09166666666666666 0.08541666666666667
0 0.6680555555555555 0.059027777777777776 0.1111111111111111 0.11805555555555555
0 0.8541666666666666 0.11388888888888889 0.03819444444444445 0.043055555555555555
0 0.8548611111111111 0.08402777777777778 0.052083333333333336 0.04097222222222222
0 0.8409722222222222 0.04652777777777778 0.049305555555555554 0.04097222222222222
0 0.5993055555555555 0.024305555555555556 0.04861111111111111 0.04861111111111111
0 0.6076388888888888 0.017361111111111112 0.0625 0.034722222222222224
0 0.9270833333333334 0.39652777777777776 0.08194444444444444 0.02361111111111111
0 0.7361111111111112 0.0125 0.08333333333333333 0.025
0 0.7534722222222222 0.18888888888888888 0.049305555555555554 0.05625
0 0.9868055555555556 0.39375 0.02361111111111111 0.029166666666666667
0 0.7409722222222223 0.30069444444444443 0.04583333333333333 0.04027777777777778
0 0.7784722222222222 0.10069444444444445 0.08125 0.06944444444444445
0 0.9270833333333334 0.10069444444444445 0.04513888888888889 0.04375
0 0.9201388888888888 0.04861111111111111 0.0375 0.035416666666666666
0 0.9409722222222222 0.28680555555555554 0.043055555555555555 0.04513888888888889
0 0.9243055555555556 0.33402777777777776 0.08819444444444445 0.05625
0 0.6680555555555555 0.059027777777777776 0.10972222222222222 0.11666666666666667
0 0.8201388888888889 0.009027777777777777 0.07083333333333333 0.018055555555555554
0 0.5708333333333333 0.3451388888888889 0.022222222222222223 0.08472222222222223
0 0.9840277777777777 0.13125 0.029166666666666667 0.07916666666666666
0 0.4965277777777778 0.8229166666666666 0.12361111111111112 0.10416666666666667
0 0.19166666666666668 0.5263888888888889 0.03819444444444445 0.02361111111111111
0 0.5041666666666667 0.6583333333333333 0.10833333333333334 0.10555555555555556
0 0.5083333333333333 0.6069444444444444 0.1 0.125
0 0.46111111111111114 0.9166666666666666 0.09513888888888888 0.12083333333333333
0 0.35208333333333336 0.7583333333333333 0.10625 0.11319444444444444
0 0.5361111111111111 0.70625 0.044444444444444446 0.08472222222222223
0 0.18263888888888888 0.9631944444444445 0.24861111111111112 0.07083333333333333
0 0.41805555555555557 0.5104166666666666 0.07222222222222222 0.08194444444444444
0 0.3625 0.43472222222222223 0.08888888888888889 0.05
0 0.43194444444444446 0.8534722222222222 0.10069444444444445 0.11666666666666667
0 0.03194444444444444 0.9701388888888889 0.06388888888888888 0.05694444444444444
0 0.325 0.6888888888888889 0.05277777777777778 0.05763888888888889
0 0.11180555555555556 0.7458333333333333 0.1375 0.1625
0 0.11388888888888889 0.6006944444444444 0.05763888888888889 0.09236111111111112
0 0.07430555555555556 0.7034722222222223 0.06180555555555556 0.05416666666666667
0 0.2701388888888889 0.7375 0.07152777777777777 0.09097222222222222
0 0.24305555555555555 0.6097222222222223 0.07708333333333334 0.08055555555555556
0 0.5333333333333333 0.7520833333333333 0.05 0.07083333333333333
0 0.45 0.7444444444444445 0.1284722222222222 0.1284722222222222
0 0.0875 0.9180555555555555 0.10972222222222222 0.07916666666666666
0 0.2375 0.8034722222222223 0.07569444444444444 0.10138888888888889
0 0.3854166666666667 0.6840277777777778 0.07430555555555556 0.09444444444444444
0 0.1736111111111111 0.8520833333333333 0.15 0.09583333333333334
0 0.019444444444444445 0.6180555555555556 0.03888888888888889 0.05277777777777778
0 0.1875 0.5465277777777777 0.08263888888888889 0.04791666666666667
0 0.15555555555555556 0.7944444444444444 0.08541666666666667 0.08958333333333333
0 0.5027777777777778 0.4861111111111111 0.11180555555555556 0.09861111111111111
0 0.5430555555555555 0.4618055555555556 0.030555555555555555 0.09861111111111111
0 0.33819444444444446 0.6305555555555555 0.07777777777777778 0.07152777777777777
0 0.5180555555555556 0.9201388888888888 0.08055555555555556 0.15694444444444444
0 0.21388888888888888 0.90625 0.1840277777777778 0.09027777777777778
0 0.325 0.5055555555555555 0.08402777777777778 0.10347222222222222
0 0.3548611111111111 0.91875 0.1375 0.1597222222222222
0 0.49236111111111114 0.44513888888888886 0.09861111111111111 0.07083333333333333
0 0.06041666666666667 0.45902777777777776 0.12083333333333333 0.09861111111111111
0 0.3215277777777778 0.8430555555555556 0.10555555555555556 0.08888888888888889
0 0.21041666666666667 0.7381944444444445 0.05625 0.05763888888888889
0 0.7666666666666667 0.6513888888888889 0.1111111111111111 0.09305555555555556
0 0.9256944444444445 0.5833333333333334 0.043055555555555555 0.06458333333333334
0 0.84375 0.6041666666666666 0.08958333333333333 0.08680555555555555
0 0.9722222222222222 0.6486111111111111 0.04027777777777778 0.04791666666666667
0 0.7361111111111112 0.7444444444444445 0.07361111111111111 0.0763888888888889
0 0.8930555555555556 0.8645833333333334 0.04722222222222222 0.06805555555555555
0 0.9826388888888888 0.9034722222222222 0.03194444444444444 0.05416666666666667
0 0.7430555555555556 0.6993055555555555 0.05347222222222222 0.030555555555555555
0 0.7125 0.5347222222222222 0.07847222222222222 0.075
0 0.5680555555555555 0.6513888888888889 0.016666666666666666 0.06666666666666667
0 0.7708333333333334 0.5819444444444445 0.03194444444444444 0.03263888888888889
0 0.7840277777777778 0.5576388888888889 0.06180555555555556 0.02638888888888889
0 0.9340277777777778 0.4236111111111111 0.03194444444444444 0.027777777777777776
0 0.7354166666666667 0.5798611111111112 0.04097222222222222 0.03611111111111111
0 0.7958333333333333 0.5888888888888889 0.04652777777777778 0.03819444444444445
0 0.7069444444444445 0.6145833333333334 0.07222222222222222 0.09166666666666666
0 0.9548611111111112 0.49583333333333335 0.0875 0.06388888888888888
0 0.9680555555555556 0.5965277777777778 0.043055555555555555 0.0625
0 0.9923611111111111 0.6534722222222222 0.0125 0.059722222222222225
0 0.9034722222222222 0.4756944444444444 0.08680555555555555 0.06875
0 0.88125 0.54375 0.06805555555555555 0.11180555555555556
0 0.8097222222222222 0.5069444444444444 0.05625 0.07430555555555556
0 0.8173611111111111 0.6826388888888889 0.09722222222222222 0.09513888888888888
0 0.6819444444444445 0.7069444444444445 0.075 0.06527777777777778
0 0.9881944444444445 0.5395833333333333 0.020833333333333332 0.043055555555555555
0 0.99375 0.5819444444444445 0.009722222222222222 0.041666666666666664
0 0.9048611111111111 0.6458333333333334 0.04375 0.03888888888888889
0 0.9833333333333333 0.7743055555555556 0.030555555555555555 0.04861111111111111
0 0.60625 0.6833333333333333 0.04791666666666667 0.05
0 0.625 0.6305555555555555 0.04652777777777778 0.05694444444444444