0 0.2388888888888889 0.17430555555555555 0.4777777777777778 0.3263888888888889
0 0.6590277777777778 0.25972222222222224 0.3597222222222222 0.15555555555555556
0 0.6576388888888889 0.17222222222222222 0.15347222222222223 0.10138888888888889
0 0.7347222222222223 0.03819444444444445 0.375 0.0763888888888889
0 0.8493055555555555 0.2701388888888889 0.2986111111111111 0.13472222222222222
0 0.6006944444444444 0.1125 0.20069444444444445 0.12638888888888888
0 0.23125 0.875 0.4625 0.24722222222222223
0 0.4131944444444444 0.5326388888888889 0.12916666666666668 0.3875
0 0.1597222222222222 0.5868055555555556 0.3194444444444444 0.49583333333333335
0 0.32569444444444445 0.7645833333333333 0.30416666666666664 0.46805555555555556
0 0.9666666666666667 0.6430555555555556 0.06388888888888888 0.16944444444444445
0 0.8340277777777778 0.8138888888888889 0.14166666666666666 0.1284722222222222
0 0.7069444444444445 0.9055555555555556 0.45555555555555555 0.18611111111111112
0 0.6958333333333333 0.6861111111111111 0.13680555555555557 0.1986111111111111
0 0.7972222222222223 0.9222222222222223 0.12013888888888889 0.11319444444444444
0 0.8645833333333334 0.6958333333333333 0.12916666666666668 0.12013888888888889
0 0.5513888888888889 0.6034722222222222 0.14444444444444443 0.5291666666666667
0 0.7118055555555556 0.44930555555555557 0.23125 0.21319444444444444