0 0.025 0.7048611111111112 0.05 0.02638888888888889
0 0.24444444444444444 0.6333333333333333 0.09513888888888888 0.07569444444444444
0 0.27847222222222223 0.5041666666666667 0.08263888888888889 0.11041666666666666
0 0.4111111111111111 0.5715277777777777 0.05277777777777778 0.06527777777777778
0 0.40069444444444446 0.6361111111111111 0.05347222222222222 0.06736111111111111
0 0.33958333333333335 0.6979166666666666 0.19583333333333333 0.04027777777777778
0 0.3215277777777778 0.6652777777777777 0.14305555555555555 0.10555555555555556
0 0.1701388888888889 0.6368055555555555 0.0625 0.08194444444444444
0 0.17777777777777778 0.7020833333333333 0.12222222222222222 0.03194444444444444
0 0.3909722222222222 0.44722222222222224 0.09305555555555556 0.075
0 0.3375 0.4131944444444444 0.06597222222222222 0.08402777777777778
0 0.3902777777777778 0.3680555555555556 0.07083333333333333 0.07777777777777778
0 0.059722222222222225 0.44722222222222224 0.11944444444444445 0.06388888888888888
0 0.17222222222222222 0.38958333333333334 0.15208333333333332 0.10694444444444444
0 0.10416666666666667 0.5583333333333333 0.20833333333333334 0.18333333333333332
0 0.34097222222222223 0.3402777777777778 0.04861111111111111 0.059027777777777776
0 0.275 0.33125 0.08888888888888889 0.05555555555555555
0 0.6416666666666667 0.05555555555555555 0.40555555555555556 0.1111111111111111
0 0.9270833333333334 0.23541666666666666 0.14305555555555555 0.4236111111111111
0 0.6402777777777777 0.37083333333333335 0.4027777777777778 0.6944444444444444
0 0.79375 0.5895833333333333 0.4097222222222222 0.2569444444444444
0 0.3090277777777778 0.7784722222222222 0.2569444444444444 0.11805555555555555
0 0.09305555555555556 0.8027777777777778 0.18611111111111112 0.16666666666666666
0 0.1527777777777778 0.9138888888888889 0.2777777777777778 0.16944444444444445
0 0.35555555555555557 0.8590277777777777 0.1638888888888889 0.2791666666666667
0 0.8569444444444444 0.7368055555555556 0.2833333333333333 0.034722222222222224
0 0.6486111111111111 0.8590277777777777 0.4111111111111111 0.2791666666666667
0 0.9138888888888889 0.8659722222222223 0.16944444444444445 0.2652777777777778