0 0.27361111111111114 0.2777777777777778 0.28125 0.2534722222222222
0 0.4270833333333333 0.2902777777777778 0.020833333333333332 0.075
0 0.4083333333333333 0.20347222222222222 0.058333333333333334 0.11527777777777778
0 0.09236111111111112 0.3798611111111111 0.18472222222222223 0.3347222222222222
0 0.10833333333333334 0.2326388888888889 0.11319444444444444 0.15763888888888888
0 0.3229166666666667 0.4597222222222222 0.16111111111111112 0.15555555555555556
0 0.36666666666666664 0.09027777777777778 0.14166666666666666 0.11944444444444445
0 0.3715277777777778 0.0375 0.12916666666666668 0.075
0 0.24861111111111112 0.07152777777777777 0.08611111111111111 0.06527777777777778
0 0.22847222222222222 0.013194444444444444 0.05694444444444444 0.02638888888888889
0 0.29444444444444445 0.013194444444444444 0.08333333333333333 0.02638888888888889
0 0.011805555555555555 0.46111111111111114 0.02361111111111111 0.175
0 0.5833333333333334 0.18888888888888888 0.14930555555555555 0.2972222222222222
0 0.8166666666666667 0.2222222222222222 0.33541666666666664 0.42430555555555555
0 0.53125 0.4111111111111111 0.18472222222222223 0.26666666666666666
0 0.65 0.4125 0.4222222222222222 0.2722222222222222
0 0.5798611111111112 0.05347222222222222 0.28194444444444444 0.10694444444444444
0 0.06805555555555555 0.7743055555555556 0.1361111111111111 0.4486111111111111
0 0.2777777777777778 0.7743055555555556 0.3194444444444444 0.4486111111111111
0 0.9611111111111111 0.6819444444444445 0.075 0.1
0 0.9805555555555555 0.7972222222222223 0.03611111111111111 0.09166666666666666
0 0.9631944444444445 0.7152777777777778 0.07083333333333333 0.1638888888888889
0 0.675 0.9138888888888889 0.10555555555555556 0.16944444444444445
0 0.6868055555555556 0.5645833333333333 0.04861111111111111 0.029166666666666667
0 0.9305555555555556 0.8861111111111111 0.1361111111111111 0.14166666666666666
0 0.8951388888888889 0.9583333333333334 0.20694444444444443 0.08055555555555556
0 0.7256944444444444 0.5638888888888889 0.02638888888888889 0.027777777777777776
0 0.7430555555555556 0.59375 0.03611111111111111 0.07430555555555556
0 0.7208333333333333 0.6722222222222223 0.06597222222222222 0.07361111111111111
0 0.9069444444444444 0.8055555555555556 0.10347222222222222 0.0798611111111111
0 0.7493055555555556 0.7659722222222223 0.05625 0.09027777777777778
0 0.9263888888888889 0.6375 0.14166666666666666 0.175
0 0.5263888888888889 0.9569444444444445 0.06944444444444445 0.08333333333333333
0 0.8368055555555556 0.8708333333333333 0.07430555555555556 0.06666666666666667