0 0.08541666666666667 0.16458333333333333 0.06388888888888888 0.041666666666666664
0 0.21805555555555556 0.5319444444444444 0.06875 0.06597222222222222
0 0.18888888888888888 0.40069444444444446 0.05694444444444444 0.04583333333333333
0 0.009027777777777777 0.11666666666666667 0.018055555555555554 0.03888888888888889
0 0.10277777777777777 0.075 0.05347222222222222 0.03333333333333333
0 0.11388888888888889 0.1 0.05277777777777778 0.03611111111111111
0 0.18055555555555555 0.5722222222222222 0.08888888888888889 0.05277777777777778
0 0.075 0.5673611111111111 0.125 0.0625
0 0.11388888888888889 0.4979166666666667 0.075 0.0798611111111111
0 0.3854166666666667 0.3486111111111111 0.02638888888888889 0.044444444444444446
0 0.07361111111111111 0.36041666666666666 0.0798611111111111 0.052083333333333336
0 0.12152777777777778 0.40069444444444446 0.07083333333333333 0.05138888888888889
0 0.18055555555555555 0.50625 0.09166666666666666 0.07222222222222222
0 0.2263888888888889 0.3638888888888889 0.041666666666666664 0.03888888888888889
0 0.015277777777777777 0.4965277777777778 0.030555555555555555 0.05416666666666667
0 0.059722222222222225 0.4673611111111111 0.035416666666666666 0.06041666666666667
0 0.375 0.4798611111111111 0.04722222222222222 0.04861111111111111
0 0.21805555555555556 0.2833333333333333 0.04236111111111111 0.03611111111111111
0 0.16319444444444445 0.21388888888888888 0.03680555555555556 0.04722222222222222
0 0.12777777777777777 0.22777777777777777 0.03194444444444444 0.034722222222222224
0 0.1125 0.32708333333333334 0.07083333333333333 0.05347222222222222
0 0.5805555555555556 0.15 0.3611111111111111 0.3
0 0.9034722222222222 0.5166666666666667 0.19027777777777777 0.1638888888888889
0 0.6180555555555556 0.4444444444444444 0.4361111111111111 0.30833333333333335
0 0.24097222222222223 0.9048611111111111 0.04097222222222222 0.04861111111111111
0 0.24722222222222223 0.7534722222222222 0.05277777777777778 0.07361111111111111
0 0.29444444444444445 0.7118055555555556 0.058333333333333334 0.04652777777777778
0 0.2652777777777778 0.69375 0.03333333333333333 0.03819444444444445
0 0.35555555555555557 0.8909722222222223 0.0798611111111111 0.12638888888888888
0 0.09791666666666667 0.7243055555555555 0.03611111111111111 0.03819444444444445
0 0.3909722222222222 0.9798611111111111 0.015277777777777777 0.0375
0 0.34097222222222223 0.98125 0.05416666666666667 0.034722222222222224
0 0.23541666666666666 0.975 0.043055555555555555 0.04722222222222222
0 0.04097222222222222 0.7409722222222223 0.08194444444444444 0.1597222222222222
0 0.22013888888888888 0.8152777777777778 0.04027777777777778 0.04513888888888889
0 0.22013888888888888 0.7847222222222222 0.05486111111111111 0.043055555555555555
0 0.20555555555555555 0.7451388888888889 0.05138888888888889 0.043055555555555555
0 0.029166666666666667 0.6541666666666667 0.058333333333333334 0.058333333333333334
0 0.004861111111111111 0.6833333333333333 0.009722222222222222 0.03333333333333333
0 0.09513888888888888 0.6743055555555556 0.08680555555555555 0.09305555555555556
0 0.11388888888888889 0.8944444444444445 0.052083333333333336 0.059027777777777776
0 0.008333333333333333 0.6375 0.016666666666666666 0.06111111111111111
0 0.14027777777777778 0.8020833333333334 0.08541666666666667 0.07291666666666667
0 0.29583333333333334 0.8020833333333334 0.04791666666666667 0.04652777777777778
0 0.28888888888888886 0.7472222222222222 0.03958333333333333 0.0375
0 0.3104166666666667 0.9861111111111112 0.04583333333333333 0.025
0 0.04097222222222222 0.7590277777777777 0.08194444444444444 0.12361111111111112
0 0.18333333333333332 0.6826388888888889 0.07291666666666667 0.0625
0 0.3701388888888889 0.8347222222222223 0.05694444444444444 0.08333333333333333
0 0.9527777777777777 0.64375 0.09166666666666666 0.0875
0 0.8041666666666667 0.69375 0.2777777777777778 0.1875
0 0.5618055555555556 0.7576388888888889 0.22916666666666666 0.31527777777777777
0 0.9430555555555555 0.8201388888888889 0.1111111111111111 0.3236111111111111
0 0.7548611111111111 0.9041666666666667 0.3680555555555556 0.18888888888888888
0 0.49236111111111114 0.9090277777777778 0.18472222222222223 0.17916666666666667