0 0.15833333333333333 0.12430555555555556 0.31666666666666665 0.24861111111111112
0 0.5652777777777778 0.011111111111111112 0.06666666666666667 0.022222222222222223
0 0.6493055555555556 0.09722222222222222 0.05486111111111111 0.05138888888888889
0 0.6444444444444445 0.04583333333333333 0.025 0.05347222222222222
0 0.6784722222222223 0.04513888888888889 0.03611111111111111 0.08194444444444444
0 0.7270833333333333 0.10625 0.09791666666666667 0.14027777777777778
0 0.7513888888888889 0.03194444444444444 0.06111111111111111 0.06388888888888888
0 0.5465277777777777 0.1597222222222222 0.2152777777777778 0.17777777777777778
0 0.44930555555555557 0.17708333333333334 0.020833333333333332 0.14305555555555555
0 0.8590277777777777 0.12430555555555556 0.2791666666666667 0.24861111111111112
0 0.49375 0.06388888888888888 0.07222222222222222 0.07361111111111111
0 0.5819444444444445 0.04652777777777778 0.07013888888888889 0.07152777777777777
0 0.29791666666666666 0.6319444444444444 0.2791666666666667 0.55
0 0.10347222222222222 0.7472222222222222 0.17152777777777778 0.32013888888888886
0 0.075 0.8701388888888889 0.15 0.2569444444444444
0 0.3638888888888889 0.9180555555555555 0.14722222222222223 0.16111111111111112
0 0.20069444444444445 0.9409722222222222 0.24583333333333332 0.11527777777777778
0 0.17847222222222223 0.2923611111111111 0.2625 0.08472222222222223
0 0.3590277777777778 0.35625 0.15694444444444444 0.2125
0 0.16180555555555556 0.3458333333333333 0.11944444444444445 0.10972222222222222
0 0.08402777777777778 0.3993055555555556 0.16805555555555557 0.2986111111111111
0 0.09583333333333334 0.5333333333333333 0.19166666666666668 0.15833333333333333
0 0.8138888888888889 0.5604166666666667 0.27152777777777776 0.48055555555555557
0 0.5666666666666667 0.5951388888888889 0.25555555555555554 0.34305555555555556
0 0.6951388888888889 0.8215277777777777 0.3263888888888889 0.3541666666666667
0 0.95625 0.84375 0.08472222222222223 0.30972222222222223
0 0.49930555555555556 0.8701388888888889 0.12083333333333333 0.2569444444444444
0 0.7916666666666666 0.9798611111111111 0.3277777777777778 0.0375
0 0.8854166666666666 0.3090277777777778 0.2263888888888889 0.11805555555555555
0 0.6243055555555556 0.37083333333333335 0.37083333333333335 0.24166666666666667
0 0.9756944444444444 0.4909722222222222 0.04583333333333333 0.3902777777777778