0 0.04513888888888889 0.018055555555555554 0.09027777777777778 0.03611111111111111
0 0.03819444444444445 0.08611111111111111 0.06527777777777778 0.13055555555555556
0 0.23055555555555557 0.25416666666666665 0.46111111111111114 0.5083333333333333
0 0.7375 0.30486111111111114 0.2916666666666667 0.40694444444444444
0 0.5569444444444445 0.42986111111111114 0.175 0.15694444444444444
0 0.84375 0.4673611111111111 0.22083333333333333 0.08194444444444444
0 0.6972222222222222 0.05625 0.18333333333333332 0.1125
0 0.575 0.06388888888888888 0.125 0.12777777777777777
0 0.4986111111111111 0.09375 0.058333333333333334 0.1875
0 0.5361111111111111 0.17847222222222223 0.12986111111111112 0.25625
0 0.1798611111111111 0.7090277777777778 0.03958333333333333 0.035416666666666666
0 0.10277777777777777 0.6527777777777778 0.20555555555555555 0.1638888888888889
0 0.19236111111111112 0.9145833333333333 0.20416666666666666 0.16805555555555557
0 0.36736111111111114 0.9701388888888889 0.12916666666666668 0.05694444444444444
0 0.19305555555555556 0.6354166666666666 0.035416666666666666 0.02638888888888889
0 0.2722222222222222 0.75625 0.08055555555555556 0.059027777777777776
0 0.43333333333333335 0.7159722222222222 0.06944444444444445 0.043055555555555555
0 0.35833333333333334 0.5784722222222223 0.08541666666666667 0.10069444444444445
0 0.21875 0.7222222222222222 0.049305555555555554 0.04791666666666667
0 0.2326388888888889 0.6743055555555556 0.05486111111111111 0.05694444444444444
0 0.3277777777777778 0.76875 0.049305555555555554 0.06388888888888888
0 0.4131944444444444 0.66875 0.034027777777777775 0.043055555555555555
0 0.3784722222222222 0.7791666666666667 0.05555555555555555 0.0763888888888889
0 0.3993055555555556 0.8236111111111111 0.04097222222222222 0.05347222222222222
0 0.3194444444444444 0.8625 0.08333333333333333 0.07291666666666667
0 0.2465277777777778 0.5881944444444445 0.050694444444444445 0.06111111111111111
0 0.2791666666666667 0.5388888888888889 0.08611111111111111 0.058333333333333334
0 0.06875 0.9784722222222222 0.12638888888888888 0.04027777777777778
0 0.05347222222222222 0.5430555555555555 0.09027777777777778 0.06666666666666667
0 0.16944444444444445 0.5347222222222222 0.11944444444444445 0.05
0 0.3729166666666667 0.7277777777777777 0.03819444444444445 0.043055555555555555
0 0.44305555555555554 0.7861111111111111 0.03680555555555556 0.03611111111111111
0 0.44583333333333336 0.8395833333333333 0.04652777777777778 0.049305555555555554
0 0.4125 0.88125 0.07083333333333333 0.06666666666666667
0 0.45555555555555555 0.8645833333333334 0.025 0.0625
0 0.02013888888888889 0.7430555555555556 0.04027777777777778 0.07222222222222222
0 0.2972222222222222 0.9375 0.07847222222222222 0.07291666666666667
0 0.019444444444444445 0.8777777777777778 0.03888888888888889 0.06111111111111111
0 0.09583333333333334 0.8451388888888889 0.09652777777777778 0.1375
0 0.30277777777777776 0.65625 0.04722222222222222 0.04861111111111111
0 0.1951388888888889 0.7625 0.050694444444444445 0.04861111111111111
0 0.26805555555555555 0.7097222222222223 0.05625 0.029166666666666667
0 0.39166666666666666 0.9159722222222222 0.08333333333333333 0.07083333333333333
0 0.4486111111111111 0.9333333333333333 0.03888888888888889 0.058333333333333334
0 0.4444444444444444 0.6430555555555556 0.04722222222222222 0.09166666666666666
0 0.12361111111111112 0.5576388888888889 0.06736111111111111 0.07847222222222222
0 0.29305555555555557 0.7951388888888888 0.06666666666666667 0.05486111111111111
0 0.3090277777777778 0.6951388888888889 0.04513888888888889 0.04513888888888889
0 0.28055555555555556 0.6215277777777778 0.04652777777777778 0.04375
0 0.8048611111111111 0.7763888888888889 0.3125 0.27152777777777776
0 0.5736111111111111 0.7958333333333333 0.20833333333333334 0.40555555555555556
0 0.8569444444444444 0.9506944444444444 0.20555555555555555 0.09583333333333334
0 0.6847222222222222 0.56875 0.2638888888888889 0.11805555555555555
0 0.8048611111111111 0.5805555555555556 0.22916666666666666 0.14166666666666666
0 0.5326388888888889 0.6027777777777777 0.12638888888888888 0.18611111111111112
0 0.9131944444444444 0.6513888888888889 0.17083333333333334 0.2833333333333333