0 0.18125 0.3958333333333333 0.14097222222222222 0.09305555555555556
0 0.2513888888888889 0.15347222222222223 0.34444444444444444 0.30694444444444446
0 0.3729166666666667 0.47152777777777777 0.30694444444444446 0.09305555555555556
0 0.12916666666666668 0.34097222222222223 0.1840277777777778 0.11597222222222223
0 0.06805555555555555 0.12361111111111112 0.1361111111111111 0.24722222222222223
0 0.7736111111111111 0.2326388888888889 0.0763888888888889 0.07569444444444444
0 0.8548611111111111 0.4576388888888889 0.2875 0.12083333333333333
0 0.9583333333333334 0.4708333333333333 0.08055555555555556 0.07777777777777778
0 0.9916666666666667 0.46041666666666664 0.013888888888888888 0.04583333333333333
0 0.9819444444444444 0.41388888888888886 0.03333333333333333 0.08611111111111111
0 0.8055555555555556 0.30069444444444443 0.05416666666666667 0.04652777777777778
0 0.9305555555555556 0.34652777777777777 0.1361111111111111 0.10972222222222222
0 0.7520833333333333 0.035416666666666666 0.10694444444444444 0.07083333333333333
0 0.7708333333333334 0.15555555555555556 0.049305555555555554 0.09305555555555556
0 0.8951388888888889 0.21805555555555556 0.059027777777777776 0.04097222222222222
0 0.6944444444444444 0.02361111111111111 0.030555555555555555 0.04722222222222222
0 0.7076388888888889 0.4597222222222222 0.05694444444444444 0.11666666666666667
0 0.9597222222222223 0.23055555555555557 0.06736111111111111 0.06597222222222222
0 0.7111111111111111 0.2951388888888889 0.06041666666666667 0.03263888888888889
0 0.7548611111111111 0.3076388888888889 0.03611111111111111 0.03680555555555556
0 0.7090277777777778 0.34305555555555556 0.0375 0.03263888888888889
0 0.83125 0.2465277777777778 0.05694444444444444 0.04236111111111111
0 0.8756944444444444 0.25625 0.06736111111111111 0.05347222222222222
0 0.8701388888888889 0.1673611111111111 0.05416666666666667 0.06319444444444444
0 0.9277777777777778 0.4888888888888889 0.07222222222222222 0.058333333333333334
0 0.41388888888888886 0.7590277777777777 0.5277777777777778 0.4791666666666667
0 0.21180555555555555 0.775 0.4236111111111111 0.44722222222222224
0 0.5840277777777778 0.8791666666666667 0.1875 0.2388888888888889
0 0.7208333333333333 0.95625 0.08333333333333333 0.08472222222222223
0 0.9819444444444444 0.5868055555555556 0.03333333333333333 0.04861111111111111
0 0.8326388888888889 0.9166666666666666 0.1763888888888889 0.1638888888888889
0 0.7513888888888889 0.8131944444444444 0.09027777777777778 0.1388888888888889
0 0.9902777777777778 0.8138888888888889 0.016666666666666666 0.12222222222222222
0 0.94375 0.6618055555555555 0.06597222222222222 0.06944444444444445
0 0.9631944444444445 0.7375 0.07083333333333333 0.08055555555555556
0 0.9680555555555556 0.6875 0.06111111111111111 0.08888888888888889
0 0.96875 0.8923611111111112 0.059722222222222225 0.12361111111111112
0 0.9277777777777778 0.5361111111111111 0.11388888888888889 0.03333333333333333
0 0.9520833333333333 0.96875 0.09305555555555556 0.059722222222222225
0 0.8722222222222222 0.7798611111111111 0.22916666666666666 0.3013888888888889
0 0.8111111111111111 0.5770833333333333 0.18333333333333332 0.11527777777777778
0 0.70625 0.6006944444444444 0.05416666666666667 0.09027777777777778
0 0.7041666666666667 0.8409722222222222 0.05 0.19027777777777777
0 0.6965277777777777 0.7368055555555556 0.034722222222222224 0.12083333333333333