0 0.5027777777777778 0.12013888888888889 0.2111111111111111 0.24027777777777778
0 0.14444444444444443 0.48680555555555555 0.06388888888888888 0.043055555555555555
0 0.35208333333333336 0.16111111111111112 0.21805555555555556 0.32222222222222224
0 0.5659722222222222 0.23958333333333334 0.08472222222222223 0.14027777777777778
0 0.15208333333333332 0.25763888888888886 0.30416666666666664 0.22916666666666666
0 0.14444444444444443 0.08472222222222223 0.1909722222222222 0.12222222222222222
0 0.3763888888888889 0.02847222222222222 0.11944444444444445 0.05694444444444444
0 0.8902777777777777 0.1326388888888889 0.21666666666666667 0.2652777777777778
0 0.7854166666666667 0.35833333333333334 0.2875 0.3
0 0.29097222222222224 0.8493055555555555 0.42916666666666664 0.2986111111111111
0 0.5243055555555556 0.8986111111111111 0.16805555555555557 0.2
0 0.09791666666666667 0.9736111111111111 0.19583333333333333 0.05
0 0.30069444444444443 0.5715277777777777 0.25416666666666665 0.12361111111111112
0 0.18194444444444444 0.6645833333333333 0.3638888888888889 0.30972222222222223
0 0.4895833333333333 0.6284722222222222 0.2375 0.2375
0 0.9298611111111111 0.6444444444444445 0.07708333333333334 0.04861111111111111
0 0.7527777777777778 0.5715277777777777 0.05625 0.049305555555555554
0 0.8138888888888889 0.6263888888888889 0.04791666666666667 0.05555555555555555
0 0.9784722222222222 0.5708333333333333 0.04027777777777778 0.08333333333333333
0 0.9402777777777778 0.5298611111111111 0.041666666666666664 0.04027777777777778
0 0.7993055555555556 0.5888888888888889 0.04027777777777778 0.04722222222222222
0 0.7506944444444444 0.6027777777777777 0.02847222222222222 0.034722222222222224
0 0.6611111111111111 0.9680555555555556 0.08333333333333333 0.06111111111111111
0 0.8111111111111111 0.8597222222222223 0.09791666666666667 0.1125
0 0.6631944444444444 0.8243055555555555 0.10694444444444444 0.08194444444444444
0 0.7256944444444444 0.8604166666666667 0.07430555555555556 0.0625
0 0.9409722222222222 0.7361111111111112 0.11527777777777778 0.09722222222222222
0 0.6555555555555556 0.9208333333333333 0.09166666666666666 0.07777777777777778
0 0.7493055555555556 0.6597222222222222 0.04722222222222222 0.05694444444444444
0 0.7215277777777778 0.7013888888888888 0.04513888888888889 0.06458333333333334
0 0.6152777777777778 0.5784722222222223 0.011111111111111112 0.0375
0 0.8895833333333333 0.7986111111111112 0.13194444444444445 0.1125
0 0.7645833333333333 0.7888888888888889 0.06944444444444445 0.10555555555555556
0 0.8472222222222222 0.6708333333333333 0.0798611111111111 0.07916666666666666
0 0.6819444444444445 0.7354166666666667 0.08541666666666667 0.06388888888888888
0 0.7861111111111111 0.6277777777777778 0.03263888888888889 0.034027777777777775
0 0.7895833333333333 0.6763888888888889 0.05555555555555555 0.06388888888888888
0 0.8854166666666666 0.6131944444444445 0.0798611111111111 0.06736111111111111
0 0.9076388888888889 0.5826388888888889 0.08888888888888889 0.07083333333333333
0 0.9395833333333333 0.6819444444444445 0.11805555555555555 0.06111111111111111
0 0.65 0.9020833333333333 0.08055555555555556 0.12916666666666668
0 0.9916666666666667 0.6256944444444444 0.013888888888888888 0.08194444444444444
0 0.6520833333333333 0.6694444444444444 0.08263888888888889 0.10277777777777777
0 0.8090277777777778 0.5208333333333334 0.05694444444444444 0.022222222222222223
0 0.9659722222222222 0.8263888888888888 0.04861111111111111 0.06041666666666667
0 0.8743055555555556 0.9527777777777777 0.05763888888888889 0.04236111111111111
0 0.8715277777777778 0.8708333333333333 0.04027777777777778 0.06944444444444445