0 0.2916666666666667 0.4444444444444444 0.08611111111111111 0.07222222222222222
0 0.05694444444444444 0.36666666666666664 0.06666666666666667 0.05138888888888889
0 0.2520833333333333 0.46805555555555556 0.29305555555555557 0.06111111111111111
0 0.2743055555555556 0.2847222222222222 0.08958333333333333 0.07083333333333333
0 0.30625 0.16319444444444445 0.07777777777777778 0.10416666666666667
0 0.4361111111111111 0.2263888888888889 0.058333333333333334 0.059722222222222225
0 0.4215277777777778 0.28680555555555554 0.050694444444444445 0.06319444444444444
0 0.3854166666666667 0.38958333333333334 0.22847222222222222 0.12569444444444444
0 0.6409722222222223 0.18125 0.034722222222222224 0.0763888888888889
0 0.5208333333333334 0.48125 0.06666666666666667 0.034722222222222224
0 0.41944444444444445 0.4666666666666667 0.1388888888888889 0.06388888888888888
0 0.34652777777777777 0.3173611111111111 0.13402777777777777 0.10416666666666667
0 0.5534722222222223 0.24097222222222223 0.20625 0.17083333333333334
0 0.2048611111111111 0.2875 0.059027777777777776 0.07708333333333334
0 0.21180555555555555 0.36944444444444446 0.11319444444444444 0.06944444444444445
0 0.07777777777777778 0.4756944444444444 0.11388888888888889 0.04583333333333333
0 0.6145833333333334 0.3486111111111111 0.0875 0.1111111111111111
0 0.5083333333333333 0.3333333333333333 0.08263888888888889 0.05625
0 0.4131944444444444 0.10972222222222222 0.09027777777777778 0.06944444444444445
0 0.36180555555555555 0.07708333333333334 0.0625 0.07916666666666666
0 0.41180555555555554 0.03611111111111111 0.06805555555555555 0.07222222222222222
0 0.4909722222222222 0.08680555555555555 0.08194444444444444 0.09652777777777778
0 0.5430555555555555 0.09652777777777778 0.03333333333333333 0.05277777777777778
0 0.5701388888888889 0.07013888888888889 0.035416666666666666 0.06111111111111111
0 0.6430555555555556 0.017361111111111112 0.030555555555555555 0.034722222222222224
0 0.08194444444444444 0.10902777777777778 0.14791666666666667 0.059027777777777776
0 0.20625 0.05555555555555555 0.14305555555555555 0.10069444444444445
0 0.5534722222222223 0.45416666666666666 0.10694444444444444 0.08888888888888889
0 0.1423611111111111 0.21388888888888888 0.19652777777777777 0.17222222222222222
0 0.6055555555555555 0.043055555555555555 0.10833333333333334 0.08611111111111111
0 0.36527777777777776 0.01875 0.04722222222222222 0.0375
0 0.3034722222222222 0.013888888888888888 0.08472222222222223 0.027777777777777776
0 0.03958333333333333 0.44583333333333336 0.05555555555555555 0.09305555555555556
0 0.9152777777777777 0.40902777777777777 0.16666666666666666 0.11805555555555555
0 0.9076388888888889 0.3423611111111111 0.125 0.10138888888888889
0 0.7868055555555555 0.39166666666666666 0.08472222222222223 0.06458333333333334
0 0.7659722222222223 0.3104166666666667 0.05625 0.07222222222222222
0 0.7354166666666667 0.23680555555555555 0.15138888888888888 0.1597222222222222
0 0.8319444444444445 0.31180555555555556 0.08055555555555556 0.06875
0 0.86875 0.19027777777777777 0.07708333333333334 0.1076388888888889
0 0.9826388888888888 0.25625 0.03194444444444444 0.059722222222222225
0 0.9236111111111112 0.10416666666666667 0.06388888888888888 0.07777777777777778
0 0.8715277777777778 0.06527777777777778 0.03888888888888889 0.05694444444444444
0 0.9805555555555555 0.31875 0.03611111111111111 0.06527777777777778
0 0.7736111111111111 0.08472222222222223 0.16527777777777777 0.09652777777777778
0 0.8625 0.02638888888888889 0.08472222222222223 0.049305555555555554
0 0.9680555555555556 0.06111111111111111 0.06111111111111111 0.08055555555555556
0 0.9263888888888889 0.03680555555555556 0.04722222222222222 0.05763888888888889
0 0.9652777777777778 0.14027777777777778 0.06666666666666667 0.075
0 0.34305555555555556 0.9451388888888889 0.25 0.10694444444444444
0 0.23402777777777778 0.5833333333333334 0.4625 0.16666666666666666
0 0.5416666666666666 0.6298611111111111 0.23333333333333334 0.25972222222222224
0 0.0763888888888889 0.6430555555555556 0.1527777777777778 0.2861111111111111
0 0.5284722222222222 0.7923611111111111 0.25972222222222224 0.4125
0 0.09236111111111112 0.8298611111111112 0.18472222222222223 0.3375
0 0.22777777777777777 0.7791666666666667 0.39444444444444443 0.4388888888888889
0 0.8861111111111111 0.7173611111111111 0.19791666666666666 0.14444444444444443
0 0.7333333333333333 0.7034722222222223 0.14722222222222223 0.24583333333333332
0 0.8465277777777778 0.5736111111111111 0.12430555555555556 0.09027777777777778
0 0.9701388888888889 0.675 0.05694444444444444 0.1388888888888889
0 0.7020833333333333 0.5527777777777778 0.08472222222222223 0.10555555555555556
0 0.8798611111111111 0.8513888888888889 0.2375 0.29444444444444445
0 0.9513888888888888 0.5402777777777777 0.09444444444444444 0.08055555555555556