0 0.08263888888888889 0.5361111111111111 0.16527777777777777 0.21666666666666667
0 0.03888888888888889 0.2763888888888889 0.07777777777777778 0.275
0 0.14444444444444443 0.6277777777777778 0.19166666666666668 0.18611111111111112
0 0.23541666666666666 0.2722222222222222 0.2847222222222222 0.19722222222222222
0 0.19305555555555556 0.10902777777777778 0.25833333333333336 0.21805555555555556
0 0.30625 0.45416666666666666 0.14305555555555555 0.5888888888888889
0 0.3875 0.28958333333333336 0.016666666666666666 0.059722222222222225
0 0.4625 0.17777777777777778 0.06319444444444444 0.06388888888888888
0 0.4736111111111111 0.3486111111111111 0.0763888888888889 0.043055555555555555
0 0.39166666666666666 0.6659722222222222 0.025 0.09583333333333334
0 0.8465277777777778 0.5326388888888889 0.09652777777777778 0.14375
0 0.7048611111111112 0.08263888888888889 0.075 0.09791666666666667
0 0.9361111111111111 0.15625 0.02638888888888889 0.035416666666666666
0 0.95 0.10902777777777778 0.05 0.05
0 0.9291666666666667 0.03958333333333333 0.1388888888888889 0.07916666666666666
0 0.6902777777777778 0.1451388888888889 0.04513888888888889 0.04583333333333333
0 0.7743055555555556 0.03333333333333333 0.059722222222222225 0.06666666666666667
0 0.9895833333333334 0.49027777777777776 0.018055555555555554 0.08888888888888889
0 0.9743055555555555 0.5034722222222222 0.04861111111111111 0.0763888888888889
0 0.5444444444444444 0.006944444444444444 0.05555555555555555 0.013888888888888888
0 0.8819444444444444 0.19583333333333333 0.06666666666666667 0.08888888888888889
0 0.5625 0.17083333333333334 0.1527777777777778 0.1673611111111111
0 0.5493055555555556 0.05486111111111111 0.09513888888888888 0.09236111111111112
0 0.7388888888888889 0.28888888888888886 0.07569444444444444 0.08055555555555556
0 0.7284722222222222 0.32708333333333334 0.058333333333333334 0.049305555555555554
0 0.5326388888888889 0.5111111111111111 0.052083333333333336 0.06180555555555556
0 0.7333333333333333 0.5930555555555556 0.08125 0.07083333333333333
0 0.46458333333333335 0.06180555555555556 0.08333333333333333 0.09722222222222222
0 0.88125 0.0875 0.1597222222222222 0.175
0 0.9333333333333333 0.3784722222222222 0.13055555555555556 0.16527777777777777
0 0.9868055555555556 0.4284722222222222 0.02361111111111111 0.09305555555555556
0 0.7534722222222222 0.23472222222222222 0.05555555555555555 0.07152777777777777
0 0.8833333333333333 0.6236111111111111 0.10833333333333334 0.11805555555555555
0 0.9770833333333333 0.22430555555555556 0.043055555555555555 0.13194444444444445
0 0.9138888888888889 0.17708333333333334 0.02638888888888889 0.04375
0 0.9506944444444444 0.24305555555555555 0.09583333333333334 0.1527777777777778
0 0.9861111111111112 0.1486111111111111 0.025 0.18055555555555555
0 0.46041666666666664 0.06111111111111111 0.08055555555555556 0.10208333333333333
0 0.4041666666666667 0.10555555555555556 0.05 0.1361111111111111
0 0.4479166666666667 0.2590277777777778 0.11597222222222223 0.16180555555555556
0 0.8833333333333333 0.625 0.1111111111111111 0.11875
0 0.9847222222222223 0.3368055555555556 0.027777777777777776 0.10138888888888889
0 0.7756944444444445 0.20277777777777778 0.08402777777777778 0.07430555555555556
0 0.8298611111111112 0.31527777777777777 0.07708333333333334 0.15486111111111112
0 0.44722222222222224 0.25625 0.11736111111111111 0.1597222222222222
0 0.05555555555555555 0.8743055555555556 0.1111111111111111 0.24861111111111112
0 0.1763888888888889 0.9583333333333334 0.35 0.08055555555555556
0 0.9722222222222222 0.9770833333333333 0.05277777777777778 0.043055555555555555
0 0.6597222222222222 0.8902777777777777 0.04861111111111111 0.059027777777777776
0 0.5458333333333333 0.9638888888888889 0.05416666666666667 0.05486111111111111
0 0.58125 0.9791666666666666 0.07916666666666666 0.03888888888888889
0 0.8847222222222222 0.9861111111111112 0.07777777777777778 0.025