0 0.36319444444444443 0.40625 0.06666666666666667 0.043055555555555555
0 0.275 0.35555555555555557 0.034722222222222224 0.03888888888888889
0 0.38125 0.31319444444444444 0.05555555555555555 0.034722222222222224
0 0.39305555555555555 0.33958333333333335 0.05555555555555555 0.0375
0 0.43333333333333335 0.11180555555555556 0.04791666666666667 0.049305555555555554
0 0.3729166666666667 0.05694444444444444 0.04652777777777778 0.04652777777777778
0 0.04583333333333333 0.3736111111111111 0.05486111111111111 0.059722222222222225
0 0.15833333333333333 0.23055555555555557 0.04583333333333333 0.05625
0 0.14444444444444443 0.3597222222222222 0.03819444444444445 0.03888888888888889
0 0.4986111111111111 0.5298611111111111 0.03888888888888889 0.04027777777777778
0 0.4444444444444444 0.4583333333333333 0.03819444444444445 0.049305555555555554
0 0.4076388888888889 0.4722222222222222 0.03333333333333333 0.03611111111111111
0 0.39166666666666666 0.5631944444444444 0.075 0.029166666666666667
0 0.14097222222222222 0.5347222222222222 0.08402777777777778 0.07291666666666667
0 0.7430555555555556 0.35694444444444445 0.10138888888888889 0.10208333333333333
0 0.8416666666666667 0.3402777777777778 0.04513888888888889 0.059722222222222225
0 0.8791666666666667 0.3013888888888889 0.11597222222222223 0.13402777777777777
0 0.9319444444444445 0.28541666666666665 0.05555555555555555 0.05277777777777778
0 0.8861111111111111 0.22291666666666668 0.0875 0.06458333333333334
0 0.81875 0.2263888888888889 0.05138888888888889 0.05625
0 0.6875 0.5173611111111112 0.05694444444444444 0.06875
0 0.6701388888888888 0.5597222222222222 0.05416666666666667 0.03611111111111111
0 0.6930555555555555 0.5479166666666667 0.021527777777777778 0.0375
0 0.9423611111111111 0.46805555555555556 0.10277777777777777 0.08402777777777778
0 0.6583333333333333 0.38125 0.09027777777777778 0.0798611111111111
0 0.8097222222222222 0.36944444444444446 0.03611111111111111 0.06111111111111111
0 0.7520833333333333 0.2708333333333333 0.04722222222222222 0.05
0 0.6097222222222223 0.26875 0.05486111111111111 0.06944444444444445
0 0.6729166666666667 0.29930555555555555 0.08611111111111111 0.0798611111111111
0 0.6694444444444444 0.2125 0.06388888888888888 0.08611111111111111
0 0.6097222222222223 0.3402777777777778 0.07430555555555556 0.08402777777777778
0 0.5486111111111112 0.2972222222222222 0.043055555555555555 0.0625
0 0.5548611111111111 0.2569444444444444 0.07083333333333333 0.058333333333333334
0 0.5548611111111111 0.43333333333333335 0.07083333333333333 0.12222222222222222
0 0.8180555555555555 0.5145833333333333 0.24722222222222223 0.12638888888888888
0 0.9604166666666667 0.5229166666666667 0.0763888888888889 0.10972222222222222
0 0.5888888888888889 0.5659722222222222 0.1388888888888889 0.02361111111111111
0 0.1736111111111111 0.7548611111111111 0.13541666666666666 0.075
0 0.07430555555555556 0.7881944444444444 0.1486111111111111 0.1597222222222222
0 0.2777777777777778 0.9222222222222223 0.48055555555555557 0.1527777777777778
0 0.34305555555555556 0.7666666666666667 0.1673611111111111 0.13402777777777777
0 0.9666666666666667 0.7493055555555556 0.06388888888888888 0.09305555555555556
0 0.8881944444444444 0.7125 0.08125 0.07916666666666666
0 0.9888888888888889 0.6131944444444445 0.019444444444444445 0.06805555555555555
0 0.7291666666666666 0.7131944444444445 0.09930555555555555 0.09236111111111112
0 0.6270833333333333 0.7347222222222223 0.06180555555555556 0.09791666666666667
0 0.8125 0.61875 0.059027777777777776 0.06736111111111111
0 0.9659722222222222 0.8666666666666667 0.06527777777777778 0.06944444444444445
0 0.6770833333333334 0.9680555555555556 0.07916666666666666 0.06111111111111111
0 0.6694444444444444 0.8076388888888889 0.11875 0.1
0 0.8826388888888889 0.6305555555555555 0.08194444444444444 0.0798611111111111
0 0.9902777777777778 0.8208333333333333 0.016666666666666666 0.06111111111111111
0 0.8215277777777777 0.8611111111111112 0.16319444444444445 0.26180555555555557
0 0.7805555555555556 0.9479166666666666 0.06875 0.08680555555555555
0 0.9701388888888889 0.9493055555555555 0.05694444444444444 0.09305555555555556
0 0.5805555555555556 0.6243055555555556 0.12222222222222222 0.09027777777777778