0 0.31875 0.3541666666666667 0.09375 0.09166666666666666
0 0.30833333333333335 0.06180555555555556 0.38055555555555554 0.12361111111111112
0 0.33194444444444443 0.39444444444444443 0.06111111111111111 0.027777777777777776
0 0.30972222222222223 0.16458333333333333 0.19930555555555557 0.2
0 0.07708333333333334 0.022916666666666665 0.1486111111111111 0.04583333333333333
0 0.9 0.12986111111111112 0.15763888888888888 0.16319444444444445
0 0.6729166666666667 0.16527777777777777 0.06388888888888888 0.07222222222222222
0 0.55625 0.2111111111111111 0.1125 0.1527777777777778
0 0.65 0.019444444444444445 0.041666666666666664 0.03819444444444445
0 0.7236111111111111 0.36180555555555555 0.11666666666666667 0.09305555555555556
0 0.6138888888888889 0.14444444444444443 0.08819444444444445 0.11875
0 0.9763888888888889 0.36041666666666666 0.044444444444444446 0.09583333333333334
0 0.6423611111111112 0.08125 0.12083333333333333 0.05555555555555555
0 0.9041666666666667 0.34791666666666665 0.125 0.12083333333333333
0 0.6875 0.2423611111111111 0.041666666666666664 0.08819444444444445
0 0.5972222222222222 0.3458333333333333 0.125 0.125
0 0.6173611111111111 0.03680555555555556 0.07361111111111111 0.07361111111111111
0 0.79375 0.23958333333333334 0.18333333333333332 0.23194444444444445
0 0.6423611111111112 0.2465277777777778 0.05138888888888889 0.11527777777777778
0 0.23055555555555557 0.8451388888888889 0.46111111111111114 0.30694444444444446
0 0.24930555555555556 0.7041666666666667 0.4986111111111111 0.5888888888888889
0 0.5138888888888888 0.7465277777777778 0.027777777777777776 0.14583333333333334
0 0.8722222222222222 0.7291666666666666 0.04375 0.06458333333333334
0 0.8534722222222222 0.7916666666666666 0.03611111111111111 0.04722222222222222
0 0.7375 0.6715277777777777 0.05347222222222222 0.125
0 0.6659722222222222 0.5118055555555555 0.035416666666666666 0.029166666666666667
0 0.8715277777777778 0.6388888888888888 0.05138888888888889 0.043055555555555555
0 0.8868055555555555 0.6618055555555555 0.05 0.03263888888888889
0 0.5472222222222223 0.6826388888888889 0.09444444444444444 0.08472222222222223
0 0.9493055555555555 0.7159722222222222 0.022222222222222223 0.02361111111111111
0 0.8277777777777777 0.6993055555555555 0.05138888888888889 0.06041666666666667
0 0.5388888888888889 0.7430555555555556 0.04583333333333333 0.04236111111111111
0 0.6368055555555555 0.6743055555555556 0.022916666666666665 0.029166666666666667
0 0.9430555555555555 0.8166666666666667 0.1111111111111111 0.09722222222222222
0 0.6222222222222222 0.9361111111111111 0.20833333333333334 0.125
0 0.5166666666666667 0.85 0.03333333333333333 0.08333333333333333
0 0.6347222222222222 0.7145833333333333 0.05416666666666667 0.03958333333333333
0 0.6444444444444445 0.8576388888888888 0.23055555555555557 0.26875