0 0.15833333333333333 0.19930555555555557 0.31666666666666665 0.39861111111111114
0 0.3111111111111111 0.28194444444444444 0.05277777777777778 0.15833333333333333
0 0.5201388888888889 0.1326388888888889 0.3625 0.2652777777777778
0 0.42083333333333334 0.28125 0.1638888888888889 0.23472222222222222
0 0.9048611111111111 0.09375 0.1875 0.1875
0 0.6243055555555556 0.25069444444444444 0.2111111111111111 0.2569444444444444
0 0.7743055555555556 0.2 0.4486111111111111 0.3972222222222222
0 0.16875 0.6493055555555556 0.3375 0.4986111111111111
0 0.16875 0.9020833333333333 0.3375 0.19305555555555556
0 0.25833333333333336 0.5833333333333334 0.15833333333333333 0.36666666666666664
0 0.6361111111111111 0.45208333333333334 0.30277777777777776 0.10416666666666667
0 0.46875 0.7409722222222223 0.25972222222222224 0.5152777777777777
0 0.7569444444444444 0.93125 0.48333333333333334 0.13472222222222222
0 0.7791666666666667 0.6465277777777778 0.4388888888888889 0.4708333333333333
0 0.94375 0.85625 0.10972222222222222 0.09305555555555556