0 0.3416666666666667 0.2388888888888889 0.41388888888888886 0.4777777777777778
0 0.7743055555555556 0.2388888888888889 0.4486111111111111 0.4777777777777778
0 0.9131944444444444 0.38472222222222224 0.17083333333333334 0.18611111111111112
0 0.3736111111111111 0.90625 0.26944444444444443 0.18472222222222223
0 0.1388888888888889 0.9527777777777777 0.23333333333333334 0.09166666666666666
0 0.35625 0.5583333333333333 0.26805555555555555 0.15833333333333333
0 0.23541666666666666 0.6444444444444445 0.27361111111111114 0.33055555555555555
0 0.022222222222222223 0.7055555555555556 0.044444444444444446 0.3138888888888889
0 0.4395833333333333 0.7652777777777777 0.21805555555555556 0.4666666666666667
0 0.1125 0.8479166666666667 0.1986111111111111 0.3
0 0.6173611111111111 0.64375 0.13472222222222222 0.27361111111111114
0 0.8298611111111112 0.6597222222222222 0.28958333333333336 0.3263888888888889
0 0.7131944444444445 0.8611111111111112 0.3125 0.275
0 0.5888888888888889 0.8798611111111111 0.07777777777777778 0.2375
0 0.9194444444444444 0.9006944444444445 0.14166666666666666 0.19583333333333333
0 0.7006944444444444 0.9777777777777777 0.2625 0.041666666666666664
0 0.8576388888888888 0.5972222222222222 0.28194444444444444 0.2361111111111111
0 0.6555555555555556 0.5131944444444444 0.19444444444444445 0.06805555555555555