0 0.20555555555555555 0.20416666666666666 0.24444444444444444 0.4083333333333333
0 0.1638888888888889 0.20416666666666666 0.3277777777777778 0.4083333333333333
0 0.41875 0.20416666666666666 0.17916666666666667 0.4083333333333333
0 0.5972222222222222 0.2375 0.2 0.3416666666666667
0 0.7986111111111112 0.2743055555555556 0.20555555555555555 0.26805555555555555
0 0.42083333333333334 0.3736111111111111 0.17777777777777778 0.06944444444444445
0 0.46944444444444444 0.07222222222222222 0.28055555555555556 0.14444444444444443
0 0.7354166666666667 0.08333333333333333 0.2375 0.16666666666666666
0 0.1638888888888889 0.7013888888888888 0.3277777777777778 0.5833333333333334
0 0.1638888888888889 0.9256944444444445 0.3277777777777778 0.14583333333333334
0 0.39861111111111114 0.5222222222222223 0.1388888888888889 0.225
0 0.7097222222222223 0.7041666666666667 0.5777777777777777 0.5888888888888889
0 0.41944444444444445 0.7819444444444444 0.18055555555555555 0.43333333333333335