0 0.28541666666666665 0.15902777777777777 0.38472222222222224 0.31805555555555554
0 0.3458333333333333 0.40069444444444446 0.2638888888888889 0.1736111111111111
0 0.8409722222222222 0.24375 0.31527777777777777 0.4875
0 0.5840277777777778 0.2701388888888889 0.20972222222222223 0.43472222222222223
0 0.6506944444444445 0.1284722222222222 0.20694444444444443 0.2569444444444444
0 0.5611111111111111 0.08680555555555555 0.07222222222222222 0.1736111111111111
0 0.21458333333333332 0.7416666666666667 0.42916666666666664 0.5055555555555555
0 0.5305555555555556 0.5236111111111111 0.05555555555555555 0.06944444444444445
0 0.55 0.9333333333333333 0.13958333333333334 0.1284722222222222
0 0.88125 0.5694444444444444 0.0375 0.0375
0 0.7909722222222222 0.8034722222222223 0.05416666666666667 0.04861111111111111
0 0.5597222222222222 0.5451388888888888 0.04513888888888889 0.05138888888888889
0 0.6659722222222222 0.5076388888888889 0.027083333333333334 0.034027777777777775
0 0.6923611111111111 0.5069444444444444 0.043055555555555555 0.03611111111111111
0 0.6138888888888889 0.7097222222222223 0.06805555555555555 0.09791666666666667
0 0.8201388888888889 0.5402777777777777 0.034722222222222224 0.035416666666666666
0 0.7708333333333334 0.7409722222222223 0.03888888888888889 0.03888888888888889
0 0.7666666666666667 0.7694444444444445 0.035416666666666666 0.035416666666666666
0 0.7430555555555556 0.7416666666666667 0.02638888888888889 0.041666666666666664
0 0.6152777777777778 0.8152777777777778 0.15763888888888888 0.15138888888888888
0 0.49722222222222223 0.59375 0.03611111111111111 0.1875
0 0.64375 0.5930555555555556 0.14097222222222222 0.14791666666666667
0 0.8083333333333333 0.9256944444444445 0.38055555555555554 0.14583333333333334
0 0.9076388888888889 0.6875 0.05694444444444444 0.06666666666666667
0 0.9555555555555556 0.6847222222222222 0.03888888888888889 0.044444444444444446
0 0.8881944444444444 0.5048611111111111 0.06805555555555555 0.03194444444444444
0 0.7861111111111111 0.6208333333333333 0.09027777777777778 0.06111111111111111
0 0.49722222222222223 0.7270833333333333 0.03611111111111111 0.1125
0 0.9756944444444444 0.7548611111111111 0.04513888888888889 0.05138888888888889
0 0.9284722222222223 0.8611111111111112 0.0763888888888889 0.07291666666666667
0 0.49375 0.8388888888888889 0.029166666666666667 0.1
0 0.53125 0.6833333333333333 0.09722222222222222 0.09930555555555555