0 0.4875 0.09930555555555555 0.041666666666666664 0.11805555555555555
0 0.4361111111111111 0.5375 0.06944444444444445 0.022222222222222223
0 0.3368055555555556 0.5256944444444445 0.12638888888888888 0.04583333333333333
0 0.46597222222222223 0.5111111111111111 0.08472222222222223 0.075
0 0.44305555555555554 0.4756944444444444 0.08402777777777778 0.10069444444444445
0 0.28680555555555554 0.44722222222222224 0.18958333333333333 0.11597222222222223
0 0.2659722222222222 0.38125 0.12361111111111112 0.1
0 0.14652777777777778 0.42986111111111114 0.08402777777777778 0.06388888888888888
0 0.12638888888888888 0.34930555555555554 0.05555555555555555 0.07152777777777777
0 0.08541666666666667 0.2777777777777778 0.17083333333333334 0.15833333333333333
0 0.1909722222222222 0.35138888888888886 0.0798611111111111 0.06805555555555555
0 0.22708333333333333 0.23055555555555557 0.0763888888888889 0.10694444444444444
0 0.35138888888888886 0.2951388888888889 0.052083333333333336 0.058333333333333334
0 0.28194444444444444 0.14583333333333334 0.06319444444444444 0.0763888888888889
0 0.23055555555555557 0.1076388888888889 0.03819444444444445 0.05625
0 0.49583333333333335 0.4152777777777778 0.025 0.11666666666666667
0 0.40694444444444444 0.15763888888888888 0.07430555555555556 0.09444444444444444
0 0.4444444444444444 0.12083333333333333 0.022222222222222223 0.03958333333333333
0 0.4597222222222222 0.1673611111111111 0.03194444444444444 0.05
0 0.40694444444444444 0.07916666666666666 0.04722222222222222 0.04375
0 0.48819444444444443 0.13819444444444445 0.03958333333333333 0.06111111111111111
0 0.43472222222222223 0.3104166666666667 0.14722222222222223 0.16527777777777777
0 0.34375 0.35833333333333334 0.04513888888888889 0.0625
0 0.475 0.40069444444444446 0.05347222222222222 0.034722222222222224
0 0.42569444444444443 0.40555555555555556 0.08541666666666667 0.0625
0 0.13402777777777777 0.12638888888888888 0.16319444444444445 0.09513888888888888
0 0.22083333333333333 0.06875 0.08402777777777778 0.04861111111111111
0 0.3333333333333333 0.10277777777777777 0.07361111111111111 0.07777777777777778
0 0.2847222222222222 0.0798611111111111 0.04722222222222222 0.05694444444444444
0 0.49375 0.03263888888888889 0.029166666666666667 0.059722222222222225
0 0.46319444444444446 0.03819444444444445 0.05416666666666667 0.05694444444444444
0 0.3298611111111111 0.18125 0.0798611111111111 0.07222222222222222
0 0.6868055555555556 0.24444444444444444 0.2861111111111111 0.41041666666666665
0 0.6645833333333333 0.49444444444444446 0.30972222222222223 0.10833333333333334
0 0.6541666666666667 0.10486111111111111 0.28888888888888886 0.20972222222222223
0 0.8763888888888889 0.18819444444444444 0.24444444444444444 0.3763888888888889
0 0.26805555555555555 0.7638888888888888 0.48055555555555557 0.3138888888888889
0 0.03194444444444444 0.8951388888888889 0.06388888888888888 0.20694444444444443
0 0.2569444444444444 0.9298611111111111 0.41388888888888886 0.1375
0 0.15555555555555556 0.5923611111111111 0.3111111111111111 0.08472222222222223
0 0.1625 0.68125 0.325 0.25972222222222224
0 0.7319444444444444 0.7743055555555556 0.30833333333333335 0.4486111111111111
0 0.8590277777777777 0.8131944444444444 0.2791666666666667 0.37083333333333335
0 0.6916666666666667 0.9791666666666666 0.14444444444444443 0.03888888888888889
0 0.6152777777777778 0.79375 0.2111111111111111 0.4097222222222222