0 0.1486111111111111 0.17430555555555555 0.2972222222222222 0.3263888888888889
0 0.7520833333333333 0.28958333333333336 0.12083333333333333 0.09583333333333334
0 0.7625 0.22361111111111112 0.06944444444444445 0.05
0 0.8819444444444444 0.20555555555555555 0.11875 0.13055555555555556
0 0.43472222222222223 0.30625 0.04027777777777778 0.05138888888888889
0 0.38263888888888886 0.29791666666666666 0.05555555555555555 0.04583333333333333
0 0.4708333333333333 0.23958333333333334 0.07013888888888889 0.08333333333333333
0 0.6305555555555555 0.27291666666666664 0.035416666666666666 0.03611111111111111
0 0.5763888888888888 0.29583333333333334 0.04513888888888889 0.04236111111111111
0 0.8256944444444444 0.29583333333333334 0.03263888888888889 0.07083333333333333
0 0.5736111111111111 0.2534722222222222 0.09305555555555556 0.06736111111111111
0 0.5118055555555555 0.3125 0.11527777777777778 0.05
0 0.95 0.23125 0.08472222222222223 0.09652777777777778
0 0.3347222222222222 0.29097222222222224 0.05 0.06527777777777778
0 0.6048611111111111 0.3229166666666667 0.07083333333333333 0.029166666666666667
0 0.15416666666666667 0.8034722222222223 0.30833333333333335 0.3902777777777778
0 0.15416666666666667 0.5118055555555555 0.30833333333333335 0.3458333333333333
0 0.9180555555555555 0.6277777777777778 0.16111111111111112 0.21944444444444444
0 0.8034722222222223 0.5861111111111111 0.07847222222222222 0.12222222222222222
0 0.3298611111111111 0.7263888888888889 0.04027777777777778 0.05
0 0.42986111111111114 0.7159722222222222 0.03888888888888889 0.04652777777777778
0 0.9340277777777778 0.7840277777777778 0.07569444444444444 0.06319444444444444
0 0.6111111111111112 0.5993055555555555 0.04513888888888889 0.04097222222222222
0 0.6875 0.5902777777777778 0.035416666666666666 0.034722222222222224
0 0.7333333333333333 0.8270833333333333 0.075 0.059027777777777776
0 0.7215277777777778 0.5541666666666667 0.03888888888888889 0.043055555555555555
0 0.8951388888888889 0.99375 0.06527777777777778 0.009722222222222222
0 0.8284722222222223 0.6576388888888889 0.04861111111111111 0.03680555555555556
0 0.38125 0.9666666666666667 0.06319444444444444 0.05347222222222222
0 0.5145833333333333 0.8902777777777777 0.05 0.05138888888888889
0 0.6270833333333333 0.9354166666666667 0.06597222222222222 0.044444444444444446
0 0.3638888888888889 0.9006944444444445 0.03888888888888889 0.04513888888888889
0 0.7916666666666666 0.6506944444444445 0.027083333333333334 0.09027777777777778
0 0.6902777777777778 0.8340277777777778 0.1076388888888889 0.06805555555555555
0 0.9833333333333333 0.7715277777777778 0.030555555555555555 0.12638888888888888
0 0.8909722222222223 0.7548611111111111 0.07361111111111111 0.06458333333333334
0 0.8875 0.7090277777777778 0.0625 0.06944444444444445
0 0.9854166666666667 0.8736111111111111 0.02638888888888889 0.15
0 0.8472222222222222 0.8576388888888888 0.07291666666666667 0.07083333333333333
0 0.6569444444444444 0.5152777777777777 0.07569444444444444 0.050694444444444445
0 0.39166666666666666 0.7909722222222222 0.04861111111111111 0.04861111111111111
0 0.5319444444444444 0.3951388888888889 0.049305555555555554 0.07291666666666667
0 0.8291666666666667 0.6895833333333333 0.04583333333333333 0.049305555555555554
0 0.5 0.65625 0.04861111111111111 0.041666666666666664
0 0.9833333333333333 0.5256944444444445 0.030555555555555555 0.034722222222222224
0 0.7986111111111112 0.9625 0.10277777777777777 0.07222222222222222
0 0.6493055555555556 0.7388888888888889 0.06875 0.05416666666666667
0 0.4666666666666667 0.9465277777777777 0.1111111111111111 0.10416666666666667
0 0.4527777777777778 0.8909722222222223 0.07013888888888889 0.035416666666666666
0 0.4527777777777778 0.8618055555555556 0.052083333333333336 0.04583333333333333
0 0.5395833333333333 0.8541666666666666 0.050694444444444445 0.07361111111111111
0 0.6340277777777777 0.7819444444444444 0.04027777777777778 0.052083333333333336
0 0.3659722222222222 0.8555555555555555 0.08611111111111111 0.12916666666666668
0 0.4465277777777778 0.7513888888888889 0.04583333333333333 0.04097222222222222
0 0.7 0.4930555555555556 0.11458333333333333 0.09375
0 0.5493055555555556 0.5861111111111111 0.05 0.05347222222222222
0 0.3909722222222222 0.7 0.04652777777777778 0.06805555555555555
0 0.34444444444444444 0.7763888888888889 0.04097222222222222 0.04583333333333333
0 0.5430555555555555 0.7222222222222222 0.04027777777777778 0.041666666666666664