0 0.20416666666666666 0.19375 0.4083333333333333 0.3875
0 0.9694444444444444 0.10486111111111111 0.058333333333333334 0.20972222222222223
0 0.7333333333333333 0.16666666666666666 0.43333333333333335 0.3333333333333333
0 0.8361111111111111 0.3020833333333333 0.325 0.17083333333333334
0 0.02638888888888889 0.5041666666666667 0.05277777777777778 0.14722222222222223
0 0.07361111111111111 0.4305555555555556 0.06180555555555556 0.06666666666666667
0 0.10347222222222222 0.9319444444444445 0.1875 0.13333333333333333
0 0.42916666666666664 0.4791666666666667 0.15833333333333333 0.18055555555555555
0 0.20694444444444443 0.6819444444444445 0.11041666666666666 0.12361111111111112
0 0.06805555555555555 0.6083333333333333 0.1361111111111111 0.1361111111111111
0 0.44305555555555554 0.8854166666666666 0.13055555555555556 0.2263888888888889
0 0.3972222222222222 0.7298611111111111 0.052083333333333336 0.0625
0 0.39375 0.6506944444444445 0.049305555555555554 0.03819444444444445
0 0.4736111111111111 0.6 0.06944444444444445 0.09722222222222222
0 0.19930555555555557 0.46805555555555556 0.23472222222222222 0.15833333333333333
0 0.15625 0.54375 0.08263888888888889 0.05763888888888889
0 0.21666666666666667 0.5423611111111111 0.05416666666666667 0.03958333333333333
0 0.2861111111111111 0.5534722222222223 0.11319444444444444 0.11736111111111111
0 0.3548611111111111 0.46458333333333335 0.09305555555555556 0.15138888888888888
0 0.4652777777777778 0.7 0.08611111111111111 0.18333333333333332
0 0.1673611111111111 0.7277777777777777 0.075 0.07361111111111111
0 0.06527777777777778 0.7256944444444444 0.13055555555555556 0.12361111111111112
0 0.15208333333333332 0.7909722222222222 0.1326388888888889 0.09027777777777778
0 0.6847222222222222 0.7131944444444445 0.35 0.5708333333333333
0 0.8923611111111112 0.7854166666666667 0.2125 0.4263888888888889
0 0.5805555555555556 0.9333333333333333 0.14166666666666666 0.13055555555555556
0 0.6659722222222222 0.4263888888888889 0.3125 0.075
0 0.9083333333333333 0.5291666666666667 0.18055555555555555 0.28055555555555556