0 0.09583333333333334 0.3402777777777778 0.19166666666666668 0.1361111111111111
0 0.058333333333333334 0.14166666666666666 0.11666666666666667 0.2361111111111111
0 0.175 0.3861111111111111 0.16666666666666666 0.044444444444444446
0 0.2604166666666667 0.1375 0.2604166666666667 0.16875
0 0.2152777777777778 0.04513888888888889 0.2222222222222222 0.09027777777777778
0 0.3951388888888889 0.225 0.2847222222222222 0.36666666666666664
0 0.76875 0.20416666666666666 0.4597222222222222 0.4083333333333333
0 0.9520833333333333 0.3923611111111111 0.07361111111111111 0.03194444444444444
0 0.9180555555555555 0.10208333333333333 0.16111111111111112 0.20416666666666666
0 0.3840277777777778 0.8729166666666667 0.30694444444444446 0.2513888888888889
0 0.10694444444444444 0.8791666666666667 0.21388888888888888 0.2388888888888889
0 0.4875 0.45902777777777776 0.1 0.09861111111111111
0 0.3736111111111111 0.48541666666666666 0.05 0.10347222222222222
0 0.22569444444444445 0.6069444444444444 0.2569444444444444 0.39444444444444443
0 0.5034722222222222 0.6333333333333333 0.06805555555555555 0.12222222222222222
0 0.45416666666666666 0.7395833333333334 0.16666666666666666 0.29583333333333334