0 0.18333333333333332 0.2423611111111111 0.09513888888888888 0.07222222222222222
0 0.1909722222222222 0.16944444444444445 0.059027777777777776 0.0763888888888889
0 0.4534722222222222 0.03958333333333333 0.05277777777777778 0.0375
0 0.3875 0.01875 0.07777777777777778 0.0375
0 0.45 0.18819444444444444 0.049305555555555554 0.05555555555555555
0 0.25416666666666665 0.05138888888888889 0.09166666666666666 0.10277777777777777
0 0.06597222222222222 0.32569444444444445 0.13194444444444445 0.13194444444444445
0 0.3597222222222222 0.06805555555555555 0.08611111111111111 0.06388888888888888
0 0.2923611111111111 0.006944444444444444 0.07083333333333333 0.013888888888888888
0 0.4597222222222222 0.015277777777777777 0.07777777777777778 0.030555555555555555
0 0.47291666666666665 0.1284722222222222 0.05138888888888889 0.09305555555555556
0 0.36875 0.1986111111111111 0.16527777777777777 0.1763888888888889
0 0.12430555555555556 0.08194444444444444 0.09166666666666666 0.08055555555555556
0 0.1527777777777778 0.1326388888888889 0.08888888888888889 0.09444444444444444
0 0.28888888888888886 0.13541666666666666 0.058333333333333334 0.06527777777777778
0 0.2722222222222222 0.20069444444444445 0.06736111111111111 0.07847222222222222
0 0.08888888888888889 0.22083333333333333 0.07708333333333334 0.0625
0 0.8701388888888889 0.14027777777777778 0.10138888888888889 0.18888888888888888
0 0.7125 0.03819444444444445 0.3194444444444444 0.0763888888888889
0 0.6604166666666667 0.16180555555555556 0.16805555555555557 0.12152777777777778
0 0.9569444444444445 0.14027777777777778 0.08333333333333333 0.20833333333333334
0 0.8895833333333333 0.35347222222222224 0.21805555555555556 0.19027777777777777
0 0.5277777777777778 0.03194444444444444 0.05555555555555555 0.044444444444444446
0 0.5777777777777777 0.07916666666666666 0.0763888888888889 0.07291666666666667
0 0.5708333333333333 0.3159722222222222 0.07569444444444444 0.12638888888888888
0 0.6465277777777778 0.3972222222222222 0.06597222222222222 0.06875
0 0.6736111111111112 0.41388888888888886 0.12777777777777777 0.06944444444444445
0 0.5722222222222222 0.2375 0.08472222222222223 0.05763888888888889
0 0.51875 0.10347222222222222 0.0375 0.03680555555555556
0 0.5229166666666667 0.15902777777777777 0.04583333333333333 0.05138888888888889
0 0.5125 0.20069444444444445 0.025 0.06805555555555555
0 0.7902777777777777 0.16944444444444445 0.08819444444444445 0.06527777777777778
0 0.5506944444444445 0.18333333333333332 0.06527777777777778 0.0625
0 0.7416666666666667 0.2625 0.10486111111111111 0.06319444444444444
0 0.5465277777777777 0.36180555555555555 0.09305555555555556 0.10138888888888889
0 0.5298611111111111 0.25277777777777777 0.049305555555555554 0.05763888888888889
0 0.7333333333333333 0.06319444444444444 0.11319444444444444 0.0798611111111111
0 0.8444444444444444 0.2875 0.1125 0.11736111111111111
0 0.7951388888888888 0.12152777777777778 0.08680555555555555 0.06875
0 0.37777777777777777 0.7604166666666666 0.24166666666666667 0.47638888888888886
0 0.20208333333333334 0.8472222222222222 0.16666666666666666 0.22361111111111112
0 0.10555555555555556 0.8986111111111111 0.2111111111111111 0.2
0 0.3402777777777778 0.9590277777777778 0.31666666666666665 0.07916666666666666
0 0.12430555555555556 0.5819444444444445 0.24861111111111112 0.2638888888888889
0 0.2361111111111111 0.6104166666666667 0.2861111111111111 0.32083333333333336
0 0.6819444444444445 0.8513888888888889 0.2361111111111111 0.29444444444444445
0 0.8451388888888889 0.8902777777777777 0.30694444444444446 0.21666666666666667
0 0.5868055555555556 0.5840277777777778 0.1736111111111111 0.26805555555555555
0 0.80625 0.6326388888888889 0.2763888888888889 0.36527777777777776
0 0.9645833333333333 0.6493055555555556 0.06805555555555555 0.39861111111111114
0 0.5430555555555555 0.8388888888888889 0.08611111111111111 0.3194444444444444