0 0.2590277777777778 0.24930555555555556 0.5180555555555556 0.4986111111111111
0 0.9013888888888889 0.2513888888888889 0.16180555555555556 0.16597222222222222
0 0.8833333333333333 0.1451388888888889 0.11041666666666666 0.07916666666666666
0 0.8888888888888888 0.08472222222222223 0.09375 0.059722222222222225
0 0.8201388888888889 0.46944444444444444 0.19583333333333333 0.058333333333333334
0 0.9666666666666667 0.052083333333333336 0.06388888888888888 0.10416666666666667
0 0.9090277777777778 0.009722222222222222 0.12083333333333333 0.019444444444444445
0 0.9201388888888888 0.04375 0.07083333333333333 0.06527777777777778
0 0.9243055555555556 0.44722222222222224 0.13680555555555557 0.1
0 0.5784722222222223 0.35208333333333336 0.11805555555555555 0.16805555555555557
0 0.9708333333333333 0.11736111111111111 0.05555555555555555 0.08472222222222223
0 0.6159722222222223 0.09444444444444444 0.19305555555555556 0.18888888888888888
0 0.7618055555555555 0.04375 0.09305555555555556 0.0875
0 0.7111111111111111 0.29305555555555557 0.1375 0.14652777777777778
0 0.8104166666666667 0.3902777777777778 0.1451388888888889 0.19791666666666666
0 0.7944444444444444 0.11041666666666666 0.1076388888888889 0.12361111111111112
0 0.6763888888888889 0.43333333333333335 0.23333333333333334 0.13055555555555556
0 0.9381944444444444 0.3416666666666667 0.12083333333333333 0.1527777777777778
0 0.5895833333333333 0.23819444444444443 0.14027777777777778 0.1375
0 0.7222222222222222 0.21805555555555556 0.12430555555555556 0.09722222222222222
0 0.4263888888888889 0.8840277777777777 0.18333333333333332 0.22916666666666666
0 0.3215277777777778 0.9444444444444444 0.26805555555555555 0.10833333333333334
0 0.1673611111111111 0.9263888888888889 0.3347222222222222 0.14444444444444443
0 0.2548611111111111 0.5493055555555556 0.4597222222222222 0.09861111111111111
0 0.4027777777777778 0.6548611111111111 0.23055555555555557 0.30972222222222223
0 0.14930555555555555 0.7333333333333333 0.2986111111111111 0.4666666666666667
0 0.6611111111111111 0.7215277777777778 0.12569444444444444 0.16527777777777777
0 0.9652777777777778 0.6368055555555555 0.06180555555555556 0.14305555555555555
0 0.5340277777777778 0.6215277777777778 0.029166666666666667 0.10972222222222222
0 0.74375 0.6493055555555556 0.11388888888888889 0.09652777777777778
0 0.7375 0.7194444444444444 0.05277777777777778 0.04861111111111111
0 0.85 0.6402777777777777 0.02638888888888889 0.03333333333333333
0 0.8319444444444445 0.9340277777777778 0.2388888888888889 0.12916666666666668
0 0.6923611111111111 0.8416666666666667 0.0763888888888889 0.09513888888888888
0 0.8479166666666667 0.6861111111111111 0.06180555555555556 0.04513888888888889
0 0.8583333333333333 0.8472222222222222 0.26666666666666666 0.30277777777777776