0 0.2847222222222222 0.3076388888888889 0.3472222222222222 0.5013888888888889
0 0.22777777777777777 0.15902777777777777 0.45555555555555555 0.31805555555555554
0 0.5736111111111111 0.10138888888888889 0.07708333333333334 0.07847222222222222
0 0.5159722222222223 0.2263888888888889 0.09166666666666666 0.10625
0 0.8347222222222223 0.4201388888888889 0.11319444444444444 0.13055555555555556
0 0.5236111111111111 0.46041666666666664 0.12777777777777777 0.1486111111111111
0 0.5520833333333334 0.35347222222222224 0.11319444444444444 0.08125
0 0.4791666666666667 0.09791666666666667 0.03888888888888889 0.09027777777777778
0 0.9236111111111112 0.09097222222222222 0.06875 0.14444444444444443
0 0.8805555555555555 0.03888888888888889 0.07222222222222222 0.07777777777777778
0 0.9743055555555555 0.13958333333333334 0.04861111111111111 0.05138888888888889
0 0.47847222222222224 0.03333333333333333 0.0375 0.06666666666666667
0 0.9763888888888889 0.3625 0.044444444444444446 0.08333333333333333
0 0.4847222222222222 0.26805555555555555 0.05 0.17222222222222222
0 0.4951388888888889 0.14930555555555555 0.07083333333333333 0.08194444444444444
0 0.7770833333333333 0.1951388888888889 0.09166666666666666 0.08888888888888889
0 0.7222222222222222 0.22569444444444445 0.10277777777777777 0.09375
0 0.8659722222222223 0.5152777777777777 0.19305555555555556 0.08611111111111111
0 0.9243055555555556 0.21736111111111112 0.10347222222222222 0.11180555555555556
0 0.6548611111111111 0.42569444444444443 0.1986111111111111 0.2652777777777778
0 0.9048611111111111 0.39444444444444443 0.14305555555555555 0.1763888888888889
0 0.7416666666666667 0.5090277777777777 0.14166666666666666 0.09861111111111111
0 0.5854166666666667 0.17916666666666667 0.07013888888888889 0.08888888888888889
0 0.04375 0.7965277777777777 0.0875 0.10694444444444444
0 0.36527777777777776 0.81875 0.18611111111111112 0.3013888888888889
0 0.2298611111111111 0.8701388888888889 0.14097222222222222 0.24722222222222223
0 0.08125 0.9131944444444444 0.1625 0.17083333333333334
0 0.38055555555555554 0.6236111111111111 0.15555555555555556 0.12777777777777777
0 0.23819444444444443 0.6666666666666666 0.15138888888888888 0.21388888888888888
0 0.09791666666666667 0.6770833333333334 0.11527777777777778 0.21597222222222223
0 0.027777777777777776 0.6854166666666667 0.05555555555555555 0.24861111111111112
0 0.8138888888888889 0.7791666666666667 0.36944444444444446 0.4388888888888889
0 0.5805555555555556 0.7791666666666667 0.24166666666666667 0.4388888888888889