0 0.20416666666666666 0.41388888888888886 0.04027777777777778 0.04791666666666667
0 0.07916666666666666 0.4708333333333333 0.059027777777777776 0.09652777777777778
0 0.09305555555555556 0.3909722222222222 0.06736111111111111 0.05347222222222222
0 0.12291666666666666 0.35833333333333334 0.04236111111111111 0.03263888888888889
0 0.1638888888888889 0.35347222222222224 0.03958333333333333 0.043055555555555555
0 0.30277777777777776 0.30833333333333335 0.08333333333333333 0.07361111111111111
0 0.4527777777777778 0.30972222222222223 0.04236111111111111 0.06597222222222222
0 0.04861111111111111 0.05416666666666667 0.09722222222222222 0.10833333333333334
0 0.45902777777777776 0.2465277777777778 0.05694444444444444 0.06527777777777778
0 0.2590277777777778 0.3875 0.08194444444444444 0.06736111111111111
0 0.020833333333333332 0.49583333333333335 0.041666666666666664 0.07777777777777778
0 0.12083333333333333 0.525 0.10833333333333334 0.10555555555555556
0 0.29583333333333334 0.5229166666666667 0.2916666666666667 0.10972222222222222
0 0.02361111111111111 0.16041666666666668 0.04722222222222222 0.10138888888888889
0 0.11388888888888889 0.14791666666666667 0.13402777777777777 0.08541666666666667
0 0.4375 0.058333333333333334 0.08055555555555556 0.06805555555555555
0 0.4798611111111111 0.1 0.015277777777777777 0.08888888888888889
0 0.38680555555555557 0.10486111111111111 0.06180555555555556 0.06875
0 0.43472222222222223 0.13055555555555556 0.08194444444444444 0.07569444444444444
0 0.33055555555555555 0.18333333333333332 0.07083333333333333 0.10555555555555556
0 0.2298611111111111 0.08472222222222223 0.14791666666666667 0.09375
0 0.17847222222222223 0.23402777777777778 0.19027777777777777 0.1388888888888889
0 0.4777777777777778 0.24305555555555555 0.019444444444444445 0.2111111111111111
0 0.3729166666666667 0.3194444444444444 0.12569444444444444 0.1361111111111111
0 0.4013888888888889 0.4097222222222222 0.17222222222222222 0.1361111111111111
0 0.4395833333333333 0.5083333333333333 0.09583333333333334 0.10833333333333334
0 0.09444444444444444 0.5541666666666667 0.18888888888888888 0.04722222222222222
0 0.03125 0.24791666666666667 0.034027777777777775 0.06666666666666667
0 0.8055555555555556 0.21180555555555555 0.3861111111111111 0.4236111111111111
0 0.6673611111111111 0.425 0.35694444444444445 0.3055555555555556
0 0.5736111111111111 0.19791666666666666 0.16944444444444445 0.2652777777777778
0 0.8986111111111111 0.48194444444444445 0.2 0.19166666666666668
0 0.8479166666666667 0.41388888888888886 0.16666666666666666 0.1701388888888889
0 0.725 0.2916666666666667 0.09861111111111111 0.15416666666666667
0 0.7090277777777778 0.3715277777777778 0.11458333333333333 0.16527777777777777
0 0.6673611111111111 0.1423611111111111 0.07361111111111111 0.13958333333333334
0 0.12361111111111112 0.7194444444444444 0.16527777777777777 0.26805555555555555
0 0.4409722222222222 0.75 0.09305555555555556 0.3416666666666667
0 0.45208333333333334 0.9673611111111111 0.07083333333333333 0.0625
0 0.3861111111111111 0.9381944444444444 0.1 0.12083333333333333
0 0.23680555555555555 0.6368055555555555 0.09305555555555556 0.06388888888888888
0 0.23958333333333334 0.6993055555555555 0.08541666666666667 0.1125
0 0.04722222222222222 0.8916666666666667 0.09375 0.11597222222222223
0 0.26180555555555557 0.8243055555555555 0.11041666666666666 0.12013888888888889
0 0.35138888888888886 0.8347222222222223 0.09583333333333334 0.058333333333333334
0 0.34791666666666665 0.6027777777777777 0.14305555555555555 0.04722222222222222
0 0.2902777777777778 0.7361111111111112 0.05416666666666667 0.08888888888888889
0 0.25069444444444444 0.59375 0.07916666666666666 0.029166666666666667
0 0.027777777777777776 0.63125 0.05555555555555555 0.10416666666666667
0 0.3277777777777778 0.6493055555555556 0.11597222222222223 0.09861111111111111
0 0.7909722222222222 0.6902777777777778 0.04583333333333333 0.06736111111111111
0 0.7708333333333334 0.7548611111111111 0.0375 0.049305555555555554
0 0.65 0.6375 0.058333333333333334 0.11666666666666667
0 0.7902777777777777 0.5993055555555555 0.05555555555555555 0.04027777777777778
0 0.8055555555555556 0.6194444444444445 0.052083333333333336 0.034027777777777775
0 0.9701388888888889 0.8263888888888888 0.05694444444444444 0.1
0 0.8715277777777778 0.6756944444444445 0.022916666666666665 0.025
0 0.74375 0.6590277777777778 0.05347222222222222 0.06319444444444444
0 0.5451388888888888 0.6326388888888889 0.024305555555555556 0.029861111111111113
0 0.8819444444444444 0.78125 0.1486111111111111 0.09930555555555555
0 0.5631944444444444 0.9194444444444444 0.1486111111111111 0.15833333333333333
0 0.9847222222222223 0.8895833333333333 0.029861111111111113 0.035416666666666666
0 0.5430555555555555 0.675 0.05625 0.04097222222222222
0 0.58125 0.8236111111111111 0.18472222222222223 0.28055555555555556