0 0.49166666666666664 0.19652777777777777 0.06180555555555556 0.08263888888888889
0 0.5277777777777778 0.17777777777777778 0.019444444444444445 0.06944444444444445
0 0.5208333333333334 0.23680555555555555 0.03333333333333333 0.07083333333333333
0 0.21458333333333332 0.24722222222222223 0.08819444444444445 0.08888888888888889
0 0.30069444444444443 0.2326388888888889 0.03888888888888889 0.052083333333333336
0 0.3326388888888889 0.1986111111111111 0.10069444444444445 0.11597222222222223
0 0.3784722222222222 0.18472222222222223 0.04861111111111111 0.04583333333333333
0 0.3388888888888889 0.13055555555555556 0.0763888888888889 0.05625
0 0.28055555555555556 0.13402777777777777 0.04513888888888889 0.04861111111111111
0 0.14027777777777778 0.2659722222222222 0.08055555555555556 0.06527777777777778
0 0.27291666666666664 0.25833333333333336 0.03125 0.05277777777777778
0 0.2222222222222222 0.17222222222222222 0.04097222222222222 0.043055555555555555
0 0.09861111111111111 0.17083333333333334 0.04791666666666667 0.059722222222222225
0 0.15347222222222223 0.19722222222222222 0.075 0.06944444444444445
0 0.15069444444444444 0.12222222222222222 0.05555555555555555 0.075
0 0.09861111111111111 0.23333333333333334 0.06458333333333334 0.07291666666666667
0 0.04513888888888889 0.1951388888888889 0.0375 0.05416666666666667
0 0.04097222222222222 0.1597222222222222 0.08194444444444444 0.05
0 0.04097222222222222 0.2798611111111111 0.08194444444444444 0.0375
0 0.4722222222222222 0.2875 0.06388888888888888 0.022222222222222223
0 0.76875 0.14930555555555555 0.4597222222222222 0.2986111111111111
0 0.76875 0.2659722222222222 0.4597222222222222 0.06527777777777778
0 0.2222222222222222 0.5388888888888889 0.4444444444444444 0.4777777777777778
0 0.8465277777777778 0.5277777777777778 0.043055555555555555 0.058333333333333334
0 0.7159722222222222 0.7930555555555555 0.1125 0.24791666666666667
0 0.6319444444444444 0.5083333333333333 0.07291666666666667 0.08402777777777778
0 0.8111111111111111 0.3284722222222222 0.1361111111111111 0.05694444444444444
0 0.9416666666666667 0.825 0.11388888888888889 0.2722222222222222
0 0.6069444444444444 0.8041666666666667 0.1361111111111111 0.32222222222222224
0 0.975 0.3236111111111111 0.04722222222222222 0.04722222222222222
0 0.9298611111111111 0.7229166666666667 0.12986111111111112 0.1763888888888889
0 0.6722222222222223 0.4708333333333333 0.14375 0.17777777777777778
0 0.7326388888888888 0.3659722222222222 0.06805555555555555 0.08472222222222223
0 0.8069444444444445 0.5708333333333333 0.1527777777777778 0.11180555555555556
0 0.9680555555555556 0.46319444444444446 0.06111111111111111 0.06805555555555555
0 0.8333333333333334 0.38472222222222224 0.05625 0.06041666666666667
0 0.8888888888888888 0.37222222222222223 0.06805555555555555 0.07777777777777778
0 0.8611111111111112 0.47152777777777777 0.07222222222222222 0.08819444444444445
0 0.9048611111111111 0.525 0.09236111111111112 0.12916666666666668
0 0.7006944444444444 0.3111111111111111 0.09583333333333334 0.022222222222222223
0 0.9548611111111112 0.38958333333333334 0.0875 0.14305555555555555
0 0.6152777777777778 0.5381944444444444 0.1527777777777778 0.22083333333333333
0 0.7923611111111111 0.47847222222222224 0.07569444444444444 0.08402777777777778
0 0.8243055555555555 0.8520833333333333 0.18194444444444444 0.29305555555555557
0 0.6965277777777777 0.41875 0.15 0.15208333333333332