0 0.25763888888888886 0.5270833333333333 0.4875 0.24305555555555555
0 0.3284722222222222 0.3972222222222222 0.14583333333333334 0.09652777777777778
0 0.3798611111111111 0.15208333333333332 0.31527777777777777 0.30416666666666664
0 0.04375 0.4826388888888889 0.0875 0.33194444444444443
0 0.4527777777777778 0.5375 0.16944444444444445 0.2222222222222222
0 0.27361111111111114 0.3402777777777778 0.1909722222222222 0.12083333333333333
0 0.14027777777777778 0.12152777777777778 0.28055555555555556 0.24305555555555555
0 0.6270833333333333 0.4666666666666667 0.1763888888888889 0.3638888888888889
0 0.8680555555555556 0.5493055555555556 0.2611111111111111 0.1986111111111111
0 0.5840277777777778 0.04791666666666667 0.09027777777777778 0.09583333333333334
0 0.8097222222222222 0.09513888888888888 0.20833333333333334 0.19027777777777777
0 0.6354166666666666 0.18958333333333333 0.19305555555555556 0.31805555555555554
0 0.8548611111111111 0.35208333333333336 0.2875 0.32083333333333336
0 0.41041666666666665 0.9534722222222223 0.19027777777777777 0.09027777777777778
0 0.3541666666666667 0.8020833333333334 0.36666666666666664 0.30416666666666664
0 0.9111111111111111 0.8243055555555555 0.175 0.3486111111111111