0 0.37430555555555556 0.4548611111111111 0.1486111111111111 0.24583333333333332
0 0.26944444444444443 0.19930555555555557 0.11388888888888889 0.09097222222222222
0 0.12291666666666666 0.28888888888888886 0.24583333333333332 0.5777777777777777
0 0.40625 0.12222222222222222 0.08472222222222223 0.07777777777777778
0 0.32708333333333334 0.28888888888888886 0.16458333333333333 0.1527777777777778
0 0.9388888888888889 0.45625 0.11944444444444445 0.24305555555555555
0 0.8652777777777778 0.27569444444444446 0.26666666666666666 0.5513888888888889
0 0.6708333333333333 0.4125 0.44166666666666665 0.33055555555555555
0 0.6076388888888888 0.15902777777777777 0.31527777777777777 0.2375
0 0.16597222222222222 0.6243055555555556 0.08472222222222223 0.07916666666666666
0 0.23680555555555555 0.6083333333333333 0.059722222222222225 0.058333333333333334
0 0.2013888888888889 0.5861111111111111 0.08888888888888889 0.013888888888888888
0 0.05 0.6645833333333333 0.1 0.17083333333333334
0 0.29444444444444445 0.6 0.07777777777777778 0.041666666666666664
0 0.16944444444444445 0.6881944444444444 0.06458333333333334 0.07708333333333334
0 0.18541666666666667 0.9284722222222223 0.11527777777777778 0.10694444444444444
0 0.11736111111111111 0.7986111111111112 0.23472222222222222 0.19722222222222222
0 0.3902777777777778 0.5895833333333333 0.10277777777777777 0.020833333333333332
0 0.28888888888888886 0.9277777777777778 0.1111111111111111 0.14166666666666666
0 0.3 0.6965277777777777 0.21875 0.17916666666666667
0 0.4305555555555556 0.6513888888888889 0.03611111111111111 0.08888888888888889
0 0.39791666666666664 0.8798611111111111 0.10138888888888889 0.13194444444444445
0 0.3611111111111111 0.9729166666666667 0.175 0.05138888888888889
0 0.29305555555555557 0.8305555555555556 0.1388888888888889 0.12083333333333333
0 0.40555555555555556 0.8131944444444444 0.08611111111111111 0.0875
0 0.6409722222222223 0.7597222222222222 0.2388888888888889 0.25277777777777777
0 0.4965277777777778 0.7673611111111112 0.09305555555555556 0.3763888888888889
0 0.8159722222222222 0.8041666666666667 0.31666666666666665 0.29930555555555555
0 0.6340277777777777 0.9277777777777778 0.31805555555555554 0.14166666666666666
0 0.8993055555555556 0.9465277777777777 0.1986111111111111 0.10416666666666667
0 0.64375 0.6263888888888889 0.3763888888888889 0.09444444444444444