0 0.05277777777777778 0.24097222222222223 0.10555555555555556 0.30694444444444446
0 0.5152777777777777 0.38958333333333334 0.1111111111111111 0.1375
0 0.5965277777777778 0.4305555555555556 0.1375 0.05555555555555555
0 0.7652777777777777 0.36041666666666666 0.15347222222222223 0.12777777777777777
0 0.8229166666666666 0.4215277777777778 0.07569444444444444 0.06944444444444445
0 0.6548611111111111 0.24791666666666667 0.1361111111111111 0.1375
0 0.7923611111111111 0.05138888888888889 0.06805555555555555 0.06458333333333334
0 0.7055555555555556 0.025694444444444443 0.06944444444444445 0.05138888888888889
0 0.6118055555555556 0.01597222222222222 0.07083333333333333 0.03194444444444444
0 0.7902777777777777 0.03194444444444444 0.10555555555555556 0.06388888888888888
0 0.9618055555555556 0.33611111111111114 0.07361111111111111 0.09444444444444444
0 0.8805555555555555 0.2826388888888889 0.17083333333333334 0.11319444444444444
0 0.5270833333333333 0.16666666666666666 0.13472222222222222 0.3333333333333333
0 0.28680555555555554 0.7076388888888889 0.28125 0.18472222222222223
0 0.11041666666666666 0.8375 0.18194444444444444 0.22152777777777777
0 0.2916666666666667 0.8784722222222222 0.3333333333333333 0.24027777777777778
0 0.24861111111111112 0.55 0.25277777777777777 0.18055555555555555
0 0.86875 0.9166666666666666 0.14027777777777778 0.1638888888888889
0 0.95 0.9777777777777777 0.09722222222222222 0.041666666666666664
0 0.9486111111111111 0.7847222222222222 0.09652777777777778 0.10625
0 0.8006944444444445 0.5520833333333334 0.04652777777777778 0.044444444444444446
0 0.7243055555555555 0.58125 0.1076388888888889 0.10902777777777778
0 0.8972222222222223 0.6965277777777777 0.07430555555555556 0.06180555555555556
0 0.8548611111111111 0.7694444444444445 0.11388888888888889 0.08333333333333333
0 0.6680555555555555 0.9763888888888889 0.10833333333333334 0.044444444444444446
0 0.9659722222222222 0.8756944444444444 0.06527777777777778 0.09861111111111111
0 0.8104166666666667 0.8125 0.11388888888888889 0.09027777777777778
0 0.6229166666666667 0.8013888888888889 0.12986111111111112 0.18194444444444444
0 0.8173611111111111 0.6881944444444444 0.04097222222222222 0.06111111111111111
0 0.7701388888888889 0.5048611111111111 0.08472222222222223 0.09027777777777778
0 0.6958333333333333 0.5013888888888889 0.049305555555555554 0.06736111111111111
0 0.5263888888888889 0.6944444444444444 0.10902777777777778 0.11319444444444444
0 0.6027777777777777 0.6944444444444444 0.044444444444444446 0.06736111111111111
0 0.96875 0.6847222222222222 0.059722222222222225 0.24444444444444444
0 0.7611111111111111 0.8993055555555556 0.08125 0.0875
0 0.7409722222222223 0.8555555555555555 0.08125 0.06736111111111111
0 0.7729166666666667 0.96875 0.06805555555555555 0.059722222222222225
0 0.8180555555555555 0.7326388888888888 0.03819444444444445 0.04791666666666667