0 0.13402777777777777 0.4201388888888889 0.26805555555555555 0.4152777777777778
0 0.13402777777777777 0.16597222222222222 0.26805555555555555 0.2986111111111111
0 0.90625 0.30069444444444443 0.18472222222222223 0.3597222222222222
0 0.5722222222222222 0.30486111111111114 0.3138888888888889 0.5055555555555555
0 0.7944444444444444 0.38958333333333334 0.25555555555555554 0.41458333333333336
0 0.42986111111111114 0.5090277777777777 0.24305555555555555 0.2375
0 0.9076388888888889 0.5506944444444445 0.18194444444444444 0.15416666666666667
0 0.6513888888888889 0.59375 0.35 0.06805555555555555
0 0.8118055555555556 0.043055555555555555 0.3458333333333333 0.08611111111111111
0 0.5097222222222222 0.025694444444444443 0.25833333333333336 0.05138888888888889
0 0.8430555555555556 0.12569444444444444 0.13402777777777777 0.07569444444444444
0 0.3763888888888889 0.175 0.17152777777777778 0.3013888888888889
0 0.09305555555555556 0.7277777777777777 0.18611111111111112 0.19722222222222222
0 0.19444444444444445 0.8138888888888889 0.14722222222222223 0.36944444444444446
0 0.07013888888888889 0.8923611111111112 0.14027777777777778 0.2125
0 0.5506944444444445 0.9451388888888889 0.10972222222222222 0.10694444444444444
0 0.3277777777777778 0.7625 0.08472222222222223 0.07916666666666666
0 0.4673611111111111 0.90625 0.10347222222222222 0.05486111111111111
0 0.4965277777777778 0.8472222222222222 0.09861111111111111 0.0763888888888889
0 0.8798611111111111 0.9430555555555555 0.08194444444444444 0.1111111111111111
0 0.6701388888888888 0.6666666666666666 0.06458333333333334 0.052083333333333336
0 0.4548611111111111 0.7993055555555556 0.10486111111111111 0.07013888888888889
0 0.6486111111111111 0.9791666666666666 0.05277777777777778 0.03888888888888889
0 0.6472222222222223 0.94375 0.07569444444444444 0.06180555555555556
0 0.4888888888888889 0.6340277777777777 0.06944444444444445 0.009722222222222222
0 0.5888888888888889 0.6791666666666667 0.05347222222222222 0.05694444444444444
0 0.42916666666666664 0.7527777777777778 0.04375 0.044444444444444446
0 0.32569444444444445 0.9208333333333333 0.1125 0.15555555555555556
0 0.5458333333333333 0.675 0.13055555555555556 0.09166666666666666
0 0.6944444444444444 0.6381944444444444 0.05555555555555555 0.018055555555555554
0 0.7 0.7159722222222222 0.08680555555555555 0.04791666666666667
0 0.9923611111111111 0.9256944444444445 0.0125 0.0375
0 0.9854166666666667 0.8083333333333333 0.02638888888888889 0.06944444444444445
0 0.9638888888888889 0.725 0.06944444444444445 0.06666666666666667
0 0.7840277777777778 0.6569444444444444 0.07083333333333333 0.05555555555555555
0 0.8083333333333333 0.9423611111111111 0.06458333333333334 0.10486111111111111
0 0.7743055555555556 0.8590277777777777 0.10347222222222222 0.09097222222222222
0 0.37777777777777777 0.8604166666666667 0.13819444444444445 0.11458333333333333
0 0.7277777777777777 0.8256944444444444 0.07083333333333333 0.08611111111111111
0 0.7013888888888888 0.8875 0.07291666666666667 0.10347222222222222
0 0.8895833333333333 0.8041666666666667 0.08958333333333333 0.05763888888888889
0 0.9770833333333333 0.8590277777777777 0.044444444444444446 0.04097222222222222
0 0.9451388888888889 0.8590277777777777 0.03263888888888889 0.03958333333333333
0 0.9055555555555556 0.8604166666666667 0.04861111111111111 0.059027777777777776
0 0.9576388888888889 0.9416666666666667 0.05138888888888889 0.03263888888888889
0 0.9611111111111111 0.9743055555555555 0.075 0.04861111111111111
0 0.3020833333333333 0.6645833333333333 0.06527777777777778 0.07083333333333333
0 0.56875 0.8611111111111112 0.08541666666666667 0.08263888888888889
0 0.46111111111111114 0.9638888888888889 0.12777777777777777 0.06944444444444445