0 0.1388888888888889 0.17291666666666666 0.2777777777777778 0.3458333333333333
0 0.18888888888888888 0.3659722222222222 0.37777777777777777 0.36527777777777776
0 0.7097222222222223 0.3229166666666667 0.23333333333333334 0.23194444444444445
0 0.8763888888888889 0.4048611111111111 0.24444444444444444 0.2875
0 0.5770833333333333 0.15416666666666667 0.2152777777777778 0.30833333333333335
0 0.8256944444444444 0.15416666666666667 0.3458333333333333 0.30833333333333335
0 0.5569444444444445 0.45208333333333334 0.175 0.19305555555555556
0 0.044444444444444446 0.7472222222222222 0.08888888888888889 0.1111111111111111
0 0.17291666666666666 0.9826388888888888 0.059722222222222225 0.03194444444444444
0 0.21388888888888888 0.9458333333333333 0.05416666666666667 0.10277777777777777
0 0.23958333333333334 0.9229166666666667 0.027777777777777776 0.03263888888888889
0 0.3590277777777778 0.9736111111111111 0.06527777777777778 0.05
0 0.4131944444444444 0.9791666666666666 0.09861111111111111 0.03888888888888889
0 0.3819444444444444 0.9326388888888889 0.07708333333333334 0.06944444444444445
0 0.14166666666666666 0.8854166666666666 0.11944444444444445 0.16666666666666666
0 0.13958333333333334 0.7923611111111111 0.027083333333333334 0.029166666666666667
0 0.09097222222222222 0.7368055555555556 0.06041666666666667 0.07569444444444444
0 0.06666666666666667 0.8097222222222222 0.13333333333333333 0.08611111111111111
0 0.28888888888888886 0.9604166666666667 0.10833333333333334 0.0763888888888889
0 0.06805555555555555 0.6888888888888889 0.02847222222222222 0.020833333333333332
0 0.3347222222222222 0.8861111111111111 0.08888888888888889 0.05416666666666667
0 0.3680555555555556 0.6993055555555555 0.058333333333333334 0.10486111111111111
0 0.45 0.6833333333333333 0.03611111111111111 0.08611111111111111
0 0.22430555555555556 0.8618055555555556 0.06875 0.07916666666666666
0 0.13055555555555556 0.7590277777777777 0.04861111111111111 0.05416666666666667
0 0.04861111111111111 0.6708333333333333 0.022916666666666665 0.04027777777777778
0 0.27361111111111114 0.7402777777777778 0.02847222222222222 0.04791666666666667
0 0.35833333333333334 0.7375 0.06180555555555556 0.06180555555555556
0 0.4305555555555556 0.7388888888888889 0.075 0.07222222222222222
0 0.36736111111111114 0.6263888888888889 0.041666666666666664 0.06319444444444444
0 0.32222222222222224 0.6361111111111111 0.06041666666666667 0.06527777777777778
0 0.24375 0.59375 0.05138888888888889 0.0875
0 0.3236111111111111 0.8201388888888889 0.05555555555555555 0.04513888888888889
0 0.3347222222222222 0.7854166666666667 0.07361111111111111 0.07083333333333333
0 0.40208333333333335 0.6701388888888888 0.05625 0.06805555555555555
0 0.46319444444444446 0.825 0.009722222222222222 0.03611111111111111
0 0.4409722222222222 0.7944444444444444 0.05416666666666667 0.041666666666666664
0 0.12569444444444444 0.6604166666666667 0.14791666666666667 0.17916666666666667
0 0.2152777777777778 0.7319444444444444 0.10902777777777778 0.1076388888888889
0 0.16805555555555557 0.9826388888888888 0.075 0.03194444444444444
0 0.44722222222222224 0.8631944444444445 0.041666666666666664 0.06527777777777778
0 0.3715277777777778 0.8513888888888889 0.05486111111111111 0.06111111111111111
0 0.42291666666666666 0.8888888888888888 0.09027777777777778 0.08611111111111111
0 0.24305555555555555 0.6645833333333333 0.06875 0.06319444444444444
0 0.40694444444444444 0.5951388888888889 0.05555555555555555 0.09027777777777778
0 0.03263888888888889 0.6583333333333333 0.06527777777777778 0.12222222222222222
0 0.08263888888888889 0.9291666666666667 0.16527777777777777 0.1388888888888889
0 0.19444444444444445 0.8027777777777778 0.08958333333333333 0.08541666666666667
0 0.07361111111111111 0.9041666666666667 0.10555555555555556 0.12222222222222222
0 0.4125 0.8173611111111111 0.09583333333333334 0.05347222222222222
0 0.3138888888888889 0.6881944444444444 0.06111111111111111 0.05
0 0.07152777777777777 0.5680555555555555 0.059722222222222225 0.035416666666666666
0 0.9291666666666667 0.83125 0.1388888888888889 0.3347222222222222
0 0.6791666666666667 0.7743055555555556 0.41944444444444445 0.4486111111111111
0 0.8861111111111111 0.6083333333333333 0.225 0.11666666666666667
0 0.49236111111111114 0.5916666666666667 0.04583333333333333 0.08333333333333333
0 0.8006944444444445 0.6618055555555555 0.20416666666666666 0.22361111111111112