0 0.14583333333333334 0.22152777777777777 0.2916666666666667 0.3375
0 0.1451388888888889 0.3902777777777778 0.2902777777777778 0.2361111111111111
0 0.3298611111111111 0.10902777777777778 0.3958333333333333 0.21805555555555556
0 0.3798611111111111 0.27291666666666664 0.29583333333333334 0.4708333333333333
0 0.7208333333333333 0.38472222222222224 0.38333333333333336 0.24722222222222223
0 0.9583333333333334 0.0798611111111111 0.08055555555555556 0.1597222222222222
0 0.7645833333333333 0.21041666666666667 0.46805555555555556 0.42083333333333334
0 0.63125 0.22708333333333333 0.20416666666666666 0.29305555555555557
0 0.24027777777777778 0.9604166666666667 0.07291666666666667 0.07152777777777777
0 0.13402777777777777 0.9486111111111111 0.13472222222222222 0.1
0 0.2791666666666667 0.9222222222222223 0.10416666666666667 0.10694444444444444
0 0.22430555555555556 0.9895833333333334 0.12638888888888888 0.018055555555555554
0 0.24791666666666667 0.8708333333333333 0.09097222222222222 0.10833333333333334
0 0.09166666666666666 0.8395833333333333 0.18333333333333332 0.12638888888888888
0 0.0625 0.76875 0.125 0.10972222222222222
0 0.010416666666666666 0.7361111111111112 0.020833333333333332 0.075
0 0.029166666666666667 0.6069444444444444 0.058333333333333334 0.11666666666666667
0 0.14930555555555555 0.6763888888888889 0.05625 0.0625
0 0.075 0.5333333333333333 0.06944444444444445 0.04722222222222222
0 0.3451388888888889 0.8055555555555556 0.10833333333333334 0.12430555555555556
0 0.45555555555555555 0.9652777777777778 0.05138888888888889 0.0625
0 0.5027777777777778 0.9256944444444445 0.05 0.14583333333333334
0 0.20902777777777778 0.5451388888888888 0.08194444444444444 0.07083333333333333
0 0.2659722222222222 0.5388888888888889 0.034722222222222224 0.05347222222222222
0 0.2972222222222222 0.525 0.044444444444444446 0.030555555555555555
0 0.4423611111111111 0.5201388888888889 0.04861111111111111 0.020833333333333332
0 0.4888888888888889 0.5777777777777777 0.06597222222222222 0.06805555555555555
0 0.4152777777777778 0.7076388888888889 0.08263888888888889 0.1451388888888889
0 0.5159722222222223 0.8381944444444445 0.02361111111111111 0.10416666666666667
0 0.27291666666666664 0.6923611111111111 0.22430555555555556 0.17569444444444443
0 0.14097222222222222 0.74375 0.04791666666666667 0.06736111111111111
0 0.28194444444444444 0.7895833333333333 0.05763888888888889 0.0375
0 0.22916666666666666 0.7944444444444444 0.09236111111111112 0.06666666666666667
0 0.44930555555555557 0.8881944444444444 0.04513888888888889 0.030555555555555555
0 0.12638888888888888 0.5534722222222223 0.08541666666666667 0.07777777777777778
0 0.9513888888888888 0.7465277777777778 0.08541666666666667 0.08472222222222223
0 0.6861111111111111 0.85625 0.16527777777777777 0.14583333333333334
0 0.5979166666666667 0.7243055555555555 0.03819444444444445 0.07083333333333333
0 0.7097222222222223 0.5993055555555555 0.13055555555555556 0.09444444444444444
0 0.7611111111111111 0.6868055555555556 0.09375 0.0625
0 0.5854166666666667 0.8902777777777777 0.03263888888888889 0.04583333333333333
0 0.6 0.85625 0.035416666666666666 0.04583333333333333
0 0.9770833333333333 0.8222222222222222 0.043055555555555555 0.05277777777777778
0 0.6763888888888889 0.9319444444444445 0.10833333333333334 0.13333333333333333
0 0.5805555555555556 0.9715277777777778 0.10277777777777777 0.05416666666666667
0 0.9270833333333334 0.5368055555555555 0.11805555555555555 0.05416666666666667
0 0.9486111111111111 0.6597222222222222 0.05555555555555555 0.10416666666666667
0 0.7819444444444444 0.9347222222222222 0.1076388888888889 0.12083333333333333
0 0.8520833333333333 0.5243055555555556 0.05694444444444444 0.029166666666666667
0 0.5493055555555556 0.7527777777777778 0.04027777777777778 0.14444444444444443
0 0.7111111111111111 0.6631944444444444 0.07777777777777778 0.07152777777777777
0 0.83125 0.9666666666666667 0.15694444444444444 0.06388888888888888
0 0.7618055555555555 0.8361111111111111 0.11736111111111111 0.07222222222222222
0 0.7743055555555556 0.7715277777777778 0.08680555555555555 0.07430555555555556
0 0.8819444444444444 0.8159722222222222 0.06736111111111111 0.03680555555555556
0 0.9305555555555556 0.8298611111111112 0.04027777777777778 0.04097222222222222
0 0.8798611111111111 0.8694444444444445 0.041666666666666664 0.03611111111111111
0 0.73125 0.7256944444444444 0.1076388888888889 0.07152777777777777
0 0.6395833333333333 0.7 0.07222222222222222 0.075
0 0.9909722222222223 0.7618055555555555 0.015277777777777777 0.04861111111111111
0 0.6652777777777777 0.7861111111111111 0.12083333333333333 0.10138888888888889
0 0.5784722222222223 0.64375 0.06944444444444445 0.05
0 0.5847222222222223 0.8159722222222222 0.06805555555555555 0.10486111111111111