0 0.3 0.29444444444444445 0.33611111111111114 0.36666666666666664
0 0.3659722222222222 0.07569444444444444 0.20416666666666666 0.15138888888888888
0 0.12013888888888889 0.005555555555555556 0.10972222222222222 0.011111111111111112
0 0.15347222222222223 0.34930555555555554 0.30694444444444446 0.2569444444444444
0 0.7340277777777777 0.2798611111111111 0.5291666666666667 0.3958333333333333
0 0.7340277777777777 0.2375 0.5291666666666667 0.475
0 0.03888888888888889 0.7993055555555556 0.07777777777777778 0.19583333333333333
0 0.014583333333333334 0.9486111111111111 0.029166666666666667 0.1
0 0.09513888888888888 0.9368055555555556 0.13402777777777777 0.08541666666666667
0 0.41875 0.8465277777777778 0.08055555555555556 0.06805555555555555
0 0.46111111111111114 0.8881944444444444 0.013888888888888888 0.0875
0 0.3680555555555556 0.8930555555555556 0.06180555555555556 0.06875
0 0.41597222222222224 0.91875 0.08194444444444444 0.07569444444444444
0 0.3125 0.9583333333333334 0.07222222222222222 0.08055555555555556
0 0.2111111111111111 0.8729166666666667 0.14791666666666667 0.09375
0 0.1597222222222222 0.9756944444444444 0.19166666666666668 0.04583333333333333
0 0.5458333333333333 0.9069444444444444 0.1527777777777778 0.18333333333333332
0 0.5729166666666666 0.6798611111111111 0.12916666666666668 0.12708333333333333
0 0.5083333333333333 0.6673611111111111 0.07777777777777778 0.06527777777777778
0 0.65625 0.6159722222222223 0.05347222222222222 0.058333333333333334
0 0.9479166666666666 0.6263888888888889 0.10138888888888889 0.2222222222222222
0 0.7729166666666667 0.8354166666666667 0.09652777777777778 0.1076388888888889
0 0.6076388888888888 0.7708333333333334 0.20416666666666666 0.11805555555555555
0 0.9381944444444444 0.8770833333333333 0.04583333333333333 0.05486111111111111
0 0.9354166666666667 0.8083333333333333 0.043055555555555555 0.03333333333333333
0 0.9868055555555556 0.7638888888888888 0.02361111111111111 0.08333333333333333
0 0.7659722222222223 0.6326388888888889 0.20277777777777778 0.16805555555555557
0 0.6333333333333333 0.5069444444444444 0.08888888888888889 0.05555555555555555
0 0.9666666666666667 0.5201388888888889 0.06388888888888888 0.06527777777777778
0 0.5923611111111111 0.4930555555555556 0.059722222222222225 0.027777777777777776
0 0.7180555555555556 0.4965277777777778 0.07222222222222222 0.034722222222222224
0 0.5354166666666667 0.5472222222222223 0.07361111111111111 0.11458333333333333
0 0.4840277777777778 0.7486111111111111 0.029166666666666667 0.06666666666666667
0 0.7284722222222222 0.7145833333333333 0.07222222222222222 0.05
0 0.78125 0.7138888888888889 0.04722222222222222 0.034722222222222224
0 0.8416666666666667 0.7229166666666667 0.09861111111111111 0.10277777777777777
0 0.9013888888888889 0.6284722222222222 0.07916666666666666 0.1638888888888889
0 0.9791666666666666 0.8513888888888889 0.03888888888888889 0.16111111111111112
0 0.7381944444444445 0.875 0.06527777777777778 0.06388888888888888
0 0.6416666666666667 0.8722222222222222 0.12916666666666668 0.10625
0 0.725 0.9305555555555556 0.11527777777777778 0.07847222222222222