0 0.075 0.5215277777777778 0.06319444444444444 0.06527777777777778
0 0.059027777777777776 0.5868055555555556 0.05486111111111111 0.06875
0 0.07222222222222222 0.6583333333333333 0.14444444444444443 0.058333333333333334
0 0.34791666666666665 0.5291666666666667 0.020833333333333332 0.275
0 0.31805555555555554 0.47152777777777777 0.08055555555555556 0.08194444444444444
0 0.3326388888888889 0.5569444444444445 0.05138888888888889 0.16666666666666666
0 0.025694444444444443 0.6194444444444445 0.05138888888888889 0.11388888888888889
0 0.20208333333333334 0.5368055555555555 0.22430555555555556 0.18541666666666667
0 0.28055555555555556 0.6402777777777777 0.11666666666666667 0.09444444444444444
0 0.15347222222222223 0.6368055555555555 0.08958333333333333 0.06111111111111111
0 0.05 0.39375 0.09791666666666667 0.07569444444444444
0 0.014583333333333334 0.3590277777777778 0.029166666666666667 0.0875
0 0.04861111111111111 0.3138888888888889 0.07291666666666667 0.07916666666666666
0 0.13472222222222222 0.36944444444444446 0.08888888888888889 0.10486111111111111
0 0.1909722222222222 0.3798611111111111 0.03611111111111111 0.05694444444444444
0 0.22083333333333333 0.35138888888888886 0.03819444444444445 0.06666666666666667
0 0.30972222222222223 0.2881944444444444 0.05277777777777778 0.049305555555555554
0 0.26319444444444445 0.23125 0.075 0.05625
0 0.25833333333333336 0.3055555555555556 0.11597222222222223 0.12430555555555556
0 0.1951388888888889 0.2388888888888889 0.050694444444444445 0.06527777777777778
0 0.011805555555555555 0.28541666666666665 0.02361111111111111 0.0625
0 0.5263888888888889 0.22361111111111112 0.04861111111111111 0.07569444444444444
0 0.6236111111111111 0.26319444444444445 0.14027777777777778 0.12430555555555556
0 0.8506944444444444 0.5944444444444444 0.12361111111111112 0.09930555555555555
0 0.7958333333333333 0.5756944444444444 0.05763888888888889 0.07847222222222222
0 0.7909722222222222 0.5375 0.06666666666666667 0.04791666666666667
0 0.8375 0.4895833333333333 0.06111111111111111 0.11666666666666667
0 0.8659722222222223 0.46319444444444446 0.03125 0.0375
0 0.9819444444444444 0.5479166666666667 0.03333333333333333 0.10972222222222222
0 0.9909722222222223 0.475 0.015277777777777777 0.08055555555555556
0 0.56875 0.39166666666666666 0.04097222222222222 0.027083333333333334
0 0.7548611111111111 0.42083333333333334 0.13541666666666666 0.18888888888888888
0 0.46597222222222223 0.3888888888888889 0.17083333333333334 0.175
0 0.46319444444444446 0.19930555555555557 0.08402777777777778 0.10555555555555556
0 0.49444444444444446 0.1638888888888889 0.05555555555555555 0.0625
0 0.7534722222222222 0.3159722222222222 0.030555555555555555 0.03333333333333333
0 0.6972222222222222 0.25277777777777777 0.06875 0.08611111111111111
0 0.6694444444444444 0.33541666666666664 0.15138888888888888 0.09583333333333334
0 0.5513888888888889 0.20208333333333334 0.03263888888888889 0.029166666666666667
0 0.9222222222222223 0.5270833333333333 0.12083333333333333 0.125
0 0.6722222222222223 0.1986111111111111 0.03263888888888889 0.02361111111111111
0 0.9611111111111111 0.42291666666666666 0.075 0.0625
0 0.4722222222222222 0.625 0.12777777777777777 0.125
0 0.9881944444444445 0.21041666666666667 0.020833333333333332 0.12083333333333333
0 0.8930555555555556 0.025 0.05277777777777778 0.02847222222222222
0 0.8493055555555555 0.39444444444444443 0.07777777777777778 0.08958333333333333
0 0.7430555555555556 0.27708333333333335 0.05486111111111111 0.06180555555555556
0 0.65 0.17708333333333334 0.02638888888888889 0.04513888888888889
0 0.9048611111111111 0.25625 0.03263888888888889 0.05416666666666667
0 0.9819444444444444 0.25277777777777777 0.03333333333333333 0.07222222222222222
0 0.9930555555555556 0.12708333333333333 0.011111111111111112 0.07361111111111111
0 0.9604166666666667 0.13819444444444445 0.06805555555555555 0.07361111111111111
0 0.8701388888888889 0.08333333333333333 0.05694444444444444 0.11180555555555556
0 0.9611111111111111 0.3472222222222222 0.06319444444444444 0.05138888888888889
0 0.9652777777777778 0.30694444444444446 0.06666666666666667 0.08055555555555556
0 0.41388888888888886 0.16180555555555556 0.10833333333333334 0.2875
0 0.5888888888888889 0.022916666666666665 0.075 0.04583333333333333
0 0.7375 0.16597222222222222 0.16805555555555557 0.20277777777777778
0 0.8381944444444445 0.24722222222222223 0.12361111111111112 0.12222222222222222
0 0.7854166666666667 0.5673611111111111 0.08333333333333333 0.10694444444444444
0 0.9916666666666667 0.38263888888888886 0.013888888888888888 0.07083333333333333
0 0.5034722222222222 0.2722222222222222 0.06319444444444444 0.04583333333333333
0 0.5645833333333333 0.34305555555555556 0.06597222222222222 0.07152777777777777
0 0.8701388888888889 0.1701388888888889 0.07777777777777778 0.07152777777777777
0 0.3972222222222222 0.5819444444444445 0.075 0.16944444444444445
0 0.6027777777777777 0.16319444444444445 0.13194444444444445 0.13680555555555557
0 0.5354166666666667 0.06180555555555556 0.04236111111111111 0.05
0 0.6166666666666667 0.5395833333333333 0.33055555555555555 0.29583333333333334
0 0.5555555555555556 0.29583333333333334 0.11527777777777778 0.10347222222222222
0 0.8145833333333333 0.32708333333333334 0.10208333333333333 0.09722222222222222
0 0.4444444444444444 0.29305555555555557 0.14027777777777778 0.08680555555555555
0 0.6784722222222223 0.4423611111111111 0.11944444444444445 0.1388888888888889
0 0.9506944444444444 0.19722222222222222 0.06875 0.05694444444444444
0 0.6756944444444445 0.06111111111111111 0.06805555555555555 0.04027777777777778
0 0.17916666666666667 0.84375 0.35833333333333334 0.30972222222222223
0 0.46041666666666664 0.8729166666666667 0.1875 0.2513888888888889
0 0.7180555555555556 0.8777777777777778 0.2986111111111111 0.19305555555555556
0 0.6673611111111111 0.7569444444444444 0.25416666666666665 0.1361111111111111
0 0.8541666666666666 0.8826388888888889 0.28888888888888886 0.23194444444444445