0 0.06944444444444445 0.5020833333333333 0.1388888888888889 0.20972222222222223
0 0.3541666666666667 0.4131944444444444 0.28888888888888886 0.5486111111111112
0 0.16458333333333333 0.1 0.24861111111111112 0.2
0 0.11944444444444445 0.5916666666666667 0.18541666666666667 0.1798611111111111
0 0.02847222222222222 0.2520833333333333 0.05694444444444444 0.26805555555555555
0 0.21944444444444444 0.24583333333333332 0.2923611111111111 0.18888888888888888
0 0.8347222222222223 0.4111111111111111 0.3277777777777778 0.5527777777777778
0 0.8027777777777778 0.15208333333333332 0.39166666666666666 0.30416666666666664
0 0.6166666666666667 0.5263888888888889 0.23333333333333334 0.32222222222222224
0 0.6194444444444445 0.3125 0.2388888888888889 0.3333333333333333
0 0.24930555555555556 0.84375 0.4986111111111111 0.30972222222222223
0 0.8979166666666667 0.9597222222222223 0.06805555555555555 0.07777777777777778
0 0.7881944444444444 0.9472222222222222 0.16527777777777777 0.10277777777777777
0 0.5076388888888889 0.9458333333333333 0.015277777777777777 0.06388888888888888