0 0.21875 0.3680555555555556 0.4375 0.18055555555555555
0 0.21875 0.22916666666666666 0.4375 0.4583333333333333
0 0.7125 0.4270833333333333 0.07222222222222222 0.0625
0 0.7861111111111111 0.39444444444444443 0.10555555555555556 0.08402777777777778
0 0.8138888888888889 0.3 0.08888888888888889 0.08541666666666667
0 0.6423611111111112 0.2861111111111111 0.05763888888888889 0.06319444444444444
0 0.4708333333333333 0.4 0.06388888888888888 0.05277777777777778
0 0.46111111111111114 0.22569444444444445 0.025694444444444443 0.03819444444444445
0 0.7972222222222223 0.44722222222222224 0.06944444444444445 0.022222222222222223
0 0.8666666666666667 0.39444444444444443 0.06875 0.06527777777777778
0 0.8993055555555556 0.17847222222222223 0.030555555555555555 0.04236111111111111
0 0.8076388888888889 0.15833333333333333 0.05694444444444444 0.03958333333333333
0 0.7486111111111111 0.2604166666666667 0.052083333333333336 0.05347222222222222
0 0.54375 0.2 0.03680555555555556 0.02638888888888889
0 0.625 0.22847222222222222 0.034722222222222224 0.059722222222222225
0 0.5368055555555555 0.2701388888888889 0.027083333333333334 0.0375
0 0.6 0.2652777777777778 0.04513888888888889 0.059027777777777776
0 0.4791666666666667 0.3090277777777778 0.03888888888888889 0.03263888888888889
0 0.6472222222222223 0.3194444444444444 0.035416666666666666 0.03125
0 0.6340277777777777 0.36041666666666666 0.06111111111111111 0.05763888888888889
0 0.5215277777777778 0.3972222222222222 0.03680555555555556 0.029861111111111113
0 0.65625 0.44375 0.02638888888888889 0.029166666666666667
0 0.8270833333333333 0.4395833333333333 0.0375 0.0375
0 0.8736111111111111 0.42986111111111114 0.06666666666666667 0.05416666666666667
0 0.9159722222222222 0.4048611111111111 0.041666666666666664 0.06527777777777778
0 0.9569444444444445 0.43333333333333335 0.05763888888888889 0.04027777777777778
0 0.6944444444444444 0.40347222222222223 0.06597222222222222 0.10972222222222222
0 0.8631944444444445 0.4513888888888889 0.07083333333333333 0.013888888888888888
0 0.6965277777777777 0.20555555555555555 0.07847222222222222 0.058333333333333334
0 0.5159722222222223 0.44027777777777777 0.06527777777777778 0.03611111111111111
0 0.9826388888888888 0.22430555555555556 0.027777777777777776 0.03125
0 0.9916666666666667 0.4409722222222222 0.013888888888888888 0.034722222222222224
0 0.9902777777777778 0.40208333333333335 0.016666666666666666 0.05416666666666667
0 0.2833333333333333 0.7597222222222222 0.30833333333333335 0.4777777777777778
0 0.0375 0.8326388888888889 0.075 0.22361111111111112
0 0.07013888888888889 0.8895833333333333 0.14027777777777778 0.18194444444444444
0 0.30972222222222223 0.9465277777777777 0.25555555555555554 0.10416666666666667
0 0.2791666666666667 0.6180555555555556 0.31666666666666665 0.31666666666666665
0 0.06666666666666667 0.6145833333333334 0.13333333333333333 0.30972222222222223
0 0.6618055555555555 0.7909722222222222 0.44583333333333336 0.4152777777777778
0 0.6326388888888889 0.49166666666666664 0.24861111111111112 0.06388888888888888
0 0.47708333333333336 0.5166666666666667 0.0763888888888889 0.11388888888888889
0 0.8652777777777778 0.6104166666666667 0.26666666666666666 0.3013888888888889
0 0.4826388888888889 0.5458333333333333 0.0875 0.10833333333333334
0 0.6361111111111111 0.5493055555555556 0.1111111111111111 0.17916666666666667
0 0.5486111111111112 0.5513888888888889 0.06666666666666667 0.05763888888888889
0 0.4638888888888889 0.6256944444444444 0.05 0.10972222222222222
0 0.775 0.6430555555555556 0.14791666666666667 0.3229166666666667
0 0.9520833333333333 0.7368055555555556 0.09305555555555556 0.2375