0 0.09722222222222222 0.30694444444444446 0.19444444444444445 0.22777777777777777
0 0.6152777777777778 0.4951388888888889 0.10555555555555556 0.06527777777777778
0 0.13402777777777777 0.1388888888888889 0.26805555555555555 0.225
0 0.10902777777777778 0.49027777777777776 0.11527777777777778 0.075
0 0.05138888888888889 0.48055555555555557 0.07152777777777777 0.04236111111111111
0 0.041666666666666664 0.08680555555555555 0.08333333333333333 0.1736111111111111
0 0.4048611111111111 0.4875 0.18472222222222223 0.08055555555555556
0 0.24166666666666667 0.0125 0.10555555555555556 0.025
0 0.4305555555555556 0.21597222222222223 0.475 0.43194444444444446
0 0.02847222222222222 0.5090277777777777 0.05694444444444444 0.0375
0 0.6763888888888889 0.49166666666666664 0.013888888888888888 0.07222222222222222
0 0.9756944444444444 0.49375 0.04583333333333333 0.0625
0 0.9819444444444444 0.23125 0.03333333333333333 0.0763888888888889
0 0.9784722222222222 0.16319444444444445 0.04027777777777778 0.07083333333333333
0 0.9402777777777778 0.13541666666666666 0.06041666666666667 0.05
0 0.8736111111111111 0.45416666666666666 0.08402777777777778 0.08263888888888889
0 0.9 0.5048611111111111 0.10555555555555556 0.04583333333333333
0 0.95625 0.5194444444444445 0.07083333333333333 0.016666666666666666
0 0.7604166666666666 0.46111111111111114 0.05486111111111111 0.05625
0 0.6923611111111111 0.32222222222222224 0.04583333333333333 0.13333333333333333
0 0.8875 0.36319444444444443 0.1763888888888889 0.17222222222222222
0 0.8138888888888889 0.49722222222222223 0.08333333333333333 0.06111111111111111
0 0.8979166666666667 0.16666666666666666 0.05416666666666667 0.06458333333333334
0 0.9201388888888888 0.39652777777777776 0.13541666666666666 0.13333333333333333
0 0.7555555555555555 0.5076388888888889 0.07777777777777778 0.04027777777777778
0 0.9479166666666666 0.07777777777777778 0.07152777777777777 0.06041666666666667
0 0.8965277777777778 0.0625 0.034027777777777775 0.07152777777777777
0 0.7763888888888889 0.40208333333333335 0.06597222222222222 0.06111111111111111
0 0.6902777777777778 0.03194444444444444 0.041666666666666664 0.06388888888888888
0 0.6791666666666667 0.13333333333333333 0.019444444444444445 0.05
0 0.7472222222222222 0.2791666666666667 0.06597222222222222 0.09513888888888888
0 0.7083333333333334 0.30486111111111114 0.04097222222222222 0.035416666666666666
0 0.8076388888888889 0.3215277777777778 0.04027777777777778 0.02638888888888889
0 0.9868055555555556 0.12361111111111112 0.02361111111111111 0.044444444444444446
0 0.9527777777777777 0.20069444444444445 0.058333333333333334 0.07083333333333333
0 0.9847222222222223 0.38263888888888886 0.027777777777777776 0.07916666666666666
0 0.9395833333333333 0.29444444444444445 0.11666666666666667 0.09097222222222222
0 0.6951388888888889 0.4305555555555556 0.05138888888888889 0.13333333333333333
0 0.5611111111111111 0.8451388888888889 0.21388888888888888 0.30694444444444446
0 0.2326388888888889 0.8298611111111112 0.4652777777777778 0.3375
0 0.1986111111111111 0.6215277777777778 0.3972222222222222 0.18472222222222223
0 0.5256944444444445 0.6479166666666667 0.2847222222222222 0.2375
0 0.8708333333333333 0.7638888888888888 0.25555555555555554 0.46944444444444444
0 0.7458333333333333 0.6604166666666667 0.1527777777777778 0.2625
0 0.7090277777777778 0.8770833333333333 0.07916666666666666 0.20694444444444443