0 0.4 0.41180555555555554 0.03611111111111111 0.04027777777777778
0 0.06319444444444444 0.4166666666666667 0.02638888888888889 0.03680555555555556
0 0.044444444444444446 0.3888888888888889 0.02847222222222222 0.050694444444444445
0 0.1701388888888889 0.30694444444444446 0.1 0.05
0 0.38055555555555554 0.45625 0.075 0.043055555555555555
0 0.14305555555555555 0.46111111111111114 0.12777777777777777 0.03333333333333333
0 0.4013888888888889 0.15486111111111112 0.03333333333333333 0.043055555555555555
0 0.30694444444444446 0.4666666666666667 0.05 0.022222222222222223
0 0.1909722222222222 0.42986111111111114 0.05416666666666667 0.05277777777777778
0 0.024305555555555556 0.45625 0.04861111111111111 0.043055555555555555
0 0.03125 0.14791666666666667 0.04375 0.04652777777777778
0 0.019444444444444445 0.1875 0.03888888888888889 0.05277777777777778
0 0.3902777777777778 0.33541666666666664 0.05555555555555555 0.09583333333333334
0 0.27847222222222223 0.3638888888888889 0.06875 0.08194444444444444
0 0.22708333333333333 0.4625 0.04861111111111111 0.030555555555555555
0 0.08263888888888889 0.46944444444444444 0.0763888888888889 0.016666666666666666
0 0.3076388888888889 0.31875 0.11388888888888889 0.07777777777777778
0 0.34375 0.24444444444444444 0.06875 0.07361111111111111
0 0.21388888888888888 0.2986111111111111 0.04791666666666667 0.04236111111111111
0 0.022222222222222223 0.24097222222222223 0.03194444444444444 0.05625
0 0.15208333333333332 0.41041666666666665 0.0763888888888889 0.10833333333333334
0 0.30625 0.11805555555555555 0.07361111111111111 0.04791666666666667
0 0.35 0.15486111111111112 0.06527777777777778 0.04722222222222222
0 0.38958333333333334 0.2520833333333333 0.05694444444444444 0.06805555555555555
0 0.22152777777777777 0.15555555555555556 0.04722222222222222 0.07569444444444444
0 0.17569444444444443 0.2 0.03611111111111111 0.04027777777777778
0 0.23472222222222222 0.24305555555555555 0.06319444444444444 0.049305555555555554
0 0.29375 0.21597222222222223 0.03263888888888889 0.05555555555555555
0 0.02847222222222222 0.3326388888888889 0.05694444444444444 0.04861111111111111
0 0.11041666666666666 0.3173611111111111 0.044444444444444446 0.03611111111111111
0 0.0798611111111111 0.12777777777777777 0.06041666666666667 0.04861111111111111
0 0.35694444444444445 0.00625 0.030555555555555555 0.0125
0 0.3416666666666667 0.08680555555555555 0.06458333333333334 0.049305555555555554
0 0.12083333333333333 0.050694444444444445 0.07430555555555556 0.06458333333333334
0 0.9166666666666666 0.21597222222222223 0.1638888888888889 0.43194444444444446
0 0.7145833333333333 0.20972222222222223 0.3715277777777778 0.4152777777777778
0 0.4652777777777778 0.225 0.09166666666666666 0.4222222222222222
0 0.8847222222222222 0.41041666666666665 0.22777777777777777 0.13472222222222222
0 0.7909722222222222 0.07222222222222222 0.23472222222222222 0.14444444444444443
0 0.1763888888888889 0.9173611111111111 0.2111111111111111 0.14652777777777778
0 0.2 0.975 0.14166666666666666 0.04722222222222222
0 0.16319444444444445 0.7222222222222222 0.034027777777777775 0.03611111111111111
0 0.05555555555555555 0.5194444444444445 0.04583333333333333 0.04027777777777778
0 0.07083333333333333 0.8381944444444445 0.05277777777777778 0.08541666666666667
0 0.4083333333333333 0.6506944444444445 0.019444444444444445 0.07361111111111111
0 0.3159722222222222 0.5958333333333333 0.07291666666666667 0.09375
0 0.22152777777777777 0.5861111111111111 0.05763888888888889 0.07361111111111111
0 0.03263888888888889 0.49375 0.06527777777777778 0.029166666666666667
0 0.02847222222222222 0.775 0.05 0.03958333333333333
0 0.04513888888888889 0.7076388888888889 0.06944444444444445 0.050694444444444445
0 0.027777777777777776 0.9111111111111111 0.05555555555555555 0.11944444444444445
0 0.3611111111111111 0.7916666666666666 0.08263888888888889 0.08055555555555556
0 0.22847222222222222 0.7104166666666667 0.09236111111111112 0.10694444444444444
0 0.38472222222222224 0.9375 0.06666666666666667 0.12222222222222222
0 0.35138888888888886 0.9736111111111111 0.1 0.05
0 0.24513888888888888 0.48819444444444443 0.10138888888888889 0.018055555555555554
0 0.15555555555555556 0.6583333333333333 0.0875 0.09722222222222222
0 0.39861111111111114 0.73125 0.03888888888888889 0.09305555555555556
0 0.1 0.5305555555555556 0.04027777777777778 0.07013888888888889
0 0.1951388888888889 0.5138888888888888 0.07708333333333334 0.06736111111111111
0 0.33958333333333335 0.53125 0.052083333333333336 0.03333333333333333
0 0.39375 0.5618055555555556 0.04861111111111111 0.07361111111111111
0 0.21597222222222223 0.7791666666666667 0.05 0.06805555555555555
0 0.2875 0.7722222222222223 0.0798611111111111 0.0625
0 0.015277777777777777 0.5138888888888888 0.030555555555555555 0.041666666666666664
0 0.12222222222222222 0.6944444444444444 0.06944444444444445 0.052083333333333336
0 0.5215277777777778 0.89375 0.20416666666666666 0.20972222222222223
0 0.6270833333333333 0.7673611111111112 0.2125 0.20972222222222223
0 0.9326388888888889 0.9194444444444444 0.13194444444444445 0.15833333333333333