0 0.7506944444444444 0.12291666666666666 0.05416666666666667 0.09027777777777778
0 0.5590277777777778 0.16111111111111112 0.1625 0.1
0 0.6576388888888889 0.1423611111111111 0.052083333333333336 0.0798611111111111
0 0.7361111111111112 0.06180555555555556 0.08333333333333333 0.12361111111111112
0 0.6715277777777777 0.2326388888888889 0.09375 0.13055555555555556
0 0.6958333333333333 0.29375 0.08611111111111111 0.06805555555555555
0 0.4125 0.20208333333333334 0.08680555555555555 0.16041666666666668
0 0.5284722222222222 0.29097222222222224 0.24305555555555555 0.07361111111111111
0 0.7145833333333333 0.15833333333333333 0.06111111111111111 0.03819444444444445
0 0.6173611111111111 0.011805555555555555 0.05138888888888889 0.02361111111111111
0 0.5847222222222223 0.0375 0.029861111111111113 0.043055555555555555
0 0.5659722222222222 0.022222222222222223 0.05138888888888889 0.044444444444444446
0 0.6854166666666667 0.030555555555555555 0.06527777777777778 0.06111111111111111
0 0.28055555555555556 0.07569444444444444 0.08194444444444444 0.08402777777777778
0 0.20972222222222223 0.16319444444444445 0.07569444444444444 0.07291666666666667
0 0.34444444444444444 0.27361111111111114 0.14166666666666666 0.10833333333333334
0 0.74375 0.19722222222222222 0.05486111111111111 0.06319444444444444
0 0.5958333333333333 0.1125 0.07430555555555556 0.058333333333333334
0 0.6534722222222222 0.08402777777777778 0.05138888888888889 0.05486111111111111
0 0.4361111111111111 0.11736111111111111 0.09722222222222222 0.12083333333333333
0 0.3451388888888889 0.21319444444444444 0.12430555555555556 0.22013888888888888
0 0.3527777777777778 0.25763888888888886 0.0763888888888889 0.13125
0 0.06458333333333334 0.27361111111111114 0.11527777777777778 0.10833333333333334
0 0.1486111111111111 0.30069444444444443 0.07222222222222222 0.05416666666666667
0 0.22361111111111112 0.3076388888888889 0.09166666666666666 0.04027777777777778
0 0.80625 0.2875 0.05416666666666667 0.08055555555555556
0 0.8298611111111112 0.3159722222222222 0.09583333333333334 0.02361111111111111
0 0.84375 0.2659722222222222 0.06805555555555555 0.07708333333333334
0 0.9881944444444445 0.041666666666666664 0.020833333333333332 0.06111111111111111
0 0.9458333333333333 0.06041666666666667 0.06666666666666667 0.12083333333333333
0 0.9104166666666667 0.2013888888888889 0.08263888888888889 0.07291666666666667
0 0.925 0.2743055555555556 0.1111111111111111 0.10694444444444444
0 0.8791666666666667 0.17847222222222223 0.06597222222222222 0.06597222222222222
0 0.8145833333333333 0.19722222222222222 0.07083333333333333 0.11944444444444445
0 0.8125 0.08263888888888889 0.05416666666666667 0.07013888888888889
0 0.6868055555555556 0.86875 0.18194444444444444 0.21805555555555556
0 0.13125 0.8541666666666666 0.1763888888888889 0.28888888888888886
0 0.7486111111111111 0.35625 0.058333333333333334 0.05416666666666667
0 0.55625 0.9118055555555555 0.3236111111111111 0.1736111111111111
0 0.2916666666666667 0.9472222222222222 0.20277777777777778 0.10277777777777777
0 0.30833333333333335 0.39375 0.225 0.12916666666666668
0 0.10208333333333333 0.5368055555555555 0.20416666666666666 0.4152777777777778
0 0.6125 0.5930555555555556 0.33055555555555555 0.5277777777777778
0 0.3736111111111111 0.7083333333333334 0.4041666666666667 0.5416666666666666
0 0.8729166666666667 0.7048611111111112 0.1875 0.4375
0 0.9527777777777777 0.7243055555555555 0.09166666666666666 0.48194444444444445
0 0.925 0.9229166666666667 0.14722222222222223 0.15138888888888888
0 0.9534722222222223 0.40902777777777777 0.09027777777777778 0.1597222222222222
0 0.88125 0.525 0.20416666666666666 0.39166666666666666