0 0.48819444444444443 0.3 0.09861111111111111 0.2361111111111111
0 0.2777777777777778 0.08055555555555556 0.18055555555555555 0.16111111111111112
0 0.76875 0.2638888888888889 0.4597222222222222 0.5277777777777778
0 0.5215277777777778 0.6833333333333333 0.03194444444444444 0.07222222222222222
0 0.42777777777777776 0.5555555555555556 0.21944444444444444 0.05277777777777778
0 0.1951388888888889 0.9493055555555555 0.3902777777777778 0.09861111111111111
0 0.35555555555555557 0.7833333333333333 0.20069444444444445 0.325
0 0.11736111111111111 0.7638888888888888 0.23472222222222222 0.46944444444444444
0 0.13541666666666666 0.5791666666666667 0.19583333333333333 0.1
0 0.21736111111111112 0.7638888888888888 0.16875 0.29791666666666666
0 0.4798611111111111 0.8986111111111111 0.11527777777777778 0.2
0 0.3902777777777778 0.6423611111111112 0.16458333333333333 0.1375
0 0.76875 0.8138888888888889 0.4597222222222222 0.36944444444444446
0 0.80625 0.6166666666666667 0.38472222222222224 0.175