0 0.44930555555555557 0.21805555555555556 0.39861111111111114 0.4361111111111111
0 0.34930555555555554 0.5090277777777777 0.3347222222222222 0.21805555555555556
0 0.07291666666666667 0.10972222222222222 0.14583333333333334 0.21944444444444444
0 0.5701388888888889 0.5361111111111111 0.15694444444444444 0.1638888888888889
0 0.21180555555555555 0.12986111111111112 0.25972222222222224 0.25972222222222224
0 0.043055555555555555 0.2701388888888889 0.08611111111111111 0.2569444444444444
0 0.7013888888888888 0.29375 0.10277777777777777 0.3402777777777778
0 0.8409722222222222 0.4548611111111111 0.31527777777777777 0.3263888888888889
0 0.9027777777777778 0.5618055555555556 0.19166666666666668 0.1125
0 0.8243055555555555 0.15069444444444444 0.3486111111111111 0.3013888888888889
0 0.0625 0.7888888888888889 0.05625 0.05625
0 0.07222222222222222 0.9402777777777778 0.06736111111111111 0.03819444444444445
0 0.27708333333333335 0.7048611111111112 0.06666666666666667 0.08611111111111111
0 0.48194444444444445 0.7701388888888889 0.022916666666666665 0.03125
0 0.49375 0.7284722222222222 0.04375 0.044444444444444446
0 0.6201388888888889 0.7680555555555556 0.05694444444444444 0.09166666666666666
0 0.5118055555555555 0.6597222222222222 0.19305555555555556 0.08055555555555556
0 0.6076388888888888 0.8576388888888888 0.08194444444444444 0.058333333333333334
0 0.26458333333333334 0.7604166666666666 0.03958333333333333 0.04027777777777778
0 0.3388888888888889 0.6604166666666667 0.050694444444444445 0.06041666666666667
0 0.5875 0.7194444444444444 0.06180555555555556 0.05625
0 0.6340277777777777 0.8527777777777777 0.029166666666666667 0.15
0 0.13472222222222222 0.6319444444444444 0.05 0.025
0 0.4340277777777778 0.8048611111111111 0.059027777777777776 0.07847222222222222
0 0.15138888888888888 0.7826388888888889 0.13472222222222222 0.14791666666666667
0 0.13958333333333334 0.6805555555555556 0.08402777777777778 0.08125
0 0.30694444444444446 0.8875 0.06736111111111111 0.07083333333333333
0 0.29791666666666666 0.9208333333333333 0.052083333333333336 0.04375
0 0.06458333333333334 0.6868055555555556 0.07361111111111111 0.08611111111111111
0 0.43333333333333335 0.7027777777777777 0.14166666666666666 0.16666666666666666
0 0.48055555555555557 0.9458333333333333 0.11944444444444445 0.10555555555555556
0 0.5645833333333333 0.9840277777777777 0.09583333333333334 0.029166666666666667
0 0.6090277777777777 0.9381944444444444 0.07916666666666666 0.12083333333333333
0 0.32013888888888886 0.8395833333333333 0.04861111111111111 0.06319444444444444
0 0.5333333333333333 0.8298611111111112 0.06805555555555555 0.11527777777777778
0 0.4618055555555556 0.7881944444444444 0.022916666666666665 0.03888888888888889
0 0.50625 0.8465277777777778 0.10833333333333334 0.13333333333333333
0 0.5604166666666667 0.7631944444444444 0.08888888888888889 0.15902777777777777
0 0.06111111111111111 0.6861111111111111 0.07152777777777777 0.09027777777777778
0 0.016666666666666666 0.7263888888888889 0.03333333333333333 0.11944444444444445
0 0.05138888888888889 0.8611111111111112 0.10277777777777777 0.14444444444444443
0 0.5520833333333334 0.9291666666666667 0.07847222222222222 0.0875
0 0.33958333333333335 0.8111111111111111 0.07430555555555556 0.06527777777777778
0 0.3875 0.9111111111111111 0.06805555555555555 0.13680555555555557
0 0.050694444444444445 0.8590277777777777 0.10138888888888889 0.14305555555555555
0 0.8319444444444445 0.9368055555555556 0.0625 0.08402777777777778
0 0.8951388888888889 0.9180555555555555 0.07083333333333333 0.06944444444444445
0 0.8756944444444444 0.9708333333333333 0.059722222222222225 0.05555555555555555
0 0.9777777777777777 0.9659722222222222 0.041666666666666664 0.04861111111111111
0 0.6548611111111111 0.9729166666666667 0.009722222222222222 0.05138888888888889
0 0.6868055555555556 0.9395833333333333 0.07361111111111111 0.11805555555555555
0 0.7180555555555556 0.925 0.04861111111111111 0.04652777777777778
0 0.6833333333333333 0.8708333333333333 0.06666666666666667 0.058333333333333334