0 0.5381944444444444 0.48333333333333334 0.14027777777777778 0.2722222222222222
0 0.05277777777777778 0.04861111111111111 0.10277777777777777 0.09722222222222222
0 0.5798611111111112 0.1388888888888889 0.05694444444444444 0.15833333333333333
0 0.049305555555555554 0.15 0.06805555555555555 0.1361111111111111
0 0.5597222222222222 0.2972222222222222 0.09722222222222222 0.13333333333333333
0 0.24513888888888888 0.31319444444444444 0.49027777777777776 0.6263888888888889
0 0.7145833333333333 0.6541666666666667 0.10416666666666667 0.04722222222222222
0 0.7944444444444444 0.5618055555555556 0.1875 0.13541666666666666
0 0.9611111111111111 0.48333333333333334 0.075 0.06388888888888888
0 0.8972222222222223 0.4847222222222222 0.07152777777777777 0.03888888888888889
0 0.9173611111111111 0.18125 0.0625 0.059027777777777776
0 0.90625 0.12916666666666668 0.06319444444444444 0.07152777777777777
0 0.8041666666666667 0.06458333333333334 0.09861111111111111 0.08472222222222223
0 0.9673611111111111 0.24444444444444444 0.0375 0.0798611111111111
0 0.8888888888888888 0.21319444444444444 0.05555555555555555 0.06111111111111111
0 0.8458333333333333 0.1736111111111111 0.050694444444444445 0.05486111111111111
0 0.9118055555555555 0.39375 0.04861111111111111 0.05694444444444444
0 0.9895833333333334 0.26666666666666666 0.018055555555555554 0.12777777777777777
0 0.7729166666666667 0.2916666666666667 0.049305555555555554 0.044444444444444446
0 0.8430555555555556 0.37916666666666665 0.0625 0.07847222222222222
0 0.7902777777777777 0.3590277777777778 0.04236111111111111 0.059027777777777776
0 0.7493055555555556 0.3902777777777778 0.10486111111111111 0.09861111111111111
0 0.7097222222222223 0.4638888888888889 0.07222222222222222 0.0798611111111111
0 0.78125 0.4840277777777778 0.07013888888888889 0.06875
0 0.8819444444444444 0.5395833333333333 0.11736111111111111 0.10347222222222222
0 0.9791666666666666 0.175 0.03888888888888889 0.16944444444444445
0 0.8805555555555555 0.05486111111111111 0.17222222222222222 0.10972222222222222
0 0.2861111111111111 0.8354166666666667 0.4861111111111111 0.3125
0 0.8041666666666667 0.88125 0.3888888888888889 0.23472222222222222
0 0.8215277777777777 0.7375 0.35138888888888886 0.11666666666666667