0 0.39375 0.3861111111111111 0.05486111111111111 0.04583333333333333
0 0.23333333333333334 0.4736111111111111 0.059722222222222225 0.06805555555555555
0 0.21944444444444444 0.5402777777777777 0.06944444444444445 0.08333333333333333
0 0.027083333333333334 0.21180555555555555 0.04791666666666667 0.05416666666666667
0 0.3076388888888889 0.5208333333333334 0.15694444444444444 0.13333333333333333
0 0.12222222222222222 0.5659722222222222 0.09444444444444444 0.043055555555555555
0 0.09722222222222222 0.47638888888888886 0.09652777777777778 0.09930555555555555
0 0.2 0.3875 0.1 0.1284722222222222
0 0.3020833333333333 0.4111111111111111 0.0798611111111111 0.06736111111111111
0 0.4125 0.31527777777777777 0.09583333333333334 0.1111111111111111
0 0.3326388888888889 0.3215277777777778 0.07569444444444444 0.09583333333333334
0 0.23472222222222222 0.325 0.06736111111111111 0.06319444444444444
0 0.03125 0.55625 0.0625 0.0625
0 0.06527777777777778 0.41388888888888886 0.08472222222222223 0.07013888888888889
0 0.43194444444444446 0.47430555555555554 0.07222222222222222 0.1125
0 0.3784722222222222 0.25069444444444444 0.17916666666666667 0.1486111111111111
0 0.6729166666666667 0.11944444444444445 0.40694444444444444 0.2388888888888889
0 0.6305555555555555 0.4840277777777778 0.32222222222222224 0.20694444444444443
0 0.5645833333333333 0.2701388888888889 0.19027777777777777 0.28194444444444444
0 0.7916666666666666 0.22291666666666668 0.22916666666666666 0.2791666666666667
0 0.8548611111111111 0.29375 0.2875 0.5875
0 0.3458333333333333 0.6965277777777777 0.24444444444444444 0.2152777777777778
0 0.14097222222222222 0.7013888888888888 0.21805555555555556 0.225
0 0.022222222222222223 0.6680555555555555 0.044444444444444446 0.15833333333333333
0 0.019444444444444445 0.8416666666666667 0.03888888888888889 0.16944444444444445
0 0.34097222222222223 0.8402777777777778 0.25416666666666665 0.31666666666666665
0 0.10347222222222222 0.8909722222222223 0.2013888888888889 0.2152777777777778
0 0.8576388888888888 0.7833333333333333 0.28194444444444444 0.3888888888888889
0 0.6270833333333333 0.775 0.31527777777777777 0.37222222222222223
0 0.8215277777777777 0.9409722222222222 0.3458333333333333 0.11527777777777778
0 0.6701388888888888 0.6326388888888889 0.24583333333333332 0.0875